"species","x","y","bio4","bio16","gpw2000_30_sec","simplelc2000"
"species",1,1,1204,451,2382.44482421875,"5"
"species",2,2,924,610,155.333251953125,"1"
"species",3,3,1176,490,12.2851085662842,"2"
"species",4,4,959,546,266.476287841797,"1"
"species",5,5,942,940,77.9810180664062,"1"
"species",6,6,984,547,266.476287841797,"5"
"species",7,7,1030,586,88.2002716064453,"1"
"species",8,8,1061,492,146.464599609375,"3"
"species",9,9,1213,447,7595.47021484375,"5"
"species",10,10,1078,544,4871.93212890625,"5"
"species",11,11,1509,509,7.99457311630249,"2"
"species",12,12,1546,562,30.5128440856934,"2"
"species",13,13,1043,528,192.811157226562,"2"
"species",14,14,1191,447,5515.67724609375,"5"
"species",15,15,1356,474,69.3124694824219,"4"
"species",16,16,919,598,102.726890563965,"4"
"species",17,17,1371,442,19.5668869018555,"2"
"species",18,18,1006,619,73.5313034057617,"1"
"species",19,19,1059,473,62.3651161193848,"5"
"species",20,20,1383,476,64.6427383422852,"4"
"species",21,21,1365,445,14.2677574157715,"2"
"species",22,22,1178,440,2465.0966796875,"5"
"species",23,23,1171,442,62.1432991027832,"4"
"species",24,24,1365,475,64.6427383422852,"2"
"species",25,25,935,555,101.111183166504,"1"
"species",26,26,919,550,160.944412231445,"1"
"species",27,27,935,571,84.4146347045898,"1"
"species",28,28,975,550,195.669509887695,"1"
"species",29,29,1203,468,159.563064575195,"4"
"species",30,30,1556,564,22.4365329742432,"2"
"species",31,31,1216,467,61.9662437438965,"4"
"species",32,32,892,602,83.5130767822266,"1"
"species",33,33,1386,464,21.8033542633057,"2"
"species",34,34,1421,504,16.0943336486816,"2"
"species",35,35,1107,474,70.8868255615234,"2"
"species",36,36,935,562,84.4146347045898,"1"
"species",37,37,1799,614,36.4315757751465,"2"
"species",38,38,1762,602,23.9018096923828,"2"
"species",39,39,1522,544,15.3538827896118,"2"
"species",40,40,1520,562,54.9546585083008,"4"
"species",41,41,1558,564,19.6327610015869,"4"
"species",42,42,1106,476,159.741821289062,"2"
"species",43,43,1557,524,8.32851314544678,"2"
"species",44,44,1289,476,164.26042175293,"4"
"species",45,45,1607,599,31.648380279541,"2"
"species",46,46,1556,622,31.6483783721924,"2"
"species",47,47,1200,451,81.985107421875,"1"
"species",48,48,1198,497,12.2851085662842,"2"
"species",49,49,1594,581,30.2770385742188,"2"
"species",50,50,1796,633,47.2207565307617,"4"
"species",51,51,1798,638,47.2207565307617,"2"
"species",52,52,938,558,434.030548095703,"1"
"species",53,53,960,604,159.050857543945,"4"
"species",54,54,1076,480,38.774600982666,"2"
"species",55,55,1106,505,17.3878040313721,"2"
"species",56,56,1136,506,56.9827575683594,"3"
"species",57,57,893,605,111.445602416992,"1"
"species",58,58,1038,523,332.797729492188,"4"
"species",59,59,1048,495,146.563049316406,"3"
"species",60,60,893,604,72.4451370239258,"1"
"species",61,61,1144,503,285.836822509766,"5"
"species",62,62,904,599,107.036804199219,"4"
"species",63,63,1020,551,89.7815017700195,"5"
"species",64,64,1042,653,238.961776733398,"4"
"species",65,65,1077,509,142.360275268555,"1"
"species",66,66,1543,617,31.6483783721924,"2"
"species",67,67,1625,596,31.6483783721924,"1"
"species",68,68,1539,517,7.99457311630249,"1"
"species",69,69,1537,604,26.6780796051025,"2"
"species",70,70,1809,641,47.2207527160645,"4"
"species",71,71,1477,503,11.0603828430176,"4"
"species",72,72,964,599,155.333251953125,"1"
"species",73,73,1041,506,181.875259399414,"4"
"species",74,74,1100,488,337.363342285156,"1"
"species",75,75,1009,499,134.917068481445,"4"
"species",76,76,1164,596,268.058135986328,"4"
"species",77,77,870,615,95.7044677734375,"4"
"species",78,78,995,555,226.575698852539,"4"
"species",79,79,1556,589,13.5638847351074,"2"
"species",80,80,1245,456,69.6078414916992,"4"
"species",81,81,1197,518,12.2851095199585,"2"
"species",82,82,1471,505,15.351731300354,"2"
"species",83,83,1538,514,7.99457311630249,"2"
"species",84,84,1587,626,30.1923217773438,"4"
"species",85,85,1748,607,16.5530033111572,"2"
"species",86,86,1222,464,146.987838745117,"4"
"species",87,87,1552,621,31.4635143280029,"4"
"species",88,88,1126,472,70.8868255615234,"2"
"species",89,89,1545,519,8.32851409912109,"2"
"species",90,90,1530,622,31.648380279541,"2"
"species",91,91,1525,512,8.32851409912109,"2"
"species",92,92,1108,478,30.9381942749023,"2"
"species",93,93,1054,627,261.49072265625,"4"
"species",94,94,1091,601,47.1806297302246,"4"
"species",95,95,929,586,83.513069152832,"4"
"species",96,96,964,551,103.642074584961,"1"
"species",97,97,1167,474,677.532653808594,"3"
"species",98,98,1108,494,46.1702079772949,"2"
"species",99,99,936,623,146.653945922852,"4"
"species",100,100,934,547,100.689987182617,"1"
"species",101,101,1023,504,38.1871681213379,"1"
"species",102,102,1592,584,34.1089019775391,"2"
"species",103,103,1044,512,310.038909912109,"1"
"species",104,104,972,591,195.55827331543,"4"
"species",105,105,1231,452,79.292854309082,"1"
"species",106,106,1174,515,12.2851085662842,"2"
"species",107,107,1369,455,21.8033542633057,"1"
"species",108,108,1572,576,30.2770385742188,"4"
"species",109,109,1437,503,13.8752145767212,"2"
"species",110,110,1544,594,13.5638847351074,"2"
"species",111,111,997,693,54.3131523132324,"4"
"species",112,112,1023,493,36.3793296813965,"2"
"species",113,113,1097,466,88.0344390869141,"1"
"species",114,114,889,599,83.513069152832,"1"
"species",115,115,1011,514,168.966522216797,"4"
"species",116,116,1133,470,80.9754791259766,"2"
"species",117,117,1044,592,129.228149414062,"4"
"species",118,118,1110,469,78.8164749145508,"2"
"species",119,119,916,585,92.9564437866211,"4"
"species",120,120,1756,607,23.9018096923828,"2"
"species",121,121,1779,634,47.2207565307617,"4"
"species",122,122,1863,661,28.7210865020752,"2"
"species",123,123,1405,493,15.6472902297974,"2"
"species",124,124,1299,548,39.3066482543945,"3"
"species",125,125,1782,641,47.2207565307617,"4"
"species",126,126,1330,485,27.281063079834,"6"
"species",127,127,1798,612,79.7007675170898,"2"
"species",128,128,1573,570,30.2770366668701,"4"
"species",129,129,919,568,84.4146347045898,"1"
"species",130,130,985,499,130.632080078125,"1"
"species",131,131,1120,459,88.0344390869141,"4"
"species",132,132,1257,537,55.0739784240723,"4"
"species",133,133,1612,584,32.9270286560059,"2"
"species",134,134,924,595,78.9452438354492,"1"
"species",135,135,908,578,89.4900436401367,"4"
"species",136,136,899,585,281.397827148438,"1"
"species",137,137,1777,643,47.2207527160645,"4"
"species",138,138,986,587,84.7478408813477,"4"
"species",139,139,1362,455,21.8033542633057,"4"
"species",140,140,1142,447,81.9949264526367,"4"
"species",141,141,965,556,183.697875976562,"4"
"species",142,142,894,593,79.883056640625,"1"
"species",143,143,925,637,69.2006454467773,"4"
"species",144,144,1766,609,36.4315719604492,"2"
"species",145,145,1338,463,39.9404716491699,"1"
"species",146,146,1831,657,28.7210865020752,"2"
"species",147,147,974,608,73.5590972900391,"4"
"species",148,148,1089,471,86.4860916137695,"1"
"species",149,149,892,592,84.3945083618164,"1"
"species",150,150,1073,509,35.1086807250977,"2"
"species",151,151,966,700,69.2006454467773,"1"
"species",152,152,937,543,827.052429199219,"1"
"species",153,153,1337,481,16.1109504699707,"2"
"species",154,154,900,580,84.4146347045898,"1"
"species",155,155,873,858,76.5618057250977,"1"
"species",156,156,1089,561,47.3731651306152,"1"
"species",157,157,990,763,39.7274856567383,"1"
"species",158,158,1076,473,54.6680526733398,"1"
"species",159,159,1086,538,62.1468391418457,"1"
"species",160,160,1106,474,88.0344390869141,"1"
"species",161,161,1274,497,39.9404716491699,"2"
"species",162,162,991,670,86.853271484375,"1"
"species",163,163,1115,546,48.7409248352051,"1"
"species",164,164,1351,478,16.1109504699707,"2"
"species",165,165,1128,499,66.4852676391602,"1"
"species",166,166,1081,486,54.6680488586426,"1"
"species",167,167,1198,464,80.5115737915039,"1"
"species",168,168,1063,596,129.609710693359,"1"
"species",169,169,1239,454,106.371536254883,"1"
"species",170,170,929,606,155.193725585938,"4"
"species",171,171,1388,454,21.803352355957,"4"
"species",172,172,938,561,97.0738906860352,"1"
"species",173,173,1362,442,10.410608291626,"2"
"species",174,174,771,1043,76.5618057250977,"2"
"species",175,175,1261,480,28.0261325836182,"2"
"species",176,176,1066,491,331.923492431641,"4"
"species",177,177,1382,439,21.6681728363037,"2"
"species",178,178,920,609,153.234954833984,"1"
"species",179,179,1049,509,155.835739135742,"3"
"species",180,180,1097,490,173.278228759766,"1"
"species",181,181,1010,499,112.895240783691,"5"
"species",182,182,1683,586,47.5090103149414,"1"
"species",183,183,906,712,69.1455078125,"4"
"species",184,184,897,598,135.272064208984,"4"
"species",185,185,933,630,153.254180908203,"1"
"species",186,186,1125,492,281.844116210938,"1"
"species",187,187,1064,490,129.688812255859,"1"
"species",188,188,1115,487,345.755889892578,"4"
"species",189,189,1135,468,263.444976806641,"3"
"species",190,190,1490,551,15.3538837432861,"2"
"species",191,191,1318,550,27.9818267822266,"3"
"species",192,192,1188,493,12.2851085662842,"3"
"species",193,193,1640,623,17.8472785949707,"2"
"species",194,194,1217,519,55.073974609375,"3"
"species",195,195,1064,499,22.6926345825195,"4"
"species",196,196,1125,467,71.1256561279297,"2"
"species",197,197,1146,455,62.1432991027832,"1"
"species",198,198,1475,506,8.32851314544678,"2"
"species",199,199,1119,479,27.3929615020752,"2"
"species",200,200,1779,626,11.5878553390503,"1"
"species",201,201,1605,629,29.4081115722656,"4"
"species",202,202,1058,497,109.22191619873,"1"
"species",203,203,1146,500,192.811157226562,"5"
"species",204,204,1370,449,21.8033542633057,"2"
"species",205,205,1804,641,47.2207527160645,"4"
"species",206,206,1343,459,21.8033542633057,"4"
"species",207,207,1477,513,15.3538837432861,"2"
"species",208,208,1170,440,62.1432952880859,"2"
"species",209,209,1529,524,11.3748712539673,"2"
"species",210,210,1631,558,9.53620433807373,"2"
"species",211,211,1647,607,73.7905044555664,"2"
"species",212,212,1627,608,31.6483783721924,"2"
"species",213,213,1369,456,21.8033542633057,"2"
"species",214,214,1117,478,143.299713134766,"1"
"species",215,215,1251,443,8061.51025390625,"5"
"species",216,216,1268,524,12.2851085662842,"3"
"species",217,217,1210,438,8061.51025390625,"5"
"species",218,218,1012,566,195.669525146484,"1"
"species",219,219,1169,447,665.575256347656,"2"
"species",220,220,1173,456,1114.92114257812,"2"
"species",221,221,1081,622,1006.64916992188,"4"
"species",222,222,952,521,93.1473617553711,"3"
"species",223,223,895,610,146.653961181641,"1"
"species",224,224,1083,576,183.593200683594,"1"
"species",225,225,992,532,86.1829147338867,"4"
"species",226,226,1051,502,170.378372192383,"1"
"species",227,227,957,615,188.625381469727,"1"
"species",228,228,1080,600,187.962844848633,"1"
"species",229,229,1181,561,56.8976173400879,"1"
"species",230,230,995,561,83.513069152832,"4"
"species",231,231,920,607,78.6185455322266,"4"
"species",232,232,923,560,84.4146347045898,"1"
"species",233,233,1006,650,55.1219367980957,"1"
"species",234,234,1048,522,69.7099914550781,"4"
"species",235,235,854,601,153.254180908203,"5"
"species",236,236,891,606,141.598220825195,"1"
"species",237,237,1077,566,48.7409248352051,"4"
"species",238,238,1283,543,56.3692817687988,"3"
"species",239,239,1608,617,31.6483783721924,"4"
"species",240,240,1339,454,90.6621017456055,"4"
"species",241,241,1818,626,123.158958435059,"2"
"species",242,242,1603,587,348.498840332031,"2"
"species",243,243,1204,441,7615.6962890625,"5"
"species",244,244,1532,560,45.8973770141602,"2"
