"species","x","y","bio4","bio16","gpw2000_30_sec","swa_2000lulc_2km"
"species",1,1,942,940,77.9810211881995,"1"
"species",2,2,924,610,155.304796770209,"1"
"species",3,3,1087,551,120.577222399776,"1"
"species",4,4,1078,544,4871.93225622177,"13"
"species",5,5,1065,574,192.685141548506,"21"
"species",6,6,935,555,100.991320170463,"21"
"species",7,7,935,571,84.4146363884211,"21"
"species",8,8,975,550,201.99499681437,"21"
"species",9,9,938,558,384.186366996856,"21"
"species",10,10,893,604,72.4451400637627,"21"
"species",11,11,1136,506,59.8715104887998,"9"
"species",12,12,893,605,111.454305238983,"21"
"species",13,13,1038,523,322.500504433583,"8"
"species",14,14,1144,503,285.836834281683,"13"
"species",15,15,904,599,107.715783923677,"8"
"species",16,16,1020,551,89.5973000338424,"13"
"species",17,17,1042,653,238.961779713631,"8"
"species",18,18,1077,509,142.070050978245,"21"
"species",19,19,960,604,163.581839501492,"8"
"species",20,20,1027,649,217.486190343265,"8"
"species",21,21,1067,498,155.235805992122,"9"
"species",22,22,1045,484,71.2146034564411,"8"
"species",23,23,966,547,158.220933534444,"8"
"species",24,24,937,543,806.290589398189,"21"
"species",25,25,995,555,264.831413880411,"8"
"species",26,26,892,602,83.5130732506514,"1"
"species",27,27,991,749,44.0877668559551,"8"
"species",28,28,1054,627,270.643086369876,"8"
"species",29,29,1091,601,47.1806311607361,"8"
"species",30,30,964,599,155.333253622055,"1"
"species",31,31,929,586,83.5130716860294,"8"
"species",32,32,964,551,105.407848768402,"21"
"species",33,33,1108,494,47.3733411873915,"2"
"species",34,34,1108,478,31.108424272952,"2"
"species",35,35,1179,509,12.2851088391617,"2"
"species",36,36,1073,509,35.1086794473231,"2"
"species",37,37,803,924,76.5618063360453,"8"
"species",38,38,1023,504,37.7663246187685,"21"
"species",39,39,894,593,79.7593071087815,"21"
"species",40,40,933,632,69.2006479650736,"1"
"species",41,41,974,608,73.5591972321272,"8"
"species",42,42,889,599,83.5130732804537,"21"
"species",43,43,1076,473,54.6680506318808,"1"
"species",44,44,1086,538,62.1468408405781,"1"
"species",45,45,1106,474,88.0344391837716,"1"
"species",46,46,991,670,85.847209631669,"1"
"species",47,47,1115,546,48.7409245334566,"1"
"species",48,48,1063,596,129.609715506434,"1"
"species",49,49,929,606,155.190992087121,"8"
"species",50,50,951,891,168.42186944731,"8"
"species",51,51,1093,613,260.558396669216,"8"
"species",52,52,1083,576,183.451147564766,"1"
"species",53,53,1146,500,192.811159670353,"13"
"species",54,54,919,568,84.4146356284618,"21"
"species",55,55,990,763,39.9390476902274,"21"
"species",56,56,895,610,146.653956130147,"1"
"species",57,57,1081,532,122.922781407837,"21"
"species",58,58,1077,516,122.927870079875,"21"
"species",59,59,926,603,155.333251997828,"1"
"species",60,60,980,678,62.3216744589537,"8"
"species",61,61,1125,492,282.603847504154,"21"
"species",62,62,873,858,76.5618061572313,"1"
"species",63,63,1089,561,48.3054570219383,"1"
"species",64,64,964,546,223.088214527917,"1"
"species",65,65,1064,499,22.6926351059228,"8"
"species",66,66,1100,602,47.1806308813393,"1"
"species",67,67,1080,600,184.574490365929,"21"
"species",68,68,992,532,86.1829177811742,"8"
"species",69,69,1181,561,56.899576380811,"21"
"species",70,70,995,561,83.5130710080266,"8"
"species",71,71,920,607,78.618545204401,"8"
"species",72,72,923,560,84.4146348908544,"21"
"species",73,73,1006,650,55.1219362914562,"21"
"species",74,74,1053,518,98.5825231102077,"8"
"species",75,75,854,601,153.254181489348,"13"
"species",76,76,891,606,141.477821057224,"1"
"species",77,77,1077,566,48.7409241758287,"8"
