"species","x","y","bio4","bio16","gpw2000_30_sec","swa_2000lulc_2km"
"species",1,1,1191,447,4778.3535200576,"13"
"species",2,2,990,530,277.744457829451,"8"
"species",3,3,1089,579,48.74092342332,"1"
"species",4,4,1176,490,12.3009483870196,"2"
"species",5,5,1509,509,7.99457306601107,"2"
"species",6,6,1171,436,76.4113837253055,"8"
"species",7,7,1355,474,65.899997636116,"8"
"species",8,8,1357,452,11.4043347525925,"2"
"species",9,9,883,586,81.4365999391549,"21"
"species",10,10,897,598,132.184007048677,"8"
"species",11,11,1328,490,152.145226731484,"2"
"species",12,12,1026,495,133.166006989701,"8"
"species",13,13,1045,544,96.865690998733,"21"
"species",14,14,1016,497,324.136080184699,"21"
"species",15,15,1383,476,64.6627370566046,"8"
"species",16,16,1848,606,187.126201932619,"8"
"species",17,17,1183,472,766.073963344166,"21"
"species",18,18,905,612,112.94025001015,"21"
"species",19,19,1075,534,195.669516995549,"21"
"species",20,20,1143,574,256.848129989195,"8"
"species",21,21,923,590,78.6185445711017,"21"
"species",22,22,1096,495,173.278223022819,"21"
"species",23,23,1013,552,838.323408968824,"13"
"species",24,24,1013,484,130.632072657347,"2"
"species",25,25,1251,443,8061.15866708758,"13"
"species",26,26,943,602,136.262894426567,"8"
"species",27,27,1109,529,350.22767753572,"21"
"species",28,28,1066,505,109.22191568464,"8"
"species",29,29,966,542,159.212645187976,"8"
"species",30,30,1061,492,146.464593266447,"9"
"species",31,31,959,546,266.476282685995,"1"
"species",32,32,1078,544,4871.93225622177,"13"
"species",33,33,926,603,155.333251997828,"1"
"species",34,34,950,708,69.2006495445967,"1"
"species",35,35,1000,594,268.481857370876,"21"
"species",36,36,1052,563,258.560630321357,"21"
"species",37,37,1100,587,188.625379964709,"8"
"species",38,38,919,598,104.534336426432,"8"
"species",39,39,942,940,77.9810211881995,"1"
"species",40,40,771,1043,76.5618060777585,"31"
"species",41,41,1141,507,192.811159819365,"2"
"species",42,42,929,606,155.190992087121,"8"
"species",43,43,1328,459,21.8033538218588,"2"
"species",44,44,1032,534,94.8997115465162,"8"
"species",45,45,960,590,152.907446213477,"1"
"species",46,46,1070,545,4731.86116542809,"13"
"species",47,47,892,592,90.0132536812548,"21"
"species",48,48,1060,476,70.5282521932162,"2"
"species",49,49,1222,478,31.484117180109,"2"
"species",50,50,1072,621,941.803051925394,"8"
"species",51,51,1517,514,7.9945729165338,"2"
"species",52,52,924,610,155.304796770209,"1"
"species",53,53,1115,487,427.014916744046,"8"
"species",54,54,881,592,137.263175637642,"21"
"species",55,55,1125,492,282.603847504154,"21"
"species",56,56,962,716,51.0278341449138,"1"
"species",57,57,999,763,176.495579040051,"8"
"species",58,58,952,565,139.5452786244,"21"
"species",59,59,1117,478,135.423115963124,"21"
"species",60,60,1103,496,174.158336484659,"8"
"species",61,61,1028,546,204.184598244666,"21"
"species",62,62,954,572,83.5130711123347,"21"
"species",63,63,940,602,203.470295206973,"8"
"species",64,64,1080,549,96.3693130910182,"1"
"species",65,65,1163,489,623.758380052214,"21"
"species",66,66,930,579,182.136685357281,"8"
"species",67,67,997,577,223.203464791287,"8"
"species",68,68,1010,499,111.208333699697,"13"
"species",69,69,1018,506,143.440252707374,"21"
"species",70,70,1006,619,73.3765832781458,"1"
"species",71,71,1063,522,122.927871249616,"8"
"species",72,72,1213,447,6978.69307396515,"13"
"species",73,73,1141,469,62.5608171894812,"2"
"species",74,74,1016,529,86.1837600991126,"21"
"species",75,75,1051,507,152.263857223348,"21"
"species",76,76,984,547,266.476282298565,"13"
"species",77,77,1088,494,171.569678992211,"21"
"species",78,78,1005,563,178.737688198686,"8"
"species",79,79,870,857,59.1819380074739,"8"
"species",80,80,885,577,167.774179012318,"8"
"species",81,81,1089,498,146.603348076334,"2"
"species",82,82,919,550,165.108220991303,"21"
"species",83,83,1202,456,66.0381500872769,"2"
"species",84,84,935,555,100.991320170463,"21"
"species",85,85,1178,440,2209.05704646396,"13"
"species",86,86,1329,464,21.8033534791321,"8"
"species",87,87,1337,469,64.642567962408,"8"
"species",88,88,869,552,86.102535225461,"8"
"species",89,89,1081,532,122.922781407837,"21"
"species",90,90,1365,445,14.3563949386647,"2"
"species",91,91,908,598,115.966193102984,"8"
"species",92,92,1274,465,64.6427347511053,"8"
"species",93,93,1316,463,64.2904491312327,"8"
"species",94,94,1561,521,8.28258278732777,"2"
"species",95,95,1235,459,1655.78411858037,"2"
"species",96,96,1128,557,129.575309519335,"1"
"species",97,97,1038,552,62.8201345131357,"1"
"species",98,98,1065,509,155.835730493069,"21"
"species",99,99,1071,473,62.3651194237173,"2"
"species",100,100,964,546,223.088214527917,"1"
"species",101,101,980,676,97.1699872240424,"9"
"species",102,102,1062,545,140.594550484867,"1"
"species",103,103,989,496,477.128816991956,"8"
"species",104,104,849,601,105.064281515131,"8"
"species",105,105,1626,604,31.648379297927,"2"
"species",106,106,1093,596,47.1835980415344,"1"
"species",107,107,1239,456,93.0460819974542,"8"
"species",108,108,1030,586,87.9407831582249,"21"
"species",109,109,1204,451,2899.69592447146,"13"
"species",110,110,895,610,146.653956130147,"1"
"species",111,111,969,936,77.5169917493481,"21"
"species",112,112,1078,542,4830.73824167899,"13"
"species",113,113,1329,479,60.7562492194859,"2"
"species",114,114,1367,479,107.224513940169,"2"
"species",115,115,1334,473,63.6416183190615,"8"
"species",116,116,1382,439,21.2338626394598,"2"
"species",117,117,1361,477,127.674313452394,"2"
"species",118,118,886,598,78.6544271707534,"21"
"species",119,119,1064,469,197.070185326738,"8"
"species",120,120,925,580,180.147149281279,"8"
"species",121,121,912,613,146.653954640031,"21"
"species",122,122,1067,524,78.9242214676689,"1"
"species",123,123,1501,506,7.99457297194749,"8"
"species",124,124,1051,502,169.435833811696,"21"
"species",125,125,955,556,262.068325386097,"8"
"species",126,126,1035,657,248.969121516933,"8"
"species",127,127,1576,568,30.2770376317203,"2"
"species",128,128,926,880,77.9810217544436,"1"
"species",129,129,936,559,176.334273830108,"8"
"species",130,130,1094,486,142.104758255336,"2"
"species",131,131,1022,544,246.752024548622,"21"
"species",132,132,1087,551,120.577222399776,"1"
"species",133,133,1371,442,18.8938369400052,"2"
"species",134,134,1206,502,12.2851089891046,"2"
"species",135,135,1241,470,164.26042021811,"2"
"species",136,136,1059,473,62.3651180937886,"13"
"species",137,137,854,601,153.254181489348,"13"
"species",138,138,1106,480,255.540195069514,"2"
"species",139,139,1342,464,42.8121437061452,"2"
"species",140,140,1356,474,68.7133447733556,"8"
"species",141,141,1014,649,44.0877666398883,"1"
"species",142,142,1077,566,48.7409241758287,"8"
"species",143,143,1369,461,21.8033545296639,"2"
"species",144,144,1071,471,303.238233782117,"8"
"species",145,145,1102,498,170.878170349744,"8"
"species",146,146,943,721,69.1285022124596,"21"
"species",147,147,1083,576,183.451147564766,"1"
"species",148,148,945,581,71.5930671021342,"21"
"species",149,149,1252,479,164.260419428349,"8"
"species",150,150,1489,514,7.99457294121385,"2"
"species",151,151,1545,527,8.32851403206587,"2"
"species",152,152,1086,567,48.7409238442778,"1"
"species",153,153,942,562,99.2289076820806,"21"
"species",154,154,913,607,152.971058637214,"8"
"species",155,155,1360,460,26.8130913723412,"2"
"species",156,156,1106,576,48.7409229762852,"8"
"species",157,157,1248,488,39.968865614384,"2"
"species",158,158,920,609,151.918412939029,"1"
"species",159,159,1065,578,96.9637683704985,"21"
"species",160,160,1047,553,192.811162680388,"8"
"species",161,161,1122,543,300.07415543405,"8"
"species",162,162,928,577,180.454835669883,"8"
"species",163,163,925,580,174.671046369969,"21"
"species",164,164,1523,507,7.9945728671737,"2"
"species",165,165,1313,473,71.4919497122715,"2"
"species",166,166,1188,465,815.557825428853,"21"
"species",167,167,1164,434,62.1432981304824,"8"
"species",168,168,1110,535,62.8497341687239,"1"
"species",169,169,1051,505,155.835734989781,"21"
"species",170,170,1256,463,64.6427337378263,"2"
"species",171,171,1143,464,902.169060565247,"8"
"species",172,172,938,728,44.0877668559551,"8"
"species",173,173,1059,508,125.539439551812,"8"
"species",174,174,937,595,171.601001664815,"21"
"species",175,175,1237,459,65.116795867708,"8"
"species",176,176,1171,442,62.1432974562049,"8"
"species",177,177,963,987,77.9810215234756,"8"
"species",178,178,1202,424,2541.33152061048,"13"
"species",179,179,1075,561,94.819230015504,"8"
"species",180,180,1068,494,173.204806238458,"8"
"species",181,181,1057,505,155.835729994453,"21"
"species",182,182,1362,442,11.4750003006649,"2"
"species",183,183,1261,485,151.775659394757,"2"
"species",184,184,1084,623,1164.3362262729,"9"
"species",185,185,987,574,116.694539615059,"21"
"species",186,186,1339,557,31.9901802628157,"9"
"species",187,187,1017,688,38.5946510657668,"21"
"species",188,188,1626,542,30.5851161506513,"2"
"species",189,189,1073,500,171.199940815926,"21"
"species",190,190,1629,557,13.118715012869,"8"
"species",191,191,1708,606,16.2611567860988,"2"
"species",192,192,1313,557,29.3296754769981,"3"
"species",193,193,1712,597,38.4321916759977,"8"
"species",194,194,1332,489,89.8841723280545,"15"
"species",195,195,1524,558,54.9196268990522,"8"
"species",196,196,1039,581,57.5062707848847,"21"
"species",197,197,1036,539,885.062484979749,"15"
"species",198,198,1484,514,7.99457305110991,"2"
"species",199,199,1409,448,9.2698504012078,"8"
"species",200,200,1098,493,61.7469085194964,"21"
"species",201,201,1414,603,35.448901710547,"8"
"species",202,202,1073,535,62.2483343593776,"1"
"species",203,203,1485,520,15.3538835067302,"2"
"species",204,204,1162,466,906.548761773835,"2"
"species",205,205,986,508,35.1086793839931,"2"
"species",206,206,1227,475,31.4841162785888,"2"
"species",207,207,1053,557,192.811163723469,"2"
"species",208,208,1485,494,7.99457300733775,"8"
"species",209,209,1618,556,45.9121850393713,"2"
"species",210,210,1096,547,192.811154022813,"13"
"species",211,211,1733,629,13.3724335832521,"2"
"species",212,212,1530,510,8.32851371541619,"2"
"species",213,213,1040,573,124.207227878273,"21"
"species",214,214,1810,614,36.4315747246146,"2"
"species",215,215,1525,558,53.1045134586788,"13"
"species",216,216,1516,508,7.99457304179668,"2"
"species",217,217,1549,543,7.99457300733775,"2"
"species",218,218,1059,497,22.6926353834569,"2"
"species",219,219,1097,484,27.3929604366422,"2"
"species",220,220,1114,507,148.542567428946,"21"
"species",221,221,1626,609,92.8625501842078,"8"
"species",222,222,1109,464,88.0344365239143,"21"
"species",223,223,1292,453,90.8242326006492,"2"
"species",224,224,1808,624,11.5878555318341,"2"
"species",225,225,1201,494,12.2851090952754,"2"
"species",226,226,1711,599,23.9018097557127,"2"
"species",227,227,1494,517,7.99457280477509,"2"
"species",228,228,1070,583,57.5062716044485,"1"
"species",229,229,1213,498,12.2851088503376,"2"
"species",230,230,1436,597,29.2032630480826,"8"
"species",231,231,958,510,35.1086797900498,"2"
"species",232,232,1020,547,362.110653240838,"8"
"species",233,233,1599,626,31.6483793985099,"2"
"species",234,234,1615,629,31.6483793575317,"8"
"species",235,235,1701,617,13.3724341290072,"15"
"species",236,236,1588,583,56.6603215614073,"8"
"species",237,237,1587,540,7.99457303853705,"15"
"species",238,238,1138,581,258.992019578112,"8"
"species",239,239,1755,627,11.5878554992378,"2"
"species",240,240,1080,511,123.656765640067,"8"
"species",241,241,1329,556,29.3296751659364,"2"
"species",242,242,1529,524,11.4054329663202,"2"
"species",243,243,1223,467,39.7739581801303,"2"
"species",244,244,1483,524,15.2969871480044,"2"
"species",245,245,1369,455,21.8033539541066,"15"
"species",246,246,1273,454,22.3190345599195,"2"
"species",247,247,1398,449,9.26985022611916,"13"
"species",248,248,1018,549,1761.18813641886,"8"
"species",249,249,1473,508,9.2698502605781,"2"
"species",250,250,1200,451,81.9851063638925,"21"
"species",251,251,1068,585,118.509178602568,"1"
"species",252,252,1672,564,45.9121853969991,"3"
"species",253,253,1013,684,38.5946504697204,"8"
"species",254,254,1019,590,225.581105894134,"78"
"species",255,255,1318,561,59.3752652186562,"2"
"species",256,256,1048,674,38.5946505069733,"21"
"species",257,257,1009,609,74.9429333434958,"21"
"species",258,258,1276,454,92.2522367016212,"2"
"species",259,259,1647,607,73.6202957387266,"2"
"species",260,260,1013,635,44.0877673700452,"13"
"species",261,261,1634,605,62.3725639817463,"8"
"species",262,262,1827,617,37.0206028447189,"2"
"species",263,263,1092,604,129.609714508057,"8"
"species",264,264,1144,485,153.77922083236,"2"
"species",265,265,1626,605,82.394074404025,"8"
"species",266,266,1659,591,7.99457302363589,"2"
"species",267,267,1632,576,367.243493408111,"2"
"species",268,268,1729,597,23.9018100202084,"2"
"species",269,269,988,540,135.166865187138,"21"
"species",270,270,1293,548,55.0739802718163,"2"
"species",271,271,1124,532,192.811156243086,"2"
"species",272,272,1615,540,34.0220720018091,"2"
"species",273,273,1589,536,8.32673384807926,"2"
"species",274,274,1303,499,46.2745325757257,"2"
"species",275,275,992,672,97.1699863448739,"8"
"species",276,276,1562,625,31.648379445076,"2"
"species",277,277,1171,458,136.295200319692,"21"
"species",278,278,950,575,175.877343886563,"9"
"species",279,279,1052,528,613.436958909687,"8"
"species",280,280,1267,454,30.2031909093384,"8"
"species",281,281,931,608,110.779029302299,"21"
"species",282,282,874,570,111.938723117113,"8"
"species",283,283,1017,692,38.5946503616869,"8"
"species",284,284,1757,628,11.5878553651273,"2"
"species",285,285,1508,508,7.99457297986373,"2"
"species",286,286,1197,492,12.285108868964,"8"
"species",287,287,1487,518,8.72250377250379,"2"
"species",288,288,1120,459,88.0351059287786,"8"
"species",289,289,961,606,159.139607503772,"8"
"species",290,290,935,571,84.4146363884211,"21"
"species",291,291,900,580,84.4146357998252,"21"
"species",292,292,1038,523,322.500504433583,"8"
"species",293,293,929,554,832.238651196728,"1"
"species",294,294,938,558,384.186366996856,"21"
"species",295,295,913,562,599.255589684786,"1"
"species",296,296,1538,514,8.00364848133137,"2"
"species",297,297,975,550,201.99499681437,"21"
"species",298,298,1100,602,47.1806308813393,"1"
"species",299,299,1143,463,86.5812416828689,"21"
"species",300,300,1557,530,8.328513674438,"2"
"species",301,301,892,602,83.5130732506514,"1"
"species",302,302,1025,547,62.248334877193,"1"
"species",303,303,1030,552,64.4299231019856,"1"
"species",304,304,1025,542,62.2483338303864,"8"
"species",305,305,1106,476,165.491937591492,"2"
"species",306,306,1576,565,48.2788336201371,"8"
"species",307,307,1174,466,58.0392146259296,"21"
"species",308,308,1339,469,40.553137313683,"8"
"species",309,309,1338,463,39.9404727965593,"15"
"species",310,310,1560,569,30.2770382557064,"2"
"species",311,311,924,578,216.888581028021,"13"
"species",312,312,958,550,221.259510103372,"8"
"species",313,313,898,587,83.8812415821134,"21"
"species",314,314,1203,468,151.212776261441,"8"
"species",315,315,1151,468,73.8127798145337,"2"
"species",316,316,860,886,76.5618063732982,"21"
"species",317,317,1527,513,8.19221740728354,"8"
"species",318,318,1216,467,85.1830618775173,"8"
"species",319,319,1257,476,164.260421603918,"2"
"species",320,320,1245,456,68.9325003330428,"8"
"species",321,321,1087,607,47.180631801486,"21"
"species",322,322,1340,455,18.6894852829376,"2"
"species",323,323,1063,476,62.3651190288365,"8"
"species",324,324,1107,472,62.6801073626996,"2"
"species",325,325,1074,473,62.3651181794703,"2"
"species",326,326,1136,469,80.9754749909043,"8"
"species",327,327,1354,487,20.0439532551325,"2"
"species",328,328,1209,471,118.144051387773,"8"
"species",329,329,1329,452,20.8072509515311,"2"
"species",330,330,1110,471,69.8037960088878,"2"
"species",331,331,1222,464,141.325771882022,"8"
"species",332,332,1350,460,27.7559165197993,"2"
"species",333,333,1143,454,82.9319154401086,"8"
"species",334,334,1142,460,92.2636155126109,"21"
"species",335,335,1143,467,58.9607027287236,"21"
"species",336,336,1174,463,58.8105155527211,"21"
"species",337,337,893,604,72.4451400637627,"21"
"species",338,338,872,607,83.6480249166603,"1"
"species",339,339,1016,568,124.194099321966,"21"
"species",340,340,1139,469,68.7355045456626,"21"
"species",341,341,1115,480,66.9515439968854,"2"
"species",342,342,1077,509,142.070050978245,"21"
"species",343,343,1059,511,296.27346178868,"21"
"species",344,344,891,835,76.5618059709668,"1"
"species",345,345,1159,513,12.2851087907329,"2"
"species",346,346,964,545,159.741824761033,"21"
"species",347,347,974,608,73.5591972321272,"8"
"species",348,348,916,585,96.6923481762123,"8"
"species",349,349,1114,509,88.6079752309707,"21"
"species",350,350,1552,621,31.2509430814643,"8"
"species",351,351,919,568,84.4146356284618,"21"
"species",352,352,1231,452,74.4995024999836,"21"
"species",353,353,1728,600,23.9919705744723,"2"
"species",354,354,1492,539,15.3538836715743,"2"
"species",355,355,1050,479,38.7746022827923,"2"
"species",356,356,1042,653,238.961779713631,"8"
"species",357,357,1550,528,8.3285137694329,"2"
"species",358,358,985,499,130.557835750315,"21"
"species",359,359,1787,643,47.2207545414567,"8"
"species",360,360,1010,484,129.719951625862,"8"
"species",361,361,1831,605,186.501428291161,"2"
"species",362,362,1757,610,23.9018094725907,"2"
"species",363,363,958,705,69.2006492391229,"21"
"species",364,364,922,569,84.4146358892321,"21"
"species",365,365,1062,496,170.711111128618,"8"
"species",366,366,1004,519,880.332499528608,"8"
"species",367,367,941,581,84.151397392189,"8"
"species",368,368,1022,501,39.0017192774239,"21"
"species",369,369,1108,494,47.3733411873915,"2"
"species",370,370,995,555,264.831413880411,"8"
"species",371,371,1005,584,71.5930681973696,"21"
"species",372,372,1021,565,121.772167198732,"8"
"species",373,373,960,604,163.581839501492,"8"
"species",374,374,1522,544,15.3538834210485,"2"
"species",375,375,1568,572,30.2770376820117,"8"
"species",376,376,930,551,84.6945284679006,"21"
"species",377,377,1126,472,70.8868263587355,"2"
"species",378,378,1079,504,274.521078315065,"8"
"species",379,379,1070,499,281.125082717739,"2"
"species",380,380,1076,480,38.7746027521789,"2"
"species",381,381,1125,474,129.253577847939,"2"
"species",382,382,1072,507,343.137213227973,"8"
"species",383,383,1101,548,139.613444313732,"1"
"species",384,384,1037,556,85.4057031543799,"1"
"species",385,385,983,519,101.425014026463,"8"
"species",386,386,935,550,101.448847852653,"8"
"species",387,387,929,586,83.5130716860294,"8"
"species",388,388,1107,481,239.115293767649,"21"
"species",389,389,1070,496,146.464596047997,"2"
"species",390,390,1097,482,164.250395149305,"8"
"species",391,391,1077,487,217.830595209639,"2"
"species",392,392,1055,618,385.733687210717,"8"
"species",393,393,922,711,59.2467420361776,"9"
"species",394,394,933,708,69.2006505727768,"8"
"species",395,395,1172,459,92.5163975504066,"2"
"species",396,396,971,706,86.9221460102621,"1"
"species",397,397,918,580,82.8726664112979,"21"
"species",398,398,1013,635,238.961773350835,"8"
"species",399,399,911,781,59.1819387450814,"21"
"species",400,400,832,1028,77.9810227453709,"1"
"species",401,401,905,726,59.1819374933839,"8"
"species",402,402,933,632,69.2006479650736,"1"
"species",403,403,1070,495,142.621888868988,"2"
"species",404,404,1074,497,149.23346924104,"9"
"species",405,405,1098,496,173.230301633486,"21"
"species",406,406,1017,532,509.054742744705,"21"
"species",407,407,894,593,79.7593071087815,"21"
"species",408,408,859,593,84.2636711448699,"21"
"species",409,409,893,620,72.7790123521987,"8"
"species",410,410,894,630,75.4984040404407,"8"
"species",411,411,899,607,72.4451398402452,"21"
"species",412,412,909,635,83.6362775415182,"8"
"species",413,413,907,648,83.6362812817097,"21"
"species",414,414,901,660,83.6258058771504,"1"
"species",415,415,872,663,79.1897194166153,"21"
"species",416,416,1019,494,38.7746017388999,"8"
"species",417,417,1023,504,37.7663246187685,"21"
"species",418,418,885,607,83.6663882136193,"8"
"species",419,419,893,605,111.454305238983,"21"
"species",420,420,1027,562,101.15508795874,"21"
"species",421,421,1110,581,257.52711601494,"21"
"species",422,422,946,562,84.4146366715431,"21"
"species",423,423,968,542,101.425015494227,"21"
"species",424,424,1097,497,146.579504907124,"2"
"species",425,425,1048,495,146.560784539041,"9"
"species",426,426,960,546,722.521425147392,"21"
"species",427,427,938,581,75.8178708851853,"8"
"species",428,428,938,565,167.324439927331,"1"
"species",429,429,1852,609,176.854261729163,"8"
"species",430,430,1088,621,47.1806316748261,"8"
"species",431,431,826,916,76.5618055537343,"8"
"species",432,432,1537,604,26.9378393491442,"2"
"species",433,433,1543,617,31.6483792159706,"2"
"species",434,434,1625,596,31.1201393381406,"15"
"species",435,435,1641,601,31.3791554253244,"8"
"species",436,436,1541,605,31.455656154919,"15"
"species",437,437,1550,604,17.2328880637665,"2"
"species",438,438,1525,512,8.32848954293877,"2"
"species",439,439,1551,517,7.99457296496257,"2"
"species",440,440,1539,515,7.99457286531106,"2"
"species",441,441,1505,505,7.99457298824564,"2"
"species",442,442,1782,623,25.0666630806725,"2"
"species",443,443,1028,492,22.6926353536546,"8"
"species",444,444,1840,613,140.049897649613,"8"
"species",445,445,1864,616,123.175350718202,"8"
"species",446,446,1800,645,47.2207541689277,"2"
"species",447,447,1799,614,101.414596638837,"2"
"species",448,448,1798,612,75.9409369685989,"2"
"species",449,449,1778,612,33.5646222542391,"2"
"species",450,450,1783,641,47.2207547947764,"8"
"species",451,451,1767,628,46.4422699732876,"8"
"species",452,452,1786,640,46.6274666302139,"2"
"species",453,453,1780,643,24.9755651075393,"8"
"species",454,454,1482,502,8.52397247350706,"2"
"species",455,455,1477,503,10.9468449388441,"8"
"species",456,456,1585,602,27.7105310582513,"2"
"species",457,457,1528,600,13.5638850685209,"2"
"species",458,458,1714,600,23.9018094632775,"2"
"species",459,459,1536,535,15.3538836240768,"2"
"species",460,460,1863,661,28.7210868895054,"2"
"species",461,461,1335,566,37.4480629190803,"2"
"species",462,462,1121,457,102.681546330866,"15"
"species",463,463,1437,503,13.725075202376,"2"
"species",464,464,1573,570,30.277037570253,"8"
"species",465,465,1299,548,38.232684130132,"9"
"species",466,466,1767,638,47.2207544147968,"2"
"species",467,467,1544,594,13.5638846801594,"2"
"species",468,468,1197,518,12.2851089350879,"2"
"species",469,469,938,544,84.4146354719996,"21"
"species",470,470,1572,576,30.2770382035524,"8"
"species",471,471,1051,482,96.3607927570876,"21"
"species",472,472,928,757,66.2816986043284,"21"
"species",473,473,934,755,59.1819376274943,"1"
"species",474,474,809,938,76.5618040189147,"21"
"species",475,475,1111,472,61.6237139630752,"2"
"species",476,476,1176,472,696.131098663919,"8"
"species",477,477,937,543,806.290589398189,"21"
"species",478,478,1074,625,723.699561635956,"21"
"species",479,479,1150,485,414.276147470314,"8"
"species",480,480,1097,466,88.0344362929463,"21"
"species",481,481,1096,470,65.1531857777462,"2"
"species",482,482,1030,566,87.980780850567,"13"
"species",483,483,919,576,89.3912675160567,"21"
"species",484,484,877,621,95.6671184897242,"8"
"species",485,485,870,615,95.7044690623879,"8"
"species",486,486,1091,601,47.1806311607361,"8"
"species",487,487,1005,553,66.6235825610339,"8"
"species",488,488,966,547,158.220933534444,"8"
"species",489,489,1096,606,129.609716966748,"8"
"species",490,490,898,631,81.7906330075836,"13"
"species",491,491,1044,472,452.665139279202,"8"
"species",492,492,1740,610,11.5878555672243,"2"
"species",493,493,1126,507,104.619238411493,"9"
"species",494,494,952,555,159.644566685021,"8"
"species",495,495,1796,633,47.1156765409048,"8"
"species",496,496,1043,515,35.1086781211197,"8"
"species",497,497,883,605,83.5352247953402,"8"
"species",498,498,1102,502,129.264272027116,"13"
"species",499,499,993,604,194.859587028565,"8"
"species",500,500,1164,596,268.058144281308,"8"
"species",501,501,1001,515,105.530243366477,"21"
"species",502,502,1060,505,168.300362599229,"21"
"species",503,503,1067,498,155.235805992122,"9"
"species",504,504,1167,474,692.858120685398,"9"
"species",505,505,1044,512,281.862869057784,"21"
"species",506,506,960,557,203.936984311972,"8"
"species",507,507,1083,500,150.197226125967,"21"
"species",508,508,1030,569,99.2831960332118,"8"
"species",509,509,1575,572,30.2770376130939,"2"
"species",510,510,1653,609,11.6484875334555,"2"
"species",511,511,1545,561,24.9279500663015,"2"
"species",512,512,1471,505,15.2223088237981,"2"
"species",513,513,936,650,69.1843178346737,"8"
"species",514,514,1066,491,335.561305880283,"8"
"species",515,515,884,834,76.5618062838912,"1"
"species",516,516,972,591,193.808026984435,"8"
"species",517,517,1116,510,143.342548628469,"8"
"species",518,518,1382,489,16.1109503395855,"2"
"species",519,519,1528,561,54.9546588212252,"13"
"species",520,520,1058,473,62.3651200346649,"2"
"species",521,521,1330,485,27.7750494815295,"99"
"species",522,522,1108,482,27.3929609376937,"2"
"species",523,523,1079,491,146.607969124202,"8"
"species",524,524,1009,499,135.115575850039,"8"
"species",525,525,881,653,73.4586408958662,"1"
"species",526,526,1036,654,238.961782385906,"21"
"species",527,527,924,626,147.522783398709,"21"
"species",528,528,1045,484,71.2146034564411,"8"
"species",529,529,1074,471,88.0344366505742,"1"
"species",530,530,1140,508,66.4852622523904,"8"
"species",531,531,934,547,100.886460632116,"21"
"species",532,532,1197,434,7474.92333781734,"13"
"species",533,533,939,565,119.854792476726,"8"
"species",534,534,952,624,95.2286938373379,"21"
"species",535,535,997,544,223.137207591665,"21"
"species",536,536,1039,559,89.9213181957538,"21"
"species",537,537,1074,569,124.207231774926,"8"
"species",538,538,826,1042,77.3043874055436,"1"
"species",539,539,1802,647,47.8568566887797,"2"
"species",540,540,1119,473,70.8868243843317,"2"
"species",541,541,1099,466,60.6637783270477,"1"
"species",542,542,1069,482,145.582661472453,"2"
"species",543,543,1107,475,156.562285086921,"2"
"species",544,544,1027,649,217.486190343265,"8"
"species",545,545,1066,498,173.193332225074,"8"
"species",546,546,920,607,78.618545204401,"8"
"species",547,547,1020,490,130.632074847817,"8"
"species",548,548,964,551,105.407848768402,"21"
"species",549,549,1019,559,96.2434502991351,"21"
"species",550,550,991,749,44.0877668559551,"8"
"species",551,551,1085,481,37.5100969382055,"2"
"species",552,552,1080,480,28.1680328809834,"2"
"species",553,553,1007,505,28.3009966116024,"21"
"species",554,554,1108,478,31.108424272952,"2"
"species",555,555,996,685,44.0877673923969,"1"
"species",556,556,964,599,155.333253622055,"1"
"species",557,557,1001,532,320.914435354739,"8"
"species",558,558,1378,590,42.4965386908885,"8"
"species",559,559,1094,476,70.8868271112442,"2"
"species",560,560,1766,609,35.9207258988501,"2"
"species",561,561,1174,510,55.0739765118372,"8"
"species",562,562,880,642,83.6362783461809,"1"
"species",563,563,1198,497,12.2851085942239,"2"
"species",564,564,914,603,155.333251208067,"21"
"species",565,565,936,623,146.653951853514,"8"
"species",566,566,1490,506,7.99457290908322,"2"
"species",567,567,935,563,151.192730158472,"21"
"species",568,568,1594,581,30.2770377900451,"2"
"species",569,569,1614,554,8.3285136912018,"2"
"species",570,570,1825,602,187.033162519336,"8"
"species",571,571,1556,589,13.5787339424716,"2"
"species",572,572,1553,539,8.32851382251829,"8"
"species",573,573,1135,509,56.624860564675,"21"
"species",574,574,1530,532,14.5972302178993,"2"
"species",575,575,1655,632,31.6483788639307,"8"
"species",576,576,1798,638,47.2207547165453,"2"
"species",577,577,1054,627,270.643086369876,"8"
"species",578,578,1025,623,72.3452824388922,"8"
"species",579,579,1133,451,153.972560629249,"21"
"species",580,580,1118,482,75.2175273053473,"2"
"species",581,581,1078,471,62.36511901021,"2"
"species",582,582,1818,656,83.8414883390069,"8"
"species",583,583,836,897,64.3407682667558,"21"
"species",584,584,1056,507,291.262468636986,"2"
"species",585,585,1132,459,62.1448011659086,"2"
"species",586,586,1059,483,38.7746028713882,"2"
"species",587,587,1137,516,12.2851087148612,"2"
"species",588,588,1338,583,58.7414499559409,"8"
"species",589,589,1127,471,70.8868267312646,"2"
"species",590,590,1024,505,173.138619818934,"3"
"species",591,591,1125,454,102.998431366746,"21"
"species",592,592,914,558,84.4146360233426,"21"
"species",593,593,919,580,83.5130714699626,"8"
"species",594,594,1782,641,43.6482142359052,"8"
"species",595,595,889,599,83.5130732804537,"21"
"species",596,596,924,595,78.8029174729844,"1"
"species",597,597,790,1009,76.5618031322956,"21"
"species",598,598,1039,640,238.961780413985,"8"
"species",599,599,1005,552,63.5969063754679,"21"
"species",600,600,1054,491,109.221915505826,"1"
"species",601,601,986,657,91.3359807322187,"8"
"species",602,602,1030,645,55.1219354905188,"9"
"species",603,603,1011,514,171.82033892101,"8"
"species",604,604,1023,493,35.4062486123486,"2"
"species",605,605,934,575,297.845926164903,"21"
"species",606,606,997,693,53.0461353783583,"8"
"species",607,607,1133,470,80.9107875898549,"2"
"species",608,608,1044,592,127.906619898768,"8"
"species",609,609,1110,469,78.3151115960733,"2"
"species",610,610,934,565,264.812656788967,"8"
"species",611,611,989,620,69.8249972047705,"8"
"species",612,612,867,623,93.5961995569094,"8"
"species",613,613,1002,642,55.121935274452,"1"
"species",614,614,892,568,83.7265672609595,"1"
"species",615,615,1057,475,88.0344379469752,"8"
"species",616,616,1133,507,12.285108553217,"9"
"species",617,617,908,593,83.5130711644888,"8"
"species",618,618,1592,584,34.5312207005856,"2"
"species",619,619,1620,586,44.971824854659,"8"
"species",620,620,1059,568,44.1074104644296,"1"
"species",621,621,1011,505,38.6079339310506,"21"
"species",622,622,1023,569,49.8439017302431,"1"
"species",623,623,976,615,73.5593874976039,"8"
"species",624,624,1073,630,238.961775648925,"21"
"species",625,625,1060,507,259.346073916396,"8"
"species",626,626,1077,517,364.501159934153,"8"
"species",627,627,1777,612,36.4315739683807,"2"
"species",628,628,907,813,76.5618053823709,"8"
"species",629,629,1085,504,30.8948356128742,"8"
"species",630,630,898,623,73.1341437475174,"1"
"species",631,631,952,560,244.402515282201,"8"
"species",632,632,1057,565,122.100333310399,"1"
"species",633,633,920,594,312.835780113746,"8"
"species",634,634,1073,505,35.1086786463857,"2"
"species",635,635,1110,507,12.315577311445,"2"
"species",636,636,1101,462,88.0344356298447,"21"
"species",637,637,982,674,97.1699843555689,"1"
"species",638,638,945,553,90.3193009862471,"21"
"species",639,639,1086,586,125.47870058582,"21"
"species",640,640,1141,496,15.7846008691268,"2"
"species",641,641,1111,472,62.3651204891503,"8"
"species",642,642,1051,568,88.7184446230162,"21"
"species",643,643,925,565,283.198778331035,"8"
"species",644,644,966,608,173.41826967993,"1"
"species",645,645,1057,487,104.15111945563,"1"
"species",646,646,1108,457,107.925045762844,"21"
"species",647,647,905,590,72.8253206760072,"8"
"species",648,648,1099,477,165.039366231035,"21"
"species",649,649,1029,577,69.1010578315338,"8"
"species",650,650,899,585,281.397367030396,"21"
"species",651,651,1010,654,61.3606121771674,"21"
"species",652,652,1138,505,148.542560577393,"9"
"species",653,653,1083,479,54.6680491827428,"21"
"species",654,654,1337,481,16.1109504252672,"2"
"species",655,655,1034,565,89.7320844903139,"21"
"species",656,656,1080,505,35.1086798943579,"2"
"species",657,657,1043,610,87.0073734805623,"9"
"species",658,658,1088,600,129.609715282917,"8"
"species",659,659,979,684,97.1685463860629,"8"
"species",660,660,1095,615,47.1806319318712,"8"
"species",661,661,964,551,137.205789723637,"21"
"species",662,662,986,587,79.2572473711705,"8"
"species",663,663,1111,469,101.206646912848,"21"
"species",664,664,1052,564,115.067285270926,"21"
"species",665,665,1030,494,130.152093999148,"8"
"species",666,666,1034,539,65.2082176623793,"8"
"species",667,667,1777,643,47.2207546718419,"8"
"species",668,668,1080,478,54.6680502146482,"1"
"species",669,669,1030,538,62.248334441334,"8"
"species",670,670,879,598,134.630768888697,"8"
"species",671,671,1179,509,12.2851088391617,"2"
"species",672,672,1073,509,35.1086794473231,"2"
"species",673,673,1027,492,130.725811958361,"8"
"species",674,674,1059,479,39.1093251928977,"2"
"species",675,675,1379,577,14.2855168310653,"2"
"species",676,676,803,924,76.5618063360453,"8"
"species",677,677,1018,593,44.087767444551,"21"
"species",678,678,939,577,179.927032452369,"9"
"species",679,679,1018,588,44.0877669081092,"8"
"species",680,680,965,556,186.408217311595,"8"
"species",681,681,1351,571,59.3752659372985,"8"
"species",682,682,969,610,155.333251908421,"21"
"species",683,683,887,608,95.7361176684459,"21"
"species",684,684,1524,619,31.5578547418258,"2"
"species",685,685,873,858,76.5618061572313,"1"
"species",686,686,1831,657,28.9378965683554,"2"
"species",687,687,1050,512,35.1086775176227,"8"
"species",688,688,956,679,68.7738443797249,"1"
"species",689,689,1101,505,148.638636015648,"9"
"species",690,690,930,728,69.1809894964076,"1"
"species",691,691,908,589,139.148328980138,"1"
"species",692,692,1558,564,20.3424272836825,"8"
"species",693,693,1120,494,370.968308777183,"8"
"species",694,694,1612,584,32.4823103976354,"2"
"species",695,695,849,833,67.6104277043304,"8"
"species",696,696,929,568,96.7551665455103,"21"
"species",697,697,892,616,86.0944115891094,"1"
"species",698,698,936,754,72.2749577801848,"1"
"species",699,699,960,698,67.0719827149039,"8"
"species",700,700,1550,524,8.32851373869926,"8"
"species",701,701,1098,465,88.0344363674521,"21"
"species",702,702,1779,634,47.220755033195,"8"
"species",703,703,1062,485,96.4677910872733,"8"
"species",704,704,977,692,97.1699838712811,"78"
"species",705,705,918,578,170.983382984483,"21"
"species",706,706,1097,489,197.977926503695,"13"
"species",707,707,880,624,92.1938558145873,"13"
"species",708,708,890,647,81.9596977683783,"8"
"species",709,709,1003,659,173.619034264421,"8"
"species",710,710,1596,582,32.292541336323,"2"
"species",711,711,1772,633,25.1742627154581,"2"
"species",712,712,920,747,62.004003896807,"1"
"species",713,713,1262,474,27.929917577666,"8"
"species",714,714,1104,574,47.9977731481575,"21"
"species",715,715,1089,577,47.1806308440864,"1"
"species",716,716,1204,441,7778.8624656381,"13"
"species",717,717,870,578,155.442969158265,"8"
"species",718,718,913,967,59.181937965254,"21"
"species",719,719,1040,479,263.444983593623,"3"
"species",720,720,951,910,77.9810213446617,"1"
"species",721,721,1156,471,80.9754753932357,"8"
"species",722,722,1175,458,104.665092557669,"2"
"species",723,723,1186,446,62.1432967111468,"2"
"species",724,724,1642,592,45.3161176033318,"8"
"species",725,725,1085,571,48.740924321115,"8"
"species",726,726,1082,480,115.097683270647,"2"
"species",727,727,1100,602,47.1806300319731,"1"
"species",728,728,925,981,59.1819366216659,"8"
"species",729,729,1099,482,289.570079011629,"9"
"species",730,730,1189,460,104.665092259645,"3"
"species",731,731,1092,482,130.134573305466,"9"
"species",732,732,1179,514,55.0739771462977,"2"
"species",733,733,1148,475,31.4841168057173,"8"
"species",734,734,1712,636,24.9755643941462,"8"
"species",735,735,1204,443,62.1432970426977,"2"
"species",736,736,1119,479,27.3929609619081,"2"
"species",737,737,1007,522,116.969169214368,"13"
"species",738,738,1037,541,123.452787442428,"8"
"species",739,739,1089,561,48.3054570219383,"1"
"species",740,740,990,763,39.9390476902274,"21"
"species",741,741,1290,491,41.3220803814454,"2"
"species",742,742,1346,478,65.2886576354066,"2"
"species",743,743,1316,481,39.9404726475477,"2"
"species",744,744,1166,435,688.487962215296,"2"
"species",745,745,1101,545,381.847118854224,"13"
"species",746,746,895,586,133.498057928594,"8"
"species",747,747,890,591,105.770236693547,"21"
"species",748,748,1019,623,71.2900497278592,"21"
"species",749,749,1219,537,55.0739790797234,"8"
"species",750,750,876,572,111.938721142709,"8"
"species",751,751,911,591,78.7122615277782,"21"
"species",752,752,1033,541,229.61556862269,"21"
"species",753,753,903,594,89.048961609441,"8"
"species",754,754,1179,479,66.4852619692683,"21"
"species",755,755,1085,501,57.7704473924146,"8"
"species",756,756,998,503,489.101147469172,"8"
"species",757,757,1092,491,57.2614502497599,"1"
"species",758,758,1067,488,59.476809728585,"13"
"species",759,759,1156,480,397.623471839557,"21"
"species",760,760,1030,580,134.298365486971,"13"
"species",761,761,850,586,110.984256870117,"8"
"species",762,762,1080,496,367.160324244766,"21"
"species",763,763,1085,472,87.8378272653232,"8"
"species",764,764,898,609,116.513502321369,"1"
"species",765,765,1143,447,115.326341836888,"13"
"species",766,766,841,600,141.342278792772,"8"
"species",767,767,978,617,153.270840898148,"8"
"species",768,768,936,568,104.241862602805,"8"
"species",769,769,938,561,97.1797563583181,"21"
"species",770,770,1105,609,188.625377982855,"8"
"species",771,771,1170,456,153.790291026279,"13"
"species",772,772,1069,601,129.609716743231,"13"
"species",773,773,965,631,188.30828963217,"21"
"species",774,774,1145,486,311.748357060486,"8"
"species",775,775,906,610,146.653956368566,"8"
"species",776,776,1008,624,187.048442005724,"21"
"species",777,777,1222,460,102.334177702354,"21"
"species",778,778,1217,460,107.314192920923,"8"
"species",779,779,949,577,124.288877800151,"21"
"species",780,780,1037,579,195.017072409276,"21"
"species",781,781,1012,566,195.669521152973,"21"
"species",782,782,1162,545,68.3030779510737,"8"
"species",783,783,1152,539,57.8395338129162,"21"
"species",784,784,1135,544,59.2315187569933,"8"
"species",785,785,940,678,69.2006482630968,"8"
"species",786,786,1213,460,107.314192518592,"21"
"species",787,787,1036,686,38.5946506746113,"8"
"species",788,788,1121,548,122.927870355546,"1"
"species",789,789,1165,544,67.3524701034932,"13"
"species",790,790,1090,641,38.5946506485343,"8"
"species",791,791,1000,657,97.1699879840016,"8"
"species",792,792,1049,516,155.835739061236,"8"
"species",793,793,1029,594,44.0877671092749,"21"
"species",794,794,941,659,69.2006480544806,"1"
"species",795,795,1306,566,29.3296745792031,"13"
"species",796,796,1067,472,110.712757941725,"2"
"species",797,797,1060,685,1380.90002424994,"13"
"species",798,798,1043,526,175.926132653655,"8"
"species",799,799,1100,646,66.859510447987,"8"
"species",800,800,1159,530,56.9827611967921,"21"
"species",801,801,1012,694,436.990339708061,"8"
"species",802,802,1034,527,170.286739423784,"8"
"species",803,803,1018,549,3739.49662833484,"13"
"species",804,804,1034,535,62.248334556818,"8"
"species",805,805,1042,674,397.173582108927,"8"
"species",806,806,1018,519,123.811516516043,"8"
"species",807,807,1014,529,193.78989371811,"2"
"species",808,808,1092,528,122.927871868014,"21"
"species",809,809,934,553,259.71961209713,"8"
"species",810,810,1024,522,323.655341917328,"8"
"species",811,811,923,590,117.686052829656,"8"
"species",812,812,1058,506,183.086589289857,"2"
"species",813,813,1038,503,109.221917442977,"8"
"species",814,814,1055,534,132.242842886761,"21"
"species",815,815,1040,535,62.2483361624181,"13"
"species",816,816,1028,664,67.9414492210259,"21"
"species",817,817,1146,500,192.811159670353,"13"
"species",818,818,1048,536,172.811221673894,"8"
"species",819,819,1023,510,35.1086781509221,"2"
"species",820,820,1121,458,62.1432975009084,"2"
"species",821,821,1063,540,1073.72757406233,"13"
"species",822,822,1145,443,92.6632314759634,"2"
"species",823,823,919,610,110.779027886689,"21"
"species",824,824,1164,427,1222.2856392831,"13"
"species",825,825,967,568,83.513070859015,"13"
"species",826,826,1138,458,70.8868234455585,"9"
"species",827,827,1073,655,38.5946502350271,"21"
"species",828,828,1035,521,155.782311573625,"8"
"species",829,829,937,547,85.9989807605829,"8"
"species",830,830,905,559,263.193194775176,"8"
"species",831,831,1099,486,296.130782588886,"13"
"species",832,832,954,566,83.5130705162883,"8"
"species",833,833,1105,472,115.311483831838,"21"
"species",834,834,1077,516,122.927870079875,"21"
"species",835,835,989,618,73.5593877583742,"8"
"species",836,836,976,530,878.581631792193,"13"
"species",837,837,1007,512,135.438257619746,"21"
"species",838,838,1198,430,3373.09252784714,"2"
"species",839,839,1117,518,289.281820402761,"21"
"species",840,840,1232,456,176.885136023537,"2"
"species",841,841,1000,507,135.336141452204,"13"
"species",842,842,1091,491,27.3929609116167,"2"
"species",843,843,968,549,150.883793028158,"8"
"species",844,844,920,552,266.066747441676,"8"
"species",845,845,1019,567,222.45193195343,"8"
"species",846,846,957,552,84.7372384891383,"8"
"species",847,847,1005,507,61.617795797561,"8"
"species",848,848,1083,540,4251.88243562776,"13"
"species",849,849,1070,515,122.927871473134,"21"
"species",850,850,1056,475,118.2094791272,"8"
"species",851,851,1079,599,242.687192052599,"8"
"species",852,852,1035,540,270.676317454684,"13"
"species",853,853,1034,632,139.744405514668,"8"
"species",854,854,995,518,56.4378484885206,"8"
"species",855,855,1236,477,31.4841168373823,"8"
"species",856,856,966,581,305.493793487109,"8"
"species",857,857,1086,540,3242.28926585971,"13"
"species",858,858,1219,475,40.0368203856051,"2"
"species",859,859,901,578,183.282180982729,"8"
"species",860,860,974,582,126.127278872066,"8"
"species",861,861,1043,528,192.811158910394,"2"
"species",862,862,1019,554,72.9056982039838,"21"
"species",863,863,1213,474,31.4841168373823,"2"
"species",864,864,1024,565,123.986153483513,"8"
"species",865,865,1258,543,55.0739783011377,"2"
"species",866,866,1160,493,176.724109283801,"8"
"species",867,867,1025,561,88.2954225556457,"21"
"species",868,868,930,559,96.7557483911517,"21"
"species",869,869,1085,465,27.3929610103369,"2"
"species",870,870,1430,605,29.5038501228826,"2"
"species",871,871,1049,489,108.488696418604,"8"
"species",872,872,1010,534,62.2483347542584,"21"
"species",873,873,1068,619,188.624616429209,"8"
"species",874,874,1383,450,9.26985032949597,"2"
"species",875,875,1022,583,289.647317682694,"13"
"species",876,876,1300,490,31.4856974847677,"8"
"species",877,877,1748,646,24.9755649864674,"8"
"species",878,878,1481,516,15.3538833670318,"8"
"species",879,879,1165,478,66.4852626398206,"21"
"species",880,880,1011,646,55.1219360530376,"1"
"species",881,881,953,520,84.811155975523,"9"
"species",882,882,1635,575,368.515058219433,"13"
"species",883,883,1065,574,192.685141548506,"21"
"species",884,884,1109,564,188.625378683209,"8"
"species",885,885,1051,510,124.719168082698,"21"
"species",886,886,967,550,83.9615563079435,"21"
"species",887,887,1537,559,8.3285139426589,"2"
"species",888,888,1307,555,54.9003765405994,"13"
"species",889,889,981,504,71.7779768137585,"8"
"species",890,890,1033,514,35.1086789220571,"2"
"species",891,891,1041,565,89.362160310442,"8"
"species",892,892,1101,518,132.669809156399,"21"
"species",893,893,1125,496,149.048023102075,"2"
"species",894,894,1056,514,35.1086793765426,"2"
"species",895,895,1089,497,285.836839497089,"21"
"species",896,896,1213,492,12.2851091148332,"13"
"species",897,897,1645,571,368.515061497688,"8"
"species",898,898,1295,491,164.260421335697,"2"
"species",899,899,1006,505,35.1086786463857,"2"
"species",900,900,1254,483,164.260421574116,"13"
"species",901,901,1496,541,15.3538836836815,"8"
"species",902,902,1077,459,28.3541641065646,"2"
"species",903,903,1768,627,12.9896063106538,"8"
"species",904,904,1140,479,296.860992967224,"21"
"species",905,905,1059,506,192.811151698232,"8"
"species",906,906,1530,630,36.5193017050624,"8"
"species",907,907,1534,641,36.5193010866642,"2"
"species",908,908,1633,635,31.6483794320375,"8"
"species",909,909,1366,565,13.5638852464035,"2"
"species",910,910,1097,539,4394.98628322479,"13"
"species",911,911,1615,623,93.1265755029572,"13"
"species",912,912,1639,583,47.5090109109879,"8"
"species",913,913,1653,609,92.1052696300755,"2"
"species",914,914,1837,605,100.361889035029,"2"
"species",915,915,1362,455,21.8033541217446,"8"
"species",916,916,1460,525,15.3538830606267,"2"
"species",917,917,991,689,55.1219357438386,"8"
"species",918,918,1215,486,31.4841170720756,"8"
"species",919,919,1313,460,22.8146619364091,"2"
"species",920,920,1131,469,27.3929609488696,"2"
"species",921,921,935,568,101.814111016537,"8"
"species",922,922,1131,456,98.9955765981002,"21"
"species",923,923,1321,573,29.3296747654676,"8"
"species",924,924,1320,571,29.3296744022518,"21"
"species",925,925,1071,507,182.647207528773,"21"
"species",926,926,1298,568,29.3296754173934,"21"
"species",927,927,1241,527,55.0739772245288,"2"
"species",928,928,1179,459,104.665095254779,"8"
"species",929,929,1100,488,336.882714333176,"21"
"species",930,930,1072,543,262.501713357976,"8"
"species",931,931,1097,565,275.725210726698,"8"
"species",932,932,1086,536,370.942941843021,"8"
"species",933,933,1025,511,35.1086788587272,"2"
"species",934,934,1053,513,35.1086789630353,"2"
"species",935,935,1259,488,28.0261340886354,"2"
"species",936,936,1156,476,31.484116345644,"8"
"species",937,937,1273,483,28.0261335782707,"2"
"species",938,938,873,580,111.93872281909,"8"
"species",939,939,1063,470,213.825139823764,"8"
"species",940,940,1182,451,148.174097219368,"2"
"species",941,941,1144,503,285.836834281683,"13"
"species",942,942,1093,469,111.351491041481,"8"
"species",943,943,1107,475,57.9572630934417,"8"
"species",944,944,1036,534,381.258250840695,"8"
"species",945,945,1227,481,160.471183933861,"2"
"species",946,946,1097,490,173.278222680092,"21"
"species",947,947,1159,512,801.00029429928,"21"
"species",948,948,1066,475,485.077340875202,"8"
"species",949,949,899,726,59.1819387078285,"21"
"species",950,950,1130,476,343.591795807625,"8"
"species",951,951,970,521,197.645421754154,"8"
"species",952,952,1066,682,1551.17246044599,"8"
"species",953,953,1047,580,57.5062714032829,"1"
"species",954,954,1173,458,99.7781884891606,"2"
"species",955,955,965,577,194.86802792556,"21"
"species",956,956,931,609,155.333249986172,"21"
"species",957,957,1804,641,47.2207539305091,"8"
"species",958,958,933,599,166.613704350885,"1"
"species",959,959,1064,468,235.292408138513,"2"
"species",960,960,903,618,146.653957471251,"8"
"species",961,961,1067,503,173.278223991394,"21"
"species",962,962,1073,509,129.686609700728,"21"
"species",963,963,1197,540,68.3031039834023,"21"
"species",964,964,1080,465,29.1385933890601,"2"
"species",965,965,1034,529,283.173933547759,"8"
"species",966,966,1035,558,195.669516474009,"8"
"species",967,967,951,891,168.42186944731,"8"
"species",968,968,918,608,126.309612341241,"8"
"species",969,969,1066,563,195.669518053532,"21"
"species",970,970,1105,508,66.4852627366781,"21"
"species",971,971,887,600,78.6185436323285,"21"
"species",972,972,1140,466,76.3998681232333,"8"
"species",973,973,1092,595,188.62537831068,"21"
"species",974,974,993,672,79.0075445317395,"8"
"species",975,975,997,655,44.2412162534221,"21"
"species",976,976,930,561,84.4146365523338,"21"
"species",977,977,1169,480,66.4852628111839,"21"
"species",978,978,1087,499,145.977494620102,"2"
"species",979,979,1146,468,76.3998695015907,"21"
"species",980,980,1076,473,54.6680506318808,"1"
"species",981,981,1086,538,62.1468408405781,"1"
"species",982,982,1106,474,88.0344391837716,"1"
"species",983,983,1274,497,39.9404731355608,"2"
"species",984,984,991,670,85.847209631669,"1"
"species",985,985,1115,546,48.7409245334566,"1"
"species",986,986,1351,478,16.1109505612403,"2"
"species",987,987,1081,486,54.6694134548314,"1"
"species",988,988,1128,499,66.4852636307478,"1"
"species",989,989,1198,464,83.3472274008163,"21"
"species",990,990,1063,596,129.609715506434,"1"
"species",991,991,1239,454,104.970841154939,"21"
"species",992,992,1185,421,1273.83647620652,"13"
"species",993,993,978,603,71.6069178655772,"1"
"species",994,994,1479,508,7.9961726991468,"2"
"species",995,995,1836,615,46.8239711515457,"8"
"species",996,996,1236,454,85.4922055368251,"2"
"species",997,997,1509,558,54.81900195398,"8"
"species",998,998,1254,455,105.338016099623,"21"
"species",999,999,1733,603,23.1764067206296,"2"
"species",1000,1000,1749,600,23.9018096271902,"2"
"species",1001,1001,1698,613,13.3724337769672,"2"
"species",1002,1002,1659,564,45.9121842123568,"8"
"species",1003,1003,1643,600,57.7214415868985,"8"
"species",1004,1004,1707,595,23.9018097203225,"2"
"species",1005,1005,1638,601,55.1236511320465,"2"
"species",1006,1006,1501,500,7.99457301897928,"2"
"species",1007,1007,1199,451,81.9851076230407,"21"
"species",1008,1008,1524,520,8.54500515107038,"2"
"species",1009,1009,1086,534,62.2483336552977,"1"
"species",1010,1010,1020,679,38.5946512594819,"8"
"species",1011,1011,912,606,110.779029019177,"21"
"species",1012,1012,1053,596,57.5062716379762,"8"
"species",1013,1013,1077,499,61.5994122848652,"21"
"species",1014,1014,1405,452,9.26985064055771,"2"
"species",1015,1015,1609,546,20.1876565173065,"2"
"species",1016,1016,1004,608,73.5593852549791,"8"
"species",1017,1017,1036,669,38.5946508869529,"21"
"species",1018,1018,1181,461,147.182055457371,"21"
"species",1019,1019,894,561,111.938722983003,"8"
"species",1020,1020,1625,576,368.515059024095,"13"
"species",1021,1021,1776,628,11.587855508551,"2"
"species",1022,1022,1800,623,11.5878554498777,"2"
"species",1023,1023,1646,584,7.9945728816092,"2"
"species",1024,1024,1060,511,54.6680513322353,"8"
"species",1025,1025,1835,621,126.103452452833,"8"
"species",1026,1026,1106,574,149.893505683181,"1"
"species",1027,1027,1033,505,144.171369762233,"15"
"species",1028,1028,1111,468,27.3929608669132,"2"
"species",1029,1029,1140,467,32.5670334845416,"2"
"species",1030,1030,935,551,99.8575193137276,"21"
"species",1031,1031,1062,483,86.691927239259,"8"
"species",1032,1032,1536,514,7.99460047995671,"8"
"species",1033,1033,1132,469,56.7674910669791,"2"
"species",1034,1034,1040,508,155.835737884045,"8"
"species",1035,1035,1095,491,22.6926350742578,"2"
"species",1036,1036,1138,466,70.8143485859482,"2"
"species",1037,1037,1362,575,29.3296748716384,"15"
"species",1038,1038,1034,554,192.811164438725,"2"
"species",1039,1039,1098,475,51.415074139567,"2"
"species",1040,1040,1359,568,29.3296747598797,"2"
"species",1041,1041,1126,475,31.484116461128,"8"
"species",1042,1042,1143,465,57.8659702893797,"15"
"species",1043,1043,1627,633,31.6483792830259,"2"
"species",1044,1044,1320,569,29.3296755068004,"15"
"species",1045,1045,1064,530,192.811153322458,"13"
"species",1046,1046,1355,572,29.3296739496291,"15"
"species",1047,1047,1314,555,54.5605686737902,"8"
"species",1048,1048,1343,566,29.3296744152904,"2"
"species",1049,1049,1339,576,29.329674705863,"15"
"species",1050,1050,1071,499,146.464595861487,"2"
"species",1051,1051,1276,550,29.329674994573,"2"
"species",1052,1052,1047,546,2331.62309767583,"13"
"species",1053,1053,1212,491,12.2851088959724,"2"
"species",1054,1054,1362,454,9.26985022891313,"8"
"species",1055,1055,1516,516,7.9945730320178,"2"
"species",1056,1056,1518,560,52.3960987919032,"8"
"species",1057,1057,1214,479,164.260420277715,"2"
"species",1058,1058,1683,586,47.5090106390417,"25"
"species",1059,1059,1240,480,164.260421216488,"13"
"species",1060,1060,1539,641,36.503805720179,"8"
"species",1061,1061,1632,612,93.2638153359294,"8"
"species",1062,1062,1457,610,29.2032631170005,"2"
"species",1063,1063,1351,574,13.5638850610703,"8"
"species",1064,1064,1059,542,143.82708701394,"1"
"species",1065,1065,940,587,114.441171572908,"1"
"species",1066,1066,1286,501,39.9404714368284,"2"
"species",1067,1067,979,665,55.1219355128705,"1"
"species",1068,1068,944,539,96.7551629990339,"21"
"species",1069,1069,1012,480,130.632073447108,"2"
"species",1070,1070,949,795,176.495575234294,"1"
"species",1071,1071,1195,594,268.058145200289,"13"
"species",1072,1072,1056,521,124.421352700346,"8"
"species",1073,1073,1095,535,1252.72971254574,"13"
"species",1074,1074,1048,507,109.221917666495,"8"
"species",1075,1075,1084,526,75.3988170653373,"1"
"species",1076,1076,1605,572,38.0764345433923,"15"
"species",1077,1077,1232,483,40.0368197076023,"2"
"species",1078,1078,1035,592,145.30361837586,"13"
"species",1079,1079,1800,618,76.3803678768808,"8"
"species",1080,1080,985,533,94.3341322616573,"21"
"species",1081,1081,1261,480,28.0261333286762,"2"
"species",1082,1082,1448,484,9.43323475320592,"2"
"species",1083,1083,1197,492,12.2851088671014,"2"
"species",1084,1084,933,630,153.254177317023,"1"
"species",1085,1085,1620,616,93.2638167366385,"8"
"species",1086,1086,1750,631,12.0281213867487,"8"
"species",1087,1087,1173,456,104.903654135792,"2"
"species",1088,1088,868,606,137.765520533321,"8"
"species",1089,1089,917,847,76.9754010588627,"1"
"species",1090,1090,893,602,154.901583760935,"21"
"species",1091,1091,962,531,101.111183777452,"8"
"species",1092,1092,878,550,85.3066874519484,"8"
"species",1093,1093,1147,447,153.219720557002,"21"
"species",1094,1094,1090,590,242.657010346651,"8"
"species",1095,1095,1027,526,152.06326478771,"8"
"species",1096,1096,1069,541,3633.39075254886,"8"
"species",1097,1097,1045,539,1486.42117465116,"8"
"species",1098,1098,975,865,176.495569757107,"21"
"species",1099,1099,1213,460,950.866661417607,"8"
"species",1100,1100,1028,499,131.043813422829,"21"
"species",1101,1101,992,532,86.1829177811742,"8"
"species",1102,1102,1063,595,241.844744250128,"8"
"species",1103,1103,1494,502,7.99457290023565,"2"
"species",1104,1104,951,514,37.3103388047225,"9"
"species",1105,1105,706,1042,76.5618032167355,"8"
"species",1106,1106,945,548,97.3638028503618,"21"
"species",1107,1107,1093,613,260.558396669216,"8"
"species",1108,1108,1363,474,69.8443288405964,"8"
"species",1109,1109,1813,601,208.561102695262,"8"
"species",1110,1110,966,541,100.885697267893,"8"
"species",1111,1111,1147,544,68.2823666781124,"8"
"species",1112,1112,1329,463,21.8033535815775,"8"
"species",1113,1113,1309,534,21.3910472183798,"2"
"species",1114,1114,1192,460,104.665094532073,"3"
"species",1115,1115,1577,536,8.32851378899068,"8"
"species",1116,1116,1125,475,116.225207842332,"9"
"species",1117,1117,1003,622,55.1219364069402,"13"
"species",1118,1118,935,576,168.516099060626,"8"
"species",1119,1119,957,615,188.625376090407,"1"
"species",1120,1120,1702,585,47.5090115703642,"8"
"species",1121,1121,1170,453,83.115742855328,"21"
"species",1122,1122,1146,455,62.1432976163924,"1"
"species",1123,1123,1318,550,29.9439172729775,"9"
"species",1124,1124,1605,633,31.6483796369284,"8"
"species",1125,1125,1598,621,93.2638180553913,"2"
"species",1126,1126,1614,590,87.67247442167,"2"
"species",1127,1127,1792,617,23.9018094595522,"2"
"species",1128,1128,1165,441,62.1432958431542,"2"
"species",1129,1129,1581,559,14.4865802058855,"2"
"species",1130,1130,1603,587,339.511108735423,"2"
"species",1131,1131,1591,581,45.316117528826,"8"
"species",1132,1132,1003,1115,77.9810220118273,"8"
"species",1133,1133,1210,438,8061.5103550324,"13"
"species",1134,1134,1844,617,44.1872628453217,"8"
"species",1135,1135,1717,632,24.9755647405982,"2"
"species",1136,1136,1369,456,21.8033536616713,"2"
"species",1137,1137,1064,499,22.6926351059228,"8"
"species",1138,1138,1133,466,65.3214874454422,"2"
"species",1139,1139,1351,464,21.8033538851887,"2"
"species",1140,1140,1268,488,134.360761276646,"2"
"species",1141,1141,979,626,188.270151406504,"8"
"species",1142,1142,1821,636,84.3064445737497,"2"
"species",1143,1143,1776,645,48.2943199057934,"2"
"species",1144,1144,1028,520,124.141072541432,"21"
"species",1145,1145,1043,515,35.1086777001619,"2"
"species",1146,1146,945,610,155.333248704672,"8"
"species",1147,1147,1317,477,128.83013041877,"8"
"species",1148,1148,1250,456,90.8218683747587,"8"
"species",1149,1149,1213,518,55.0739762624105,"9"
"species",1150,1150,1026,509,109.221917867661,"8"
"species",1151,1151,882,622,135.782311669248,"1"
"species",1152,1152,952,521,93.9750591426943,"9"
"species",1153,1153,1586,556,7.99457292817533,"2"
"species",1154,1154,1483,495,7.99457299849018,"2"
"species",1155,1155,1827,609,177.22467218378,"8"
"species",1156,1156,1054,576,75.2603049054952,"21"
"species",1157,1157,1116,468,27.3929609656334,"2"
"species",1158,1158,1014,500,35.1086792014539,"2"
"species",1159,1159,1520,559,48.0304022575221,"8"
"species",1160,1160,1628,600,93.2638202980161,"15"
"species",1161,1161,1226,469,28.0261338762939,"2"
"species",1162,1162,1362,455,42.3054869301212,"2"
"species",1163,1163,1176,431,1166.66547977839,"2"
"species",1164,1164,1577,563,20.4747775807468,"2"
"species",1165,1165,1308,456,21.8033540584147,"2"
"species",1166,1166,965,616,180.403259939419,"21"
"species",1167,1167,789,1026,76.6201695204042,"8"
"species",1168,1168,1061,467,231.549300550968,"8"
"species",1169,1169,1467,511,15.353883607313,"2"
"species",1170,1170,978,683,61.4570070505726,"1"
"species",1171,1171,1039,490,35.3848283284283,"9"
"species",1172,1172,1871,613,107.452083505724,"2"
"species",1173,1173,1087,646,38.5946503132582,"1"
"species",1174,1174,1131,510,598.404038678792,"21"
"species",1175,1175,1194,462,107.314191691577,"21"
"species",1176,1176,936,773,76.5618055313825,"21"
"species",1177,1177,1502,505,7.99457294167951,"15"
"species",1178,1178,1278,506,18.4613004905735,"13"
"species",1179,1179,1017,555,83.2325132015928,"31"
"species",1180,1180,1090,573,48.7409239932895,"1"
"species",1181,1181,1034,488,38.7746033035219,"8"
"species",1182,1182,1080,489,146.464595392346,"2"
"species",1183,1183,1141,460,70.6773255354677,"2"
"species",1184,1184,1339,454,90.8156102687284,"8"
"species",1185,1185,1173,456,1105.4778934441,"2"
"species",1186,1186,1036,510,35.1086781322956,"2"
"species",1187,1187,953,1000,77.3352283188887,"21"
"species",1188,1188,900,588,92.9390417194704,"21"
"species",1189,1189,986,524,101.42501553148,"21"
"species",1190,1190,1064,490,126.426542361515,"1"
"species",1191,1191,1376,455,21.8033543322235,"2"
"species",1192,1192,1134,536,58.2042605056767,"8"
"species",1193,1193,943,725,48.6673308315645,"1"
"species",1194,1194,963,518,101.111187823117,"21"
"species",1195,1195,1161,540,67.1114914676226,"8"
"species",1196,1196,1448,492,15.8179813054016,"8"
"species",1197,1197,1608,617,31.6483794748783,"8"
"species",1198,1198,1059,509,155.827440619469,"21"
"species",1199,1199,1527,568,42.7215577438474,"8"
"species",1200,1200,1799,608,96.394489836002,"2"
"species",1201,1201,891,606,141.477821057224,"1"
"species",1202,1202,1035,518,527.306888743712,"8"
"species",1203,1203,1477,513,15.3538835654035,"2"
"species",1204,1204,1034,574,124.207227297127,"8"
"species",1205,1205,1129,479,27.3929610103369,"2"
"species",1206,1206,1654,574,182.424619724864,"8"
"species",1207,1207,1784,641,47.2207553908229,"8"
"species",1208,1208,1615,580,191.366616931724,"8"
"species",1209,1209,1536,518,8.06413356073989,"2"
"species",1210,1210,1154,457,70.8868259713054,"2"
"species",1211,1211,1064,473,75.5426342153648,"2"
"species",1212,1212,1512,582,13.5638846466318,"2"
"species",1213,1213,1556,566,19.6327603049576,"2"
"species",1214,1214,973,525,95.4581585370388,"8"
"species",1215,1215,1822,598,187.033163636923,"8"
"species",1216,1216,881,644,72.8252282365483,"21"
"species",1217,1217,1333,472,62.6776542666429,"8"
"species",1218,1218,1617,544,7.99457282759249,"2"
"species",1219,1219,974,622,178.979433597029,"21"
"species",1220,1220,1052,526,163.354866535163,"8"
"species",1221,1221,918,610,107.270290466631,"21"
"species",1222,1222,964,707,123.500653503649,"8"
"species",1223,1223,965,556,248.195110320256,"8"
"species",1224,1224,878,610,138.431741661958,"21"
"species",1225,1225,1021,570,124.141595222089,"1"
"species",1226,1226,1077,492,173.278223901987,"8"
"species",1227,1227,1071,518,104.757303319543,"1"
"species",1228,1228,1063,545,123.297525100387,"21"
"species",1229,1229,1166,456,104.99183012577,"13"
"species",1230,1230,1806,616,156.273425629923,"8"
"species",1231,1231,1188,493,12.2851083995774,"9"
"species",1232,1232,1627,608,31.6483794655651,"2"
"species",1233,1233,1625,580,368.515061944723,"2"
"species",1234,1234,1006,636,55.1219357214868,"1"
"species",1235,1235,906,712,69.1228164508863,"8"
"species",1236,1236,1268,524,12.2851083208289,"9"
"species",1237,1237,850,619,138.169746875248,"21"
"species",1238,1238,1118,547,77.3236933714078,"8"
"species",1239,1239,1134,507,529.360414276177,"21"
"species",1240,1240,1712,614,11.5878556407988,"2"
"species",1241,1241,1169,447,665.01063075174,"2"
"species",1242,1242,1081,622,964.787410510709,"8"
"species",1243,1243,1135,468,263.444989115,"3"
"species",1244,1244,1367,588,37.4480638019741,"8"
"species",1245,1245,993,532,127.592294931585,"8"
"species",1246,1246,969,538,97.8680431837942,"21"
"species",1247,1247,1277,498,39.9404719695449,"2"
"species",1248,1248,973,528,101.572750024574,"21"
"species",1249,1249,1108,557,196.495192646649,"8"
"species",1250,1250,1791,629,11.5878554349765,"2"
"species",1251,1251,993,621,188.625378921628,"21"
"species",1252,1252,1172,476,60.2853251954199,"2"
"species",1253,1253,1080,600,184.574490365929,"21"
"species",1254,1254,1161,442,749.019567365992,"13"
"species",1255,1255,1097,552,48.7409238927066,"1"
"species",1256,1256,1837,584,169.831417766843,"2"
"species",1257,1257,1450,475,9.26985043939203,"2"
"species",1258,1258,1779,645,47.2207547128201,"8"
"species",1259,1259,936,578,78.8860994129989,"21"
"species",1260,1260,1619,556,38.6422818788008,"2"
"species",1261,1261,1371,454,21.8033542390913,"2"
"species",1262,1262,1025,504,38.6174132954198,"13"
"species",1263,1263,929,620,146.653955951333,"8"
"species",1264,1264,1079,514,62.1468424871564,"21"
"species",1265,1265,970,841,176.495575340344,"8"
"species",1266,1266,932,563,84.414634861052,"21"
"species",1267,1267,946,576,86.8294813631476,"1"
"species",1268,1268,1003,628,55.364833608246,"1"
"species",1269,1269,1072,620,525.766222815794,"21"
"species",1270,1270,946,521,159.209171414375,"21"
"species",1271,1271,1127,538,122.927867904305,"21"
"species",1272,1272,1217,457,1137.64113846786,"7"
"species",1273,1273,1217,519,55.0739765839699,"9"
"species",1274,1274,1252,521,55.0739769637585,"9"
"species",1275,1275,1128,453,62.1432963460684,"2"
"species",1276,1276,1453,493,9.26985023450106,"2"
"species",1277,1277,965,728,44.0877672433853,"1"
"species",1278,1278,1002,720,41.8599400778827,"8"
"species",1279,1279,916,734,63.2983389752379,"8"
"species",1280,1280,1058,477,73.26043041262,"21"
"species",1281,1281,966,700,69.2006483003497,"1"
"species",1282,1282,1490,551,15.3538834964856,"2"
"species",1283,1283,1881,614,65.1455164939828,"8"
"species",1284,1284,1532,560,45.827599678444,"2"
"species",1285,1285,1622,588,301.993150401329,"2"
"species",1286,1286,1010,530,159.741826474667,"21"
"species",1287,1287,1050,500,146.4645950526,"2"
"species",1288,1288,1135,465,70.8868257403374,"2"
"species",1289,1289,931,554,85.7343336193083,"21"
"species",1290,1290,1006,650,55.1219362914562,"21"
"species",1291,1291,980,521,96.422673272813,"9"
"species",1292,1292,932,556,96.7551625296473,"21"
"species",1293,1293,1073,509,169.374944790763,"21"
"species",1294,1294,971,506,35.1086792610586,"1"
"species",1295,1295,1114,476,27.3929605800658,"2"
"species",1296,1296,1066,557,268.05814486742,"21"
"species",1297,1297,1183,449,1311.08139530855,"13"
"species",1298,1298,1341,481,16.1109504755586,"8"
"species",1299,1299,1759,620,13.372433885932,"2"
"species",1300,1300,1827,595,107.653010345898,"8"
"species",1301,1301,1621,575,365.307030349714,"8"
"species",1302,1302,1377,455,9.26985033042729,"8"
"species",1303,1303,1224,454,178.903700500727,"8"
"species",1304,1304,1464,492,9.26985034625977,"2"
"species",1305,1305,922,582,71.7708186730305,"8"
"species",1306,1306,1487,560,53.1176192772046,"8"
"species",1307,1307,1641,585,50.2793572067379,"2"
"species",1308,1308,936,569,84.0405958815095,"1"
"species",1309,1309,1501,603,26.4437990249468,"8"
"species",1310,1310,959,550,101.111184634268,"21"
"species",1311,1311,1170,453,91.5491857610536,"8"
"species",1312,1312,1163,461,104.752780862144,"2"
"species",1313,1313,1189,458,107.314193017781,"21"
"species",1314,1314,1482,496,7.99796356074466,"2"
"species",1315,1315,1616,595,71.129874323914,"2"
"species",1316,1316,1184,451,81.9851067438722,"21"
"species",1317,1317,1826,613,268.920480475194,"8"
"species",1318,1318,1549,550,8.32851382065564,"15"
"species",1319,1319,956,695,66.7527652085594,"21"
"species",1320,1320,1776,629,24.2327889892851,"2"
"species",1321,1321,1680,582,47.5090122371912,"8"
"species",1322,1322,1826,619,159.692389638656,"2"
"species",1323,1323,1820,629,121.017910666581,"8"
"species",1324,1324,1829,595,75.6105700060725,"8"
"species",1325,1325,876,587,155.334220781922,"13"
"species",1326,1326,969,833,50.3966886507618,"1"
"species",1327,1327,1048,730,38.601460064356,"21"
"species",1328,1328,1039,565,178.737686440349,"8"
"species",1329,1329,1176,455,129.361909048683,"3"
"species",1330,1330,948,678,97.1699844673276,"21"
"species",1331,1331,1185,457,76.3400405351394,"2"
"species",1332,1332,1145,458,70.8868244960904,"2"
"species",1333,1333,1025,648,238.96178338329,"13"
"species",1334,1334,979,590,71.5930672287941,"21"
"species",1335,1335,1003,667,97.1699882447719,"1"
"species",1336,1336,1011,675,44.0877671390772,"8"
"species",1337,1337,842,1011,77.9212169721766,"21"
"species",1338,1338,1118,471,75.774165109723,"2"
"species",1339,1339,939,708,69.2006478905678,"1"
"species",1340,1340,1127,464,70.8868258967996,"2"
"species",1341,1341,1020,653,43.8117855153307,"21"
"species",1342,1342,1062,602,190.194786458971,"8"
"species",1343,1343,936,599,93.2650130831419,"8"
"species",1344,1344,1114,481,83.0627653987265,"2"
"species",1345,1345,1111,480,72.8602489762839,"2"
"species",1346,1346,1133,467,63.3250151412987,"8"
"species",1347,1347,1095,601,188.625380024314,"8"
"species",1348,1348,1030,609,71.1485716551401,"8"
"species",1349,1349,1030,522,73.413419046822,"21"
"species",1350,1350,974,688,59.0976192500016,"8"
"species",1351,1351,999,562,75.103475689888,"21"
"species",1352,1352,912,583,308.481000691723,"8"
"species",1353,1353,872,626,148.12880404242,"8"
"species",1354,1354,1090,470,62.3651195466518,"2"
"species",1355,1355,938,554,84.4146359488368,"21"
"species",1356,1356,1094,497,62.1443084999932,"8"
"species",1357,1357,894,570,85.3952187002982,"21"
"species",1358,1358,894,564,115.51800293547,"21"
"species",1359,1359,1549,582,13.5638849269599,"8"
"species",1360,1360,1078,485,54.6680503226817,"8"
"species",1361,1361,1289,476,164.260418027639,"8"
"species",1362,1362,1061,489,106.946646318159,"21"
"species",1363,1363,1441,607,29.2032634261996,"2"
"species",1364,1364,1262,486,40.0076621025812,"2"
"species",1365,1365,1392,457,9.26985036302358,"8"
"species",1366,1366,1520,629,36.5193015746772,"8"
"species",1367,1367,1479,500,8.32851381599903,"2"
"species",1368,1368,1355,578,13.5638851681724,"8"
"species",1369,1369,1524,642,36.4488137513411,"2"
"species",1370,1370,1426,464,9.26985029689968,"8"
"species",1371,1371,1461,511,15.3538837013766,"2"
"species",1372,1372,1642,565,50.3564276984964,"14"
"species",1373,1373,1602,636,31.6483792122453,"8"
"species",1374,1374,1670,566,45.9121835157275,"8"
"species",1375,1375,1768,631,47.2207567840815,"8"
"species",1376,1376,1808,648,47.2207556888461,"8"
"species",1377,1377,1805,654,47.5502996817322,"2"
"species",1378,1378,1815,616,107.894001051784,"8"
"species",1379,1379,1845,615,50.0415045910998,"2"
"species",1380,1380,1672,603,13.3652790440253,"8"
"species",1381,1381,1038,589,216.729945083981,"8"
"species",1382,1382,1047,489,146.464591407776,"9"
"species",1383,1383,1244,488,40.0303696058698,"2"
"species",1384,1384,1634,576,368.515062332153,"8"
"species",1385,1385,1627,615,93.2638196647167,"2"
"species",1386,1386,1347,478,39.9404726289213,"2"
"species",1387,1387,1042,546,4663.09425785681,"13"
"species",1388,1388,1084,592,189.063606187918,"21"
"species",1389,1389,1356,478,64.6427350267768,"2"
"species",1390,1390,893,1001,77.9810220450163,"21"
