"species","x","y","bio4","bio16","gpw2000_30_sec","swa_2000lulc_2km"
"species",1,1,1191,447,5515.67724609375,"13"
"species",2,2,1061,492,146.464599609375,"9"
"species",3,3,1509,509,7.99457311630249,"2"
"species",4,4,883,586,82.5017166137695,"21"
"species",5,5,897,598,135.272064208984,"8"
"species",6,6,905,612,111.781425476074,"21"
"species",7,7,1059,508,127.341445922852,"8"
"species",8,8,1143,574,261.376983642578,"8"
"species",9,9,1356,474,69.3124694824219,"8"
"species",10,10,771,1043,76.5618057250977,"31"
"species",11,11,919,598,102.726890563965,"8"
"species",12,12,1141,507,192.811157226562,"2"
"species",13,13,929,606,155.193725585938,"8"
"species",14,14,1032,534,95.0354919433594,"8"
"species",15,15,1045,544,96.8656921386719,"21"
"species",16,16,1078,544,4871.93212890625,"13"
"species",17,17,960,590,155.333251953125,"1"
"species",18,18,1060,476,64.4457702636719,"2"
"species",19,19,1222,478,31.4841175079346,"2"
"species",20,20,1517,514,7.99457311630249,"2"
"species",21,21,990,530,283.663452148438,"8"
"species",22,22,1125,492,281.844116210938,"21"
"species",23,23,926,603,155.333251953125,"1"
"species",24,24,1583,573,45.3161163330078,"8"
"species",25,25,881,592,141.79670715332,"21"
"species",26,26,1006,619,73.5313034057617,"1"
"species",27,27,1034,632,122.235809326172,"8"
"species",28,28,1051,505,155.835739135742,"21"
"species",29,29,1051,507,152.490707397461,"21"
"species",30,30,940,587,112.511528015137,"1"
"species",31,31,1342,464,41.5667114257812,"2"
"species",32,32,924,610,155.333251953125,"1"
"species",33,33,1115,487,345.755889892578,"8"
"species",34,34,1026,495,134.922729492188,"8"
"species",35,35,1329,464,21.8033542633057,"8"
"species",36,36,1340,484,164.26042175293,"2"
"species",37,37,1274,465,64.6427307128906,"8"
"species",38,38,1383,476,64.6427383422852,"8"
"species",39,39,1232,456,178.903701782227,"2"
"species",40,40,959,546,266.476287841797,"1"
"species",41,41,1065,574,192.811157226562,"21"
"species",42,42,1065,509,155.835739135742,"21"
"species",43,43,1204,451,2382.44482421875,"13"
"species",44,44,938,895,77.9810180664062,"1"
"species",45,45,1093,596,47.1806335449219,"1"
"species",46,46,994,660,55.1219367980957,"1"
"species",47,47,942,940,77.9810180664062,"1"
"species",48,48,919,550,160.944412231445,"21"
"species",49,49,912,613,146.653961181641,"21"
"species",50,50,1268,488,143.433135986328,"2"
"species",51,51,951,555,248.258056640625,"8"
"species",52,52,1546,562,30.5128440856934,"2"
"species",53,53,1013,552,531.619750976562,"13"
"species",54,54,842,1011,77.9260787963867,"21"
"species",55,55,1197,492,12.2851085662842,"2"
"species",56,56,1382,439,21.6681728363037,"2"
"species",57,57,1202,424,2584.28857421875,"13"
"species",58,58,1064,469,201.625183105469,"8"
"species",59,59,1083,576,183.593200683594,"1"
"species",60,60,1334,473,64.6427307128906,"8"
"species",61,61,1146,455,62.1432991027832,"1"
"species",62,62,1625,576,368.515075683594,"13"
"species",63,63,1016,497,333.760406494141,"21"
"species",64,64,1117,478,143.299713134766,"21"
"species",65,65,942,562,99.3551406860352,"21"
"species",66,66,1106,576,48.7409210205078,"8"
"species",67,67,1178,440,2465.0966796875,"13"
"species",68,68,1343,459,21.8033542633057,"8"
"species",69,69,920,609,153.234954833984,"1"
"species",70,70,1171,442,62.1432991027832,"8"
"species",71,71,1202,456,65.217155456543,"2"
"species",72,72,963,987,77.9810180664062,"8"
"species",73,73,1072,621,1064.81335449219,"8"
"species",74,74,987,574,120.405693054199,"21"
"species",75,75,1332,489,71.7386245727539,"15"
"species",76,76,1417,487,16.1109504699707,"8"
"species",77,77,1313,557,29.3296756744385,"3"
"species",78,78,1524,558,54.9546585083008,"8"
"species",79,79,1682,601,23.9018096923828,"15"
"species",80,80,1292,453,90.7218627929688,"2"
"species",81,81,1342,459,9.269850730896,"8"
"species",82,82,1040,573,124.207229614258,"21"
"species",83,83,1166,456,103.387649536133,"13"
"species",84,84,1176,468,78.7298736572266,"2"
"species",85,85,1109,464,88.0344390869141,"21"
"species",86,86,1485,494,7.99457311630249,"8"
"species",87,87,1737,599,26.6575756072998,"8"
"species",88,88,1329,556,29.3296756744385,"2"
"species",89,89,1626,605,82.8126449584961,"8"
"species",90,90,1339,557,33.204475402832,"9"
"species",91,91,1634,605,61.9592552185059,"8"
"species",92,92,1201,494,12.2851085662842,"2"
"species",93,93,1078,542,4871.93212890625,"13"
"species",94,94,870,857,59.1819381713867,"8"
"species",95,95,1200,451,81.985107421875,"21"
"species",96,96,1767,601,32.7284545898438,"2"
"species",97,97,1138,581,256.843597412109,"8"
"species",98,98,1708,606,14.6039686203003,"2"
"species",99,99,1473,508,9.27183532714844,"2"
"species",100,100,1227,475,31.4841156005859,"2"
"species",101,101,1777,610,36.4315719604492,"8"
"species",102,102,1483,524,15.2950458526611,"2"
"species",103,103,1273,454,21.803352355957,"2"
"species",104,104,1363,474,69.4097366333008,"8"
"species",105,105,1484,514,7.99457311630249,"2"
"species",106,106,1765,606,31.1889533996582,"2"
"species",107,107,1730,605,23.5289287567139,"2"
"species",108,108,1822,598,187.033157348633,"8"
"species",109,109,1018,549,1828.87744140625,"8"
"species",110,110,1793,612,36.4315719604492,"8"
"species",111,111,1701,617,13.3724346160889,"15"
"species",112,112,1712,597,41.2943458557129,"8"
"species",113,113,1060,685,1378.197265625,"13"
"species",114,114,1733,629,13.3724336624146,"2"
"species",115,115,1048,674,38.5946502685547,"21"
"species",116,116,1010,499,112.895240783691,"13"
"species",117,117,1729,597,23.9018096923828,"2"
"species",118,118,1647,607,73.7905044555664,"2"
"species",119,119,1791,615,36.4315719604492,"2"
"species",120,120,1025,561,87.8834075927734,"21"
"species",121,121,1367,479,111.174736022949,"2"
"species",122,122,936,647,69.2006454467773,"21"
"species",123,123,1345,565,59.3752670288086,"2"
"species",124,124,1213,475,31.4841175079346,"2"
"species",125,125,1092,604,129.609710693359,"8"
"species",126,126,925,677,67.3792419433594,"8"
"species",127,127,1728,601,35.3233070373535,"2"
"species",128,128,988,540,133.009780883789,"21"
"species",129,129,1338,559,29.3296756744385,"8"
"species",130,130,1303,499,48.3470115661621,"2"
"species",131,131,992,672,97.1699905395508,"8"
"species",132,132,1175,478,80.9754791259766,"2"
"species",133,133,1703,598,23.9018096923828,"2"
"species",134,134,1494,517,7.99457311630249,"2"
"species",135,135,1171,458,142.400497436523,"21"
"species",136,136,950,575,181.335418701172,"9"
"species",137,137,1052,528,618.718444824219,"8"
"species",138,138,936,587,90.7325592041016,"1"
"species",139,139,1508,508,7.99457311630249,"2"
"species",140,140,1197,492,12.2851085662842,"8"
"species",141,141,1276,454,92.3831558227539,"2"
"species",142,142,1120,459,88.0344390869141,"8"
"species",143,143,961,606,158.039993286133,"8"
"species",144,144,1556,564,22.4365329742432,"2"
"species",145,145,1553,570,30.2770385742188,"8"
"species",146,146,796,930,76.5618057250977,"8"
"species",147,147,1096,470,64.9709014892578,"2"
"species",148,148,898,623,73.2598342895508,"1"
"species",149,149,1203,468,159.563064575195,"8"
"species",150,150,1339,469,40.3470268249512,"8"
"species",151,151,938,558,434.030548095703,"21"
"species",152,152,1237,459,64.6427307128906,"8"
"species",153,153,1087,607,47.1806335449219,"21"
"species",154,154,1245,456,69.6078414916992,"8"
"species",155,155,1354,487,21.7184925079346,"2"
"species",156,156,1257,476,164.26042175293,"2"
"species",157,157,1209,471,127.015380859375,"8"
"species",158,158,1216,467,61.9662437438965,"8"
"species",159,159,1142,460,89.3080291748047,"21"
"species",160,160,1143,467,58.5686721801758,"21"
"species",161,161,892,602,83.5130767822266,"1"
"species",162,162,893,604,72.4451370239258,"21"
"species",163,163,1013,635,238.961761474609,"8"
"species",164,164,880,642,83.6362762451172,"1"
"species",165,165,870,615,95.7044677734375,"8"
"species",166,166,1027,649,223.690246582031,"8"
"species",167,167,936,650,69.2006454467773,"8"
"species",168,168,1039,640,238.961776733398,"8"
"species",169,169,951,742,44.2735176086426,"21"
"species",170,170,984,614,73.5593872070312,"21"
"species",171,171,951,644,69.2006530761719,"21"
"species",172,172,1022,501,38.7746047973633,"21"
"species",173,173,935,571,84.4146347045898,"21"
"species",174,174,1108,494,46.1702079772949,"2"
"species",175,175,1076,480,38.774600982666,"2"
"species",176,176,1538,514,7.99457311630249,"2"
"species",177,177,1544,594,13.5638847351074,"2"
"species",178,178,929,554,845.626220703125,"1"
"species",179,179,860,886,76.5618057250977,"21"
"species",180,180,960,604,159.050857543945,"8"
"species",181,181,916,585,92.9564437866211,"8"
"species",182,182,1074,497,155.835739135742,"9"
"species",183,183,1079,491,146.625595092773,"8"
"species",184,184,1048,495,146.563049316406,"9"
"species",185,185,893,620,72.784309387207,"8"
"species",186,186,1016,568,124.19694519043,"21"
"species",187,187,1027,562,101.09935760498,"21"
"species",188,188,1097,497,146.587432861328,"2"
"species",189,189,1088,621,47.1806297302246,"8"
"species",190,190,960,546,738.201599121094,"21"
"species",191,191,826,916,76.5618057250977,"8"
"species",192,192,1543,617,31.6483783721924,"2"
"species",193,193,1606,550,8.32851409912109,"2"
"species",194,194,1625,596,31.6483783721924,"15"
"species",195,195,1537,604,26.6780796051025,"2"
"species",196,196,1550,604,17.1533126831055,"2"
"species",197,197,1539,515,7.99457311630249,"2"
"species",198,198,1791,635,47.2207565307617,"2"
"species",199,199,919,568,84.4146347045898,"21"
"species",200,200,1814,645,60.0151519775391,"8"
"species",201,201,1804,641,47.2207565307617,"2"
"species",202,202,1786,647,47.2207527160645,"8"
"species",203,203,1778,612,33.1794281005859,"2"
"species",204,204,1783,641,47.2207527160645,"8"
"species",205,205,1482,502,8.0025110244751,"2"
"species",206,206,1471,505,15.351731300354,"2"
"species",207,207,1477,503,11.0603828430176,"8"
"species",208,208,1864,616,123.598777770996,"8"
"species",209,209,1536,535,15.3538837432861,"2"
"species",210,210,1107,481,253.322647094727,"21"
"species",211,211,958,705,69.2006530761719,"21"
"species",212,212,883,605,83.513069152832,"8"
"species",213,213,979,620,73.5593795776367,"21"
"species",214,214,930,728,69.2006530761719,"1"
"species",215,215,1017,532,509.632080078125,"21"
"species",216,216,989,570,84.0649108886719,"8"
"species",217,217,964,599,155.333251953125,"1"
"species",218,218,1113,471,67.9526977539062,"2"
"species",219,219,1164,596,268.058135986328,"8"
"species",220,220,966,547,158.686813354492,"8"
"species",221,221,863,635,83.6362762451172,"1"
"species",222,222,1836,605,187.033157348633,"2"
"species",223,223,1096,606,129.609710693359,"8"
"species",224,224,1126,472,70.8868255615234,"2"
"species",225,225,1740,610,11.5878553390503,"2"
"species",226,226,1369,455,21.8033542633057,"15"
"species",227,227,1126,507,103.315734863281,"9"
"species",228,228,952,555,159.741821289062,"8"
"species",229,229,1043,515,35.1086769104004,"8"
"species",230,230,1231,452,79.292854309082,"21"
"species",231,231,1478,503,8.22598171234131,"2"
"species",232,232,1197,518,12.2851095199585,"2"
"species",233,233,1167,474,677.532653808594,"9"
"species",234,234,1150,485,410.988037109375,"8"
"species",235,235,929,586,83.513069152832,"8"
"species",236,236,1176,472,684.615844726562,"8"
"species",237,237,1107,475,158.619705200195,"2"
"species",238,238,1525,512,8.32851409912109,"2"
"species",239,239,1545,561,24.6760349273682,"2"
"species",240,240,1796,633,47.2207565307617,"8"
"species",241,241,1731,610,11.5878553390503,"2"
"species",242,242,1067,498,155.835739135742,"9"
"species",243,243,892,568,83.7335510253906,"1"
"species",244,244,877,621,95.6770935058594,"8"
"species",245,245,1197,434,7641.16357421875,"13"
"species",246,246,1106,476,159.741821289062,"2"
"species",247,247,1099,466,59.4226303100586,"1"
"species",248,248,1572,576,30.2770385742188,"8"
"species",249,249,995,555,226.575698852539,"8"
"species",250,250,1066,498,173.278213500977,"8"
"species",251,251,1108,478,30.9381942749023,"2"
"species",252,252,934,755,59.1819343566895,"1"
"species",253,253,1036,654,238.961791992188,"21"
"species",254,254,996,685,44.0877647399902,"1"
"species",255,255,913,562,602.742553710938,"1"
"species",256,256,1097,466,88.0344390869141,"21"
"species",257,257,1077,487,228.800033569336,"2"
"species",258,258,1592,584,34.1089019775391,"2"
"species",259,259,1083,500,150.107208251953,"21"
"species",260,260,1553,539,8.32851409912109,"8"
"species",261,261,1776,645,48.4276313781738,"2"
"species",262,262,934,547,100.689987182617,"21"
"species",263,263,1044,512,310.038909912109,"21"
"species",264,264,1330,485,27.281063079834,"99"
"species",265,265,891,835,76.5618057250977,"1"
"species",266,266,991,724,44.0877685546875,"1"
"species",267,267,1038,523,332.797729492188,"8"
"species",268,268,1044,472,439.188049316406,"8"
"species",269,269,1023,504,38.1871681213379,"21"
"species",270,270,1575,572,30.2770385742188,"2"
"species",271,271,1573,570,30.2770366668701,"8"
"species",272,272,1787,637,24.975564956665,"8"
"species",273,273,991,610,72.0255813598633,"1"
"species",274,274,1043,610,82.2531967163086,"9"
"species",275,275,942,549,84.4396438598633,"21"
"species",276,276,882,556,154.181869506836,"21"
"species",277,277,900,580,84.4146347045898,"21"
"species",278,278,1174,510,55.0739784240723,"8"
"species",279,279,1151,458,62.9567565917969,"2"
"species",280,280,1070,495,143.900543212891,"2"
"species",281,281,1437,503,13.8752145767212,"2"
"species",282,282,1001,532,271.643859863281,"8"
"species",283,283,1630,625,31.6483783721924,"3"
"species",284,284,1229,464,64.6427307128906,"8"
"species",285,285,1607,595,31.6483783721924,"2"
"species",286,286,1024,505,174.73420715332,"3"
"species",287,287,1080,480,28.3115653991699,"2"
"species",288,288,1014,494,38.774600982666,"21"
"species",289,289,933,708,69.2006530761719,"8"
"species",290,290,974,608,73.5590972900391,"8"
"species",291,291,1069,482,146.261444091797,"2"
"species",292,292,937,543,827.052429199219,"21"
"species",293,293,893,559,85.4169387817383,"8"
"species",294,294,1299,548,39.3066482543945,"9"
"species",295,295,919,580,83.513069152832,"8"
"species",296,296,1607,599,31.648380279541,"2"
"species",297,297,1556,589,13.5638847351074,"2"
"species",298,298,889,599,83.513069152832,"21"
"species",299,299,934,575,297.986083984375,"21"
"species",300,300,790,1009,76.5618057250977,"21"
"species",301,301,1405,493,15.6472902297974,"2"
"species",302,302,1831,605,187.033157348633,"2"
"species",303,303,1798,638,47.2207565307617,"2"
"species",304,304,1714,620,17.7944240570068,"2"
"species",305,305,976,615,73.5184631347656,"8"
"species",306,306,1073,630,238.961776733398,"21"
"species",307,307,1025,623,72.7703094482422,"8"
"species",308,308,936,754,72.9573364257812,"1"
"species",309,309,1042,653,238.961776733398,"8"
"species",310,310,1067,499,35.1086769104004,"9"
"species",311,311,1023,493,36.3793296813965,"2"
"species",312,312,1111,472,62.365119934082,"8"
"species",313,313,907,648,83.6362838745117,"21"
"species",314,314,1051,568,88.8038024902344,"21"
"species",315,315,1133,451,153.972564697266,"21"
"species",316,316,1074,471,88.0344390869141,"1"
"species",317,317,1038,544,62.2483329772949,"1"
"species",318,318,1011,514,168.966522216797,"8"
"species",319,319,1073,505,35.1086769104004,"2"
"species",320,320,933,632,69.2006454467773,"1"
"species",321,321,1010,654,55.1219329833984,"21"
"species",322,322,1136,591,267.348358154297,"8"
"species",323,323,968,704,44.0877685546875,"8"
"species",324,324,1096,468,87.8468322753906,"15"
"species",325,325,1080,505,35.1086807250977,"2"
"species",326,326,1110,507,12.2851085662842,"2"
"species",327,327,1035,657,248.812072753906,"8"
"species",328,328,1057,475,88.0344390869141,"8"
"species",329,329,1052,564,120.118934631348,"21"
"species",330,330,986,587,84.7478408813477,"8"
"species",331,331,964,551,138.214370727539,"21"
"species",332,332,1010,495,131.272964477539,"21"
"species",333,333,1179,509,12.2851095199585,"2"
"species",334,334,1073,509,35.1086807250977,"2"
"species",335,335,803,924,76.5618057250977,"8"
"species",336,336,1044,592,129.228149414062,"8"
"species",337,337,965,556,183.697875976562,"8"
"species",338,338,893,605,111.445602416992,"21"
"species",339,339,980,869,56.5530471801758,"21"
"species",340,340,894,593,79.883056640625,"21"
"species",341,341,1378,590,41.7708511352539,"8"
"species",342,342,1096,605,129.538375854492,"8"
"species",343,343,920,594,313.878051757812,"8"
"species",344,344,1787,643,47.2207527160645,"8"
"species",345,345,898,587,83.9077835083008,"21"
"species",346,346,985,499,130.632080078125,"21"
"species",347,347,1141,496,15.5990715026855,"2"
"species",348,348,1798,612,79.7007675170898,"2"
"species",349,349,1596,582,30.7580738067627,"2"
"species",350,350,1099,477,164.787124633789,"21"
"species",351,351,1110,469,78.8164749145508,"2"
"species",352,352,1104,505,14.0660123825073,"2"
"species",353,353,1101,505,148.542572021484,"9"
"species",354,354,993,604,193.726867675781,"8"
"species",355,355,1011,505,38.774600982666,"21"
"species",356,356,1133,470,80.9754791259766,"2"
"species",357,357,1073,500,172.041046142578,"21"
"species",358,358,1101,462,88.0344390869141,"21"
"species",359,359,1863,661,28.7210865020752,"2"
"species",360,360,1198,497,12.2851085662842,"2"
"species",361,361,1782,641,47.2207565307617,"8"
"species",362,362,1558,564,19.6327610015869,"8"
"species",363,363,938,565,198.090774536133,"1"
"species",364,364,849,833,67.9295196533203,"8"
"species",365,365,960,698,66.825927734375,"8"
"species",366,366,1050,556,90.0100784301758,"8"
"species",367,367,1097,489,196.37907409668,"13"
"species",368,368,1133,509,12.2851085662842,"2"
"species",369,369,924,578,201.977874755859,"13"
"species",370,370,981,542,119.67359161377,"21"
"species",371,371,1002,674,80.1623229980469,"8"
"species",372,372,1065,600,129.609710693359,"21"
"species",373,373,1614,553,8.32851409912109,"2"
"species",374,374,1592,552,8.32851409912109,"8"
"species",375,375,1799,614,104.430213928223,"2"
"species",376,376,1132,459,62.1432952880859,"2"
"species",377,377,1314,554,51.1525650024414,"9"
"species",378,378,1342,486,16.1109504699707,"2"
"species",379,379,1034,565,89.748908996582,"21"
"species",380,380,1005,552,62.2483329772949,"21"
"species",381,381,1003,659,188.154495239258,"8"
"species",382,382,873,858,76.5618057250977,"1"
"species",383,383,920,747,61.9351005554199,"1"
"species",384,384,1262,474,28.0254764556885,"8"
"species",385,385,1104,574,47.9212760925293,"21"
"species",386,386,1082,480,112.417007446289,"2"
"species",387,387,1100,602,47.1806297302246,"1"
"species",388,388,1213,447,7595.47021484375,"13"
"species",389,389,1204,443,62.1432991027832,"2"
"species",390,390,1119,479,27.3929615020752,"2"
"species",391,391,1007,522,116.969169616699,"13"
"species",392,392,1037,541,125.534103393555,"8"
"species",393,393,1089,561,47.3731651306152,"1"
"species",394,394,990,763,39.7274856567383,"21"
"species",395,395,1071,499,146.464599609375,"2"
"species",396,396,873,580,111.938720703125,"8"
"species",397,397,890,591,108.62922668457,"21"
"species",398,398,1156,480,390.714996337891,"21"
"species",399,399,1035,521,155.811294555664,"8"
"species",400,400,1146,500,192.811157226562,"13"
"species",401,401,1063,470,203.749893188477,"8"
"species",402,402,1182,451,149.729125976562,"2"
"species",403,403,1144,503,285.836822509766,"13"
"species",404,404,1175,458,104.665092468262,"2"
"species",405,405,1093,469,111.351493835449,"8"
"species",406,406,1098,496,173.115921020508,"21"
"species",407,407,1107,475,57.9572601318359,"8"
"species",408,408,1036,534,367.081451416016,"8"
"species",409,409,905,559,263.089691162109,"8"
"species",410,410,1227,481,161.637451171875,"2"
"species",411,411,1097,490,173.278228759766,"21"
"species",412,412,1159,512,803.006530761719,"21"
"species",413,413,1066,475,485.228942871094,"8"
"species",414,414,1005,507,59.8506851196289,"8"
"species",415,415,1125,496,177.800979614258,"2"
"species",416,416,899,726,59.1819381713867,"21"
"species",417,417,1130,476,343.712463378906,"8"
"species",418,418,970,521,178.50732421875,"8"
"species",419,419,1066,682,1551.17248535156,"8"
"species",420,420,966,581,312.397644042969,"8"
"species",421,421,1047,580,57.5062713623047,"1"
"species",422,422,1173,458,99.8370742797852,"2"
"species",423,423,976,530,879.088562011719,"13"
"species",424,424,908,598,114.025398254395,"8"
"species",425,425,870,578,155.333251953125,"8"
"species",426,426,1102,498,173.043045043945,"8"
"species",427,427,937,595,167.163467407227,"21"
"species",428,428,969,610,155.333251953125,"21"
"species",429,429,911,591,78.618537902832,"21"
"species",430,430,925,580,183.14533996582,"21"
"species",431,431,885,577,155.333251953125,"8"
"species",432,432,965,577,195.669509887695,"21"
"species",433,433,931,609,155.333251953125,"21"
"species",434,434,1105,609,188.625381469727,"8"
"species",435,435,1804,641,47.2207527160645,"8"
"species",436,436,933,599,173.287902832031,"1"
"species",437,437,1096,547,192.811157226562,"13"
"species",438,438,1064,468,235.319122314453,"2"
"species",439,439,903,618,146.653961181641,"8"
"species",440,440,1067,503,173.278228759766,"21"
"species",441,441,1073,509,129.260696411133,"21"
"species",442,442,1135,544,59.2672119140625,"8"
"species",443,443,1165,544,68.0516662597656,"13"
"species",444,444,1197,540,68.3031005859375,"21"
"species",445,445,1080,465,29.7946796417236,"2"
"species",446,446,1053,513,35.1086807250977,"2"
"species",447,447,1307,555,55.073974609375,"13"
"species",448,448,938,561,97.0738906860352,"21"
"species",449,449,1320,571,29.3296737670898,"21"
"species",450,450,1034,529,285.640197753906,"8"
"species",451,451,1306,566,29.3296737670898,"13"
"species",452,452,1035,558,195.669509887695,"8"
"species",453,453,1027,492,130.697265625,"8"
"species",454,454,1109,564,188.625381469727,"8"
"species",455,455,951,891,171.856338500977,"8"
"species",456,456,936,568,101.889770507812,"8"
"species",457,457,1159,530,56.9762306213379,"21"
"species",458,458,918,608,123.922836303711,"8"
"species",459,459,1066,563,195.669525146484,"21"
"species",460,460,1179,479,66.4852600097656,"21"
"species",461,461,1053,557,192.811157226562,"2"
"species",462,462,1105,508,66.4852600097656,"21"
"species",463,463,887,600,78.6185455322266,"21"
"species",464,464,1140,466,76.3998718261719,"8"
"species",465,465,1092,595,188.625381469727,"21"
"species",466,466,1165,478,66.4852600097656,"21"
"species",467,467,993,672,73.5713348388672,"8"
"species",468,468,997,655,44.1968879699707,"21"
"species",469,469,977,692,97.1699829101562,"78"
"species",470,470,1169,480,66.4852600097656,"21"
"species",471,471,1146,468,76.3998718261719,"21"
"species",472,472,1076,473,54.6680526733398,"1"
"species",473,473,1086,538,62.1468391418457,"1"
"species",474,474,1106,474,88.0344390869141,"1"
"species",475,475,1274,497,39.9404716491699,"2"
"species",476,476,991,670,86.853271484375,"1"
"species",477,477,1115,546,48.7409248352051,"1"
"species",478,478,1351,478,16.1109504699707,"2"
"species",479,479,1081,486,54.6680488586426,"1"
"species",480,480,1128,499,66.4852676391602,"1"
"species",481,481,1198,464,80.5115737915039,"21"
"species",482,482,1063,596,129.609710693359,"1"
"species",483,483,1239,454,106.371536254883,"21"
"species",484,484,1360,460,30.2803955078125,"2"
"species",485,485,1479,508,7.99457311630249,"2"
"species",486,486,1036,669,38.5946502685547,"21"
"species",487,487,1181,461,150.268447875977,"21"
"species",488,488,1509,558,54.8277740478516,"8"
"species",489,489,1741,602,26.4832038879395,"2"
"species",490,490,1752,606,33.2407569885254,"2"
"species",491,491,1791,613,36.4315719604492,"2"
"species",492,492,1733,603,23.423942565918,"2"
"species",493,493,1638,601,55.0335426330566,"2"
"species",494,494,1707,595,23.9018096923828,"2"
"species",495,495,1698,613,13.3724336624146,"2"
"species",496,496,1643,600,57.7711791992188,"8"
"species",497,497,1315,559,30.4445190429688,"2"
"species",498,498,1254,455,105.474098205566,"21"
"species",499,499,1171,456,106.823936462402,"8"
"species",500,500,1199,451,81.985107421875,"21"
"species",501,501,965,616,187.061538696289,"21"
"species",502,502,1024,522,346.068939208984,"8"
"species",503,503,1371,442,19.5668869018555,"2"
"species",504,504,1095,535,710.053161621094,"13"
"species",505,505,1642,565,56.4491729736328,"14"
"species",506,506,1173,456,104.665092468262,"2"
"species",507,507,1311,474,39.9404716491699,"2"
"species",508,508,1183,472,765.849304199219,"21"
"species",509,509,1059,473,62.3651161193848,"13"
"species",510,510,1362,442,10.410608291626,"2"
"species",511,511,985,533,94.416259765625,"21"
"species",512,512,1261,480,28.0261325836182,"2"
"species",513,513,1549,533,8.32851409912109,"8"
"species",514,514,1165,441,62.1432952880859,"2"
"species",515,515,1210,438,8061.51025390625,"13"
"species",516,516,1750,631,12.0262975692749,"8"
"species",517,517,1251,443,8061.51025390625,"13"
"species",518,518,1815,600,108.685287475586,"9"
"species",519,519,1717,622,17.8032131195068,"8"
"species",520,520,1490,551,15.3538837432861,"2"
"species",521,521,1647,606,13.2312936782837,"2"
"species",522,522,1467,511,15.3538837432861,"2"
"species",523,523,1329,452,20.9288349151611,"2"
"species",524,524,1611,579,45.3161163330078,"2"
"species",525,525,1523,507,7.99457311630249,"2"
"species",526,526,1813,601,212.872131347656,"8"
"species",527,527,1070,499,288.309143066406,"2"
"species",528,528,1844,617,45.2908706665039,"8"
"species",529,529,1204,441,7615.6962890625,"13"
"species",530,530,987,626,188.625381469727,"8"
"species",531,531,1369,456,21.8033542633057,"2"
"species",532,532,706,1042,76.5618057250977,"8"
"species",533,533,999,763,176.495590209961,"8"
"species",534,534,1841,589,200.918731689453,"8"
"species",535,535,935,555,101.111183166504,"21"
"species",536,536,895,610,146.653961181641,"1"
"species",537,537,1478,558,23.8291702270508,"8"
"species",538,538,957,615,188.625381469727,"1"
"species",539,539,1777,644,47.2207565307617,"8"
"species",540,540,964,546,234.305709838867,"1"
"species",541,541,925,981,59.1819381713867,"8"
"species",542,542,1482,516,8.01048278808594,"2"
"species",543,543,1166,435,659.147399902344,"2"
"species",544,544,966,700,69.2006454467773,"1"
"species",545,545,1608,617,31.6483783721924,"8"
"species",546,546,1068,619,188.625381469727,"8"
"species",547,547,992,532,86.1829147338867,"8"
"species",548,548,925,580,190.429168701172,"8"
"species",549,549,1000,507,135.28059387207,"13"
"species",550,550,979,509,35.1086807250977,"2"
"species",551,551,1080,600,187.962844848633,"21"
"species",552,552,1252,521,55.0739784240723,"9"
"species",553,553,1500,516,13.2728681564331,"2"
"species",554,554,1362,455,38.6800651550293,"2"
"species",555,555,952,521,93.1473617553711,"9"
"species",556,556,1807,644,79.4317092895508,"2"
"species",557,557,978,683,60.2725105285645,"1"
"species",558,558,1039,490,35.1086769104004,"9"
"species",559,559,1087,646,38.5946502685547,"1"
"species",560,560,1131,510,595.196838378906,"21"
"species",561,561,936,773,76.5618057250977,"21"
"species",562,562,913,607,155.333251953125,"8"
"species",563,563,926,880,77.9810180664062,"1"
"species",564,564,1502,505,7.99457311630249,"15"
"species",565,565,1577,536,8.32851409912109,"8"
"species",566,566,1339,454,90.6621017456055,"8"
"species",567,567,1077,516,122.927871704102,"21"
"species",568,568,1200,469,803.260070800781,"2"
"species",569,569,1754,632,11.5878553390503,"8"
"species",570,570,1318,550,27.9818267822266,"9"
"species",571,571,1012,566,195.669525146484,"21"
"species",572,572,779,1054,76.5618057250977,"31"
"species",573,573,1061,467,232.639801025391,"8"
"species",574,574,1614,590,86.8862838745117,"2"
"species",575,575,1188,465,822.035583496094,"21"
"species",576,576,1591,581,45.3161163330078,"8"
"species",577,577,1088,494,172.944702148438,"21"
"species",578,578,930,559,96.7555770874023,"21"
"species",579,579,1036,510,35.1086769104004,"2"
"species",580,580,1050,626,714.676513671875,"3"
"species",581,581,1639,583,47.5090103149414,"8"
"species",582,582,1063,595,242.657012939453,"8"
"species",583,583,881,644,72.598747253418,"21"
"species",584,584,1099,482,292.693481445312,"9"
"species",585,585,1598,621,93.2638168334961,"2"
"species",586,586,1333,472,62.169319152832,"8"
"species",587,587,1064,499,22.6926345825195,"8"
"species",588,588,1831,591,186.989532470703,"2"
"species",589,589,1033,514,35.1086769104004,"2"
"species",590,590,1818,626,123.158958435059,"2"
"species",591,591,1328,490,158.605010986328,"2"
"species",592,592,979,665,55.1219367980957,"1"
"species",593,593,1625,580,368.515075683594,"2"
"species",594,594,1683,586,47.5090103149414,"25"
"species",595,595,1268,524,12.2851085662842,"9"
"species",596,596,993,675,55.1219329833984,"21"
"species",597,597,972,673,69.2006454467773,"1"
"species",598,598,977,676,97.1699829101562,"21"
"species",599,599,991,712,38.8550910949707,"1"
"species",600,600,1055,605,111.152816772461,"8"
"species",601,601,1524,520,8.72613334655762,"2"
"species",602,602,1035,518,552.806030273438,"8"
"species",603,603,1186,446,62.1432952880859,"2"
"species",604,604,973,528,101.425018310547,"21"
"species",605,605,1603,587,348.498840332031,"2"
"species",606,606,1185,457,76.6893920898438,"2"
"species",607,607,1385,459,9.66579723358154,"2"
"species",608,608,1170,440,62.1432952880859,"2"
"species",609,609,1574,538,8.32851314544678,"2"
"species",610,610,1089,579,48.7409248352051,"1"
"species",611,611,1028,499,129.354309082031,"21"
"species",612,612,1477,513,15.3538837432861,"2"
"species",613,613,819,994,76.7407302856445,"8"
"species",614,614,1084,607,47.1806335449219,"8"
"species",615,615,980,711,44.0877685546875,"21"
"species",616,616,968,611,73.5593872070312,"21"
"species",617,617,1176,431,1164.94055175781,"2"
"species",618,618,984,506,35.1086807250977,"2"
"species",619,619,965,556,253.033309936523,"8"
"species",620,620,1086,586,125.806167602539,"21"
"species",621,621,910,639,83.6362838745117,"8"
"species",622,622,891,606,141.598220825195,"1"
"species",623,623,1019,590,223.80924987793,"78"
"species",624,624,820,615,134.599792480469,"8"
"species",625,625,1556,566,19.6327610015869,"2"
"species",626,626,1100,587,188.625381469727,"8"
"species",627,627,1372,463,21.8033542633057,"2"
"species",628,628,1074,625,627.505310058594,"21"
"species",629,629,1623,559,45.9121856689453,"8"
"species",630,630,1066,557,268.058135986328,"21"
"species",631,631,1183,449,1043.12109375,"13"
"species",632,632,1539,640,36.5193023681641,"2"
"species",633,633,938,581,72.4451446533203,"8"
"species",634,634,1635,575,368.515075683594,"13"
"species",635,635,1806,616,160.790618896484,"8"
"species",636,636,1829,595,75.6105728149414,"8"
"species",637,637,1806,654,54.9219818115234,"8"
"species",638,638,1820,629,123.158958435059,"8"
"species",639,639,1811,632,123.158950805664,"8"
"species",640,640,1712,636,24.975564956665,"8"
"species",641,641,1869,596,77.4266891479492,"8"
"species",642,642,1549,550,8.32851409912109,"15"
"species",643,643,1825,602,187.033157348633,"8"
"species",644,644,969,833,50.5501480102539,"1"
"species",645,645,1048,730,38.5946502685547,"21"
"species",646,646,1039,565,178.737686157227,"8"
"species",647,647,1224,454,178.903701782227,"8"
"species",648,648,1005,584,71.5930709838867,"21"
"species",649,649,1176,455,132.266036987305,"3"
"species",650,650,948,678,97.1699829101562,"21"
"species",651,651,1003,1115,77.9810256958008,"8"
"species",652,652,1145,458,70.8868255615234,"2"
"species",653,653,1025,648,238.961791992188,"13"
"species",654,654,979,590,71.5930709838867,"21"
"species",655,655,1003,667,97.1699905395508,"1"
"species",656,656,1011,675,44.0877685546875,"8"
"species",657,657,832,1028,77.9810256958008,"1"
"species",658,658,1118,471,71.1240692138672,"2"
"species",659,659,939,708,69.2006454467773,"1"
"species",660,660,1127,464,70.8868255615234,"2"
"species",661,661,1020,653,43.9195022583008,"21"
"species",662,662,962,531,101.111183166504,"8"
"species",663,663,1062,602,187.782989501953,"8"
"species",664,664,936,599,89.353401184082,"8"
"species",665,665,1163,489,647.445556640625,"21"
"species",666,666,1114,481,82.2935791015625,"2"
"species",667,667,1111,480,72.3777694702148,"2"
"species",668,668,1133,467,66.7538223266602,"8"
"species",669,669,1095,601,188.625381469727,"8"
"species",670,670,1030,609,71.0175857543945,"8"
"species",671,671,1030,522,75.3234252929688,"21"
"species",672,672,974,688,58.1809196472168,"8"
"species",673,673,1077,499,61.6088714599609,"21"
"species",674,674,999,562,75.1034774780273,"21"
"species",675,675,912,583,308.596801757812,"8"
"species",676,676,872,626,148.259719848633,"8"
"species",677,677,1090,470,62.365119934082,"2"
"species",678,678,938,554,84.4146347045898,"21"
"species",679,679,1094,497,62.146842956543,"8"
"species",680,680,894,570,85.4021987915039,"21"
"species",681,681,894,564,114.398017883301,"21"
"species",682,682,1549,582,13.5638847351074,"8"
"species",683,683,1078,485,54.6680526733398,"8"
"species",684,684,1289,476,164.26042175293,"8"
"species",685,685,1236,477,31.4841175079346,"8"
"species",686,686,1061,489,109.22191619873,"21"
"species",687,687,1441,607,29.2032642364502,"2"
"species",688,688,1262,486,40.0129661560059,"2"
"species",689,689,1392,457,9.26984977722168,"8"
"species",690,690,1520,629,36.5193023681641,"8"
"species",691,691,1479,500,8.32851409912109,"2"
"species",692,692,1355,578,13.5638847351074,"8"
"species",693,693,1524,642,36.5142211914062,"2"
"species",694,694,1426,464,9.269850730896,"8"
"species",695,695,1461,511,15.3538837432861,"2"
"species",696,696,1602,636,31.648380279541,"8"
"species",697,697,1670,566,45.9121856689453,"8"
"species",698,698,1768,631,47.2207565307617,"8"
"species",699,699,1808,648,47.2207565307617,"8"
"species",700,700,1805,654,47.2207527160645,"2"
"species",701,701,1815,616,107.893997192383,"8"
"species",702,702,1826,619,159.642501831055,"2"
"species",703,703,1845,615,50.1381568908691,"2"
"species",704,704,1347,478,39.9404716491699,"2"
"species",705,705,1040,508,155.835739135742,"8"
"species",706,706,1121,458,62.1432991027832,"2"
"species",707,707,1356,478,64.6427307128906,"2"
"species",708,708,1087,551,120.52010345459,"1"
"species",709,709,1532,560,45.8973770141602,"2"
"species",710,710,893,1001,77.9810256958008,"21"
