"species","x","y","bio4","bio16","gpw2000_30_sec","swa_2000lulc_2km"
"species",1,1,1061,492,146.464593266447,"9"
"species",2,2,1059,508,125.539439551812,"8"
"species",3,3,771,1043,76.5618060777585,"31"
"species",4,4,1032,534,94.8997115465162,"8"
"species",5,5,1078,544,4871.93225622177,"13"
"species",6,6,1115,487,427.014916744046,"8"
"species",7,7,969,936,77.5169917493481,"21"
"species",8,8,1056,521,124.421352700346,"8"
"species",9,9,1064,499,22.6926351059228,"8"
"species",10,10,1183,449,1311.08139530855,"13"
"species",11,11,1201,494,12.2851090952754,"2"
"species",12,12,960,590,152.907446213477,"1"
"species",13,13,919,598,104.534336426432,"8"
"species",14,14,1176,431,1166.66547977839,"2"
"species",15,15,1509,509,7.99457306601107,"2"
"species",16,16,1166,435,688.487962215296,"2"
"species",17,17,924,610,155.304796770209,"1"
"species",18,18,1362,442,11.4750003006649,"2"
"species",19,19,959,546,266.476282685995,"1"
"species",20,20,1087,551,120.577222399776,"1"
"species",21,21,1583,573,45.316116809845,"8"
"species",22,22,929,606,155.190992087121,"8"
"species",23,23,881,592,137.263175637642,"21"
"species",24,24,942,940,77.9810211881995,"1"
"species",25,25,1051,507,152.263857223348,"21"
"species",26,26,1163,461,104.752780862144,"2"
"species",27,27,1202,456,66.0381500872769,"2"
"species",28,28,1026,495,133.166006989701,"8"
"species",29,29,1081,532,122.922781407837,"21"
"species",30,30,1065,509,155.835730493069,"21"
"species",31,31,1125,492,282.603847504154,"21"
"species",32,32,1204,451,2899.69592447146,"13"
"species",33,33,849,601,105.064281515131,"8"
"species",34,34,999,763,176.495579040051,"8"
"species",35,35,919,550,165.108220991303,"21"
"species",36,36,925,580,180.147149281279,"8"
"species",37,37,1546,562,32.059898383984,"2"
"species",38,38,1006,619,73.3765832781458,"1"
"species",39,39,1051,502,169.435833811696,"21"
"species",40,40,1171,442,62.1432974562049,"8"
"species",41,41,1027,526,152.06326478771,"8"
"species",42,42,1625,576,368.515059024095,"13"
"species",43,43,1083,576,183.451147564766,"1"
"species",44,44,1143,454,914.908959153966,"2"
"species",45,45,942,562,99.2289076820806,"21"
"species",46,46,1178,440,2209.05704646396,"13"
"species",47,47,1343,459,21.8033540546894,"8"
"species",48,48,1117,478,135.423115963124,"21"
"species",49,49,1092,482,130.134573305466,"9"
"species",50,50,1191,447,4778.3535200576,"13"
"species",51,51,935,555,100.991320170463,"21"
"species",52,52,1059,473,62.3651180937886,"13"
"species",53,53,1252,466,149.143347001621,"8"
"species",54,54,1040,479,263.444983593623,"3"
"species",55,55,935,571,84.4146363884211,"21"
"species",56,56,900,580,84.4146357998252,"21"
"species",57,57,975,550,201.99499681437,"21"
"species",58,58,1203,468,151.212776261441,"8"
"species",59,59,938,558,384.186366996856,"21"
"species",60,60,1556,564,22.5982698662794,"2"
"species",61,61,1553,570,30.2770376913249,"8"
"species",62,62,924,578,216.888581028021,"13"
"species",63,63,1135,466,73.3356642396764,"1"
"species",64,64,1245,456,68.9325003330428,"8"
"species",65,65,1354,487,20.0439532551325,"2"
"species",66,66,1142,460,92.2636155126109,"21"
"species",67,67,892,602,83.5130732506514,"1"
"species",68,68,1077,509,142.070050978245,"21"
"species",69,69,1769,630,47.1758799738952,"2"
"species",70,70,1703,592,44.5745327752584,"2"
"species",71,71,1588,543,7.99457285366952,"15"
"species",72,72,1814,645,60.1243311558026,"8"
"species",73,73,1022,501,39.0017192774239,"21"
"species",74,74,1808,648,47.2207556888461,"8"
"species",75,75,1078,595,47.2328871339522,"1"
"species",76,76,1538,514,8.00364848133137,"2"
"species",77,77,1544,594,13.5638846801594,"2"
"species",78,78,1329,452,20.8072509515311,"2"
"species",79,79,1074,497,149.23346924104,"9"
"species",80,80,1048,495,146.560784539041,"9"
"species",81,81,1089,498,146.603348076334,"2"
"species",82,82,1070,499,281.125082717739,"2"
"species",83,83,1016,568,124.194099321966,"21"
"species",84,84,1027,562,101.15508795874,"21"
"species",85,85,995,555,264.831413880411,"8"
"species",86,86,1136,506,59.8715104887998,"9"
"species",87,87,893,605,111.454305238983,"21"
"species",88,88,1038,523,322.500504433583,"8"
"species",89,89,893,604,72.4451400637627,"21"
"species",90,90,1144,503,285.836834281683,"13"
"species",91,91,904,599,107.715783923677,"8"
"species",92,92,1020,551,89.5973000338424,"13"
"species",93,93,1042,653,238.961779713631,"8"
"species",94,94,1543,617,31.6483792159706,"2"
"species",95,95,1625,596,31.1201393381406,"15"
"species",96,96,1550,604,17.2328880637665,"2"
"species",97,97,1537,604,26.9378393491442,"2"
"species",98,98,1782,623,25.0666630806725,"2"
"species",99,99,1803,643,47.221097562462,"2"
"species",100,100,1028,492,22.6926353536546,"8"
"species",101,101,1778,612,33.5646222542391,"2"
"species",102,102,1767,628,46.4422699732876,"8"
"species",103,103,1482,502,8.52397247350706,"2"
"species",104,104,1477,503,10.9468449388441,"8"
"species",105,105,1100,488,336.882714333176,"21"
"species",106,106,1009,499,135.115575850039,"8"
"species",107,107,1164,596,268.058144281308,"8"
"species",108,108,870,615,95.7044690623879,"8"
"species",109,109,1091,601,47.1806311607361,"8"
"species",110,110,1740,610,11.5878555672243,"2"
"species",111,111,1369,455,21.8033539541066,"15"
"species",112,112,1126,507,104.619238411493,"9"
"species",113,113,952,555,159.644566685021,"8"
"species",114,114,1197,518,12.2851089350879,"2"
"species",115,115,1471,505,15.2223088237981,"2"
"species",116,116,1108,494,47.3733411873915,"2"
"species",117,117,1167,474,692.858120685398,"9"
"species",118,118,960,604,163.581839501492,"8"
"species",119,119,1798,638,47.2207547165453,"2"
"species",120,120,1759,633,24.9755647536367,"2"
"species",121,121,1077,487,217.830595209639,"2"
"species",122,122,907,648,83.6362812817097,"21"
"species",123,123,929,586,83.5130716860294,"8"
"species",124,124,1106,476,165.491937591492,"2"
"species",125,125,1099,466,60.6637783270477,"1"
"species",126,126,1074,569,124.207231774926,"8"
"species",127,127,1796,633,47.1156765409048,"8"
"species",128,128,1126,472,70.8868263587355,"2"
"species",129,129,1573,570,30.277037570253,"8"
"species",130,130,1150,485,414.276147470314,"8"
"species",131,131,891,835,76.5618059709668,"1"
"species",132,132,1054,627,270.643086369876,"8"
"species",133,133,964,599,155.333253622055,"1"
"species",134,134,964,551,105.407848768402,"21"
"species",135,135,1478,503,8.27811791016837,"2"
"species",136,136,1863,661,28.7210868895054,"2"
"species",137,137,1299,548,38.232684130132,"9"
"species",138,138,1771,629,40.9362178248803,"8"
"species",139,139,1607,599,31.6483797542751,"2"
"species",140,140,1525,512,8.32848954293877,"2"
"species",141,141,1076,480,38.7746027521789,"2"
"species",142,142,1330,485,27.7750494815295,"99"
"species",143,143,1552,621,31.2509430814643,"8"
"species",144,144,974,608,73.5591972321272,"8"
"species",145,145,969,610,155.333251908421,"21"
"species",146,146,883,605,83.5352247953402,"8"
"species",147,147,1592,584,34.5312207005856,"2"
"species",148,148,1050,557,90.0100734457374,"21"
"species",149,149,1038,507,161.400033429239,"21"
"species",150,150,1044,472,452.665139279202,"8"
"species",151,151,1044,512,281.862869057784,"21"
"species",152,152,913,562,599.255589684786,"1"
"species",153,153,1120,591,243.126031324246,"13"
"species",154,154,966,547,158.220933534444,"8"
"species",155,155,898,587,83.8812415821134,"21"
"species",156,156,1023,504,37.7663246187685,"21"
"species",157,157,1070,495,142.621888868988,"2"
"species",158,158,1437,503,13.725075202376,"2"
"species",159,159,919,576,89.3912675160567,"21"
"species",160,160,1197,434,7474.92333781734,"13"
"species",161,161,1216,467,85.1830618775173,"8"
"species",162,162,1107,481,239.115293767649,"21"
"species",163,163,1067,498,155.235805992122,"9"
"species",164,164,1231,452,74.4995024999836,"21"
"species",165,165,1528,561,54.9546588212252,"13"
"species",166,166,938,565,167.324439927331,"1"
"species",167,167,1314,554,54.4523578163545,"9"
"species",168,168,1151,458,62.8593610934766,"2"
"species",169,169,1135,509,56.624860564675,"21"
"species",170,170,1069,482,145.582661472453,"2"
"species",171,171,922,569,84.4146358892321,"21"
"species",172,172,964,545,159.741824761033,"21"
"species",173,173,1198,497,12.2851085942239,"2"
"species",174,174,893,611,83.5130694583058,"8"
"species",175,175,997,544,223.137207591665,"21"
"species",176,176,937,543,806.290589398189,"21"
"species",177,177,939,565,119.854792476726,"8"
"species",178,178,1516,622,29.2596918791578,"2"
"species",179,179,1514,544,15.3538833465427,"15"
"species",180,180,1802,647,47.8568566887797,"2"
"species",181,181,1545,515,8.32851386722177,"2"
"species",182,182,1351,571,59.3752659372985,"8"
"species",183,183,919,568,84.4146356284618,"21"
"species",184,184,1096,472,66.0910987374948,"2"
"species",185,185,1156,516,12.2851087758318,"2"
"species",186,186,1118,505,12.2851084478732,"2"
"species",187,187,1771,627,28.4765783274497,"2"
"species",188,188,1346,567,42.5112016019179,"8"
"species",189,189,1545,561,24.9279500663015,"2"
"species",190,190,1605,579,30.277037544176,"2"
"species",191,191,1527,513,8.19221740728354,"8"
"species",192,192,1560,586,13.5787340216294,"2"
"species",193,193,1626,575,19.6327604632825,"2"
"species",194,194,1520,521,7.99457295285538,"2"
"species",195,195,1777,643,47.2207546718419,"8"
"species",196,196,1460,508,15.0476287781246,"2"
"species",197,197,919,580,83.5130714699626,"8"
"species",198,198,1001,532,320.914435354739,"8"
"species",199,199,972,591,193.808026984435,"8"
"species",200,200,1111,472,62.3651204891503,"8"
"species",201,201,889,599,83.5130732804537,"21"
"species",202,202,916,585,96.6923481762123,"8"
"species",203,203,924,595,78.8029174729844,"1"
"species",204,204,933,632,69.2006479650736,"1"
"species",205,205,925,565,283.198778331035,"8"
"species",206,206,1097,466,88.0344362929463,"21"
"species",207,207,1108,457,107.925045762844,"21"
"species",208,208,1013,568,46.0092112492289,"21"
"species",209,209,899,585,281.397367030396,"21"
"species",210,210,941,581,84.151397392189,"8"
"species",211,211,1741,609,23.9018095936626,"8"
"species",212,212,1777,612,36.4315739683807,"2"
"species",213,213,1096,468,87.8447625712442,"15"
"species",214,214,986,587,79.2572473711705,"8"
"species",215,215,1776,645,48.2943199057934,"2"
"species",216,216,1787,643,47.2207545414567,"8"
"species",217,217,1097,489,197.977926503695,"13"
"species",218,218,1044,592,127.906619898768,"8"
"species",219,219,887,608,95.7361176684459,"21"
"species",220,220,938,672,68.5966425463286,"8"
"species",221,221,1043,610,87.0073734805623,"9"
"species",222,222,966,608,173.41826967993,"1"
"species",223,223,956,805,76.3438945337177,"8"
"species",224,224,965,556,186.408217311595,"8"
"species",225,225,894,593,79.7593071087815,"21"
"species",226,226,1110,507,12.315577311445,"2"
"species",227,227,1101,462,88.0344356298447,"21"
"species",228,228,1011,514,171.82033892101,"8"
"species",229,229,1089,471,86.4820647016262,"21"
"species",230,230,892,592,90.0132536812548,"21"
"species",231,231,1073,509,35.1086794473231,"2"
"species",232,232,966,700,69.2006483003497,"1"
"species",233,233,1120,459,88.0351059287786,"8"
"species",234,234,938,581,75.8178708851853,"8"
"species",235,235,1005,552,63.5969063754679,"21"
"species",236,236,936,650,69.1843178346737,"8"
"species",237,237,987,574,116.694539615059,"21"
"species",238,238,1034,565,89.7320844903139,"21"
"species",239,239,1065,477,87.8381865993287,"21"
"species",240,240,1025,648,238.96178338329,"13"
"species",241,241,1002,674,82.7941398906989,"8"
"species",242,242,1065,600,129.609714254737,"21"
"species",243,243,826,1042,77.3043874055436,"1"
"species",244,244,1798,612,75.9409369685989,"2"
"species",245,245,1151,506,12.2851088801399,"2"
"species",246,246,1779,634,47.220755033195,"8"
"species",247,247,985,499,130.557835750315,"21"
"species",248,248,1572,576,30.2770382035524,"8"
"species",249,249,1530,510,8.32851371541619,"2"
"species",250,250,1782,641,43.6482142359052,"8"
"species",251,251,1110,469,78.3151115960733,"2"
"species",252,252,960,698,67.0719827149039,"8"
"species",253,253,880,624,92.1938558145873,"13"
"species",254,254,890,647,81.9596977683783,"8"
"species",255,255,1066,481,54.6680496074259,"21"
"species",256,256,1104,574,47.9977731481575,"21"
"species",257,257,1555,558,54.9546569101512,"15"
"species",258,258,1523,507,7.9945728671737,"2"
"species",259,259,1356,474,68.7133447733556,"8"
"species",260,260,1073,630,238.961775648925,"21"
"species",261,261,1128,476,27.3929610736668,"2"
"species",262,262,1160,471,27.3929609619081,"15"
"species",263,263,1204,447,142.429120284964,"8"
"species",264,264,1146,455,62.1432976163924,"1"
"species",265,265,1051,470,247.051952764927,"14"
"species",266,266,973,610,73.5593877136707,"8"
"species",267,267,1082,480,115.097683270647,"2"
"species",268,268,1089,561,48.3054570219383,"1"
"species",269,269,873,858,76.5618061572313,"1"
"species",270,270,990,763,39.9390476902274,"21"
"species",271,271,1316,481,39.9404726475477,"2"
"species",272,272,1076,473,54.6680506318808,"1"
"species",273,273,1086,538,62.1468408405781,"1"
"species",274,274,1106,474,88.0344391837716,"1"
"species",275,275,1274,497,39.9404731355608,"2"
"species",276,276,991,670,85.847209631669,"1"
"species",277,277,1115,546,48.7409245334566,"1"
"species",278,278,1351,478,16.1109505612403,"2"
"species",279,279,1081,486,54.6694134548314,"1"
"species",280,280,1128,499,66.4852636307478,"1"
"species",281,281,1198,464,83.3472274008163,"21"
"species",282,282,1063,596,129.609715506434,"1"
"species",283,283,1239,454,104.970841154939,"21"
"species",284,284,1204,443,62.1432970426977,"2"
"species",285,285,1051,505,155.835734989781,"21"
"species",286,286,1164,447,960.912940214209,"2"
"species",287,287,1045,544,96.865690998733,"21"
"species",288,288,1826,592,75.4316442235524,"8"
"species",289,289,1367,479,107.224513940169,"2"
"species",290,290,1371,442,18.8938369400052,"2"
"species",291,291,1261,480,28.0261333286762,"2"
"species",292,292,1836,657,83.8414892703295,"2"
"species",293,293,1337,469,64.642567962408,"8"
"species",294,294,920,609,151.918412939029,"1"
"species",295,295,897,598,132.184007048677,"8"
"species",296,296,1251,443,8061.15866708758,"13"
"species",297,297,893,602,154.901583760935,"21"
"species",298,298,903,618,146.653957471251,"8"
"species",299,299,962,531,101.111183777452,"8"
"species",300,300,878,550,85.3066874519484,"8"
"species",301,301,1147,447,153.219720557002,"21"
"species",302,302,1090,590,242.657010346651,"8"
"species",303,303,1078,542,4830.73824167899,"13"
"species",304,304,1213,447,6978.69307396515,"13"
"species",305,305,1045,539,1486.42117465116,"8"
"species",306,306,1490,551,15.3538834964856,"2"
"species",307,307,1647,606,13.2285397276406,"2"
"species",308,308,1467,511,15.353883607313,"2"
"species",309,309,1611,579,45.3161173127592,"2"
"species",310,310,1844,617,44.1872628453217,"8"
"species",311,311,1204,441,7778.8624656381,"13"
"species",312,312,987,626,188.625377804041,"8"
"species",313,313,1369,456,21.8033536616713,"2"
"species",314,314,895,610,146.653956130147,"1"
"species",315,315,706,1042,76.5618032167355,"8"
"species",316,316,923,590,78.6185445711017,"21"
"species",317,317,1333,544,13.6431601112379,"9"
"species",318,318,964,546,223.088214527917,"1"
"species",319,319,957,615,188.625376090407,"1"
"species",320,320,1478,558,27.1947069271724,"8"
"species",321,321,1363,474,69.8443288405964,"8"
"species",322,322,1028,499,131.043813422829,"21"
"species",323,323,906,712,69.1228164508863,"8"
"species",324,324,933,630,153.254177317023,"1"
"species",325,325,1064,490,126.426542361515,"1"
"species",326,326,1135,468,263.444989115,"3"
"species",327,327,1527,568,42.7215577438474,"8"
"species",328,328,1339,454,90.8156102687284,"8"
"species",329,329,1485,494,7.99457300733775,"8"
"species",330,330,1131,510,598.404038678792,"21"
"species",331,331,1077,516,122.927870079875,"21"
"species",332,332,1116,468,27.3929609656334,"2"
"species",333,333,1318,550,29.9439172729775,"9"
"species",334,334,1800,618,76.3803678768808,"8"
"species",335,335,1278,506,18.4613004905735,"13"
"species",336,336,935,576,168.516099060626,"8"
"species",337,337,1010,499,111.208333699697,"13"
"species",338,338,973,548,266.476284921169,"13"
"species",339,339,1063,595,241.844744250128,"8"
"species",340,340,1012,566,195.669521152973,"21"
"species",341,341,779,1054,76.5618049502373,"31"
"species",342,342,1061,467,231.549300550968,"8"
"species",343,343,913,567,389.553437220796,"8"
"species",344,344,1081,622,964.787410510709,"8"
"species",345,345,841,600,141.342278792772,"8"
"species",346,346,1804,641,47.2207539305091,"8"
"species",347,347,1482,516,8.04668484489577,"2"
"species",348,348,1696,636,24.9755647126585,"2"
"species",349,349,1765,643,47.2207548096776,"2"
"species",350,350,1577,536,8.32851378899068,"8"
"species",351,351,1848,606,187.126201932619,"8"
"species",352,352,1605,633,31.6483796369284,"8"
"species",353,353,1680,582,47.5090122371912,"8"
"species",354,354,1716,638,24.9755645897239,"8"
"species",355,355,1309,534,21.3910472183798,"2"
"species",356,356,1807,644,81.103418759127,"2"
"species",357,357,935,551,99.8575193137276,"21"
"species",358,358,1814,602,83.4573776280377,"2"
"species",359,359,1615,629,31.6483793575317,"8"
"species",360,360,1518,560,52.3960987919032,"8"
"species",361,361,1750,631,12.0281213867487,"8"
"species",362,362,1481,516,15.3538833670318,"8"
"species",363,363,1161,442,749.019567365992,"13"
"species",364,364,1814,617,172.547968678222,"8"
"species",365,365,1347,564,59.3752656839788,"2"
"species",366,366,1165,441,62.1432958431542,"2"
"species",367,367,1578,626,31.6483786832541,"8"
"species",368,368,1684,583,47.5090117007494,"8"
"species",369,369,1148,507,56.9827572802703,"9"
"species",370,370,1645,568,294.548016716995,"8"
"species",371,371,1524,558,54.9196268990522,"8"
"species",372,372,1647,607,73.6202957387266,"2"
"species",373,373,1614,611,92.9898556546718,"2"
"species",374,374,1765,622,63.6452935791389,"2"
"species",375,375,1287,538,16.9738909796729,"9"
"species",376,376,1202,424,2541.33152061048,"13"
"species",377,377,1501,506,7.99457297194749,"8"
"species",378,378,1495,504,7.99457288673147,"2"
"species",379,379,1326,571,37.4480641558766,"2"
"species",380,380,1185,457,76.3400405351394,"2"
"species",381,381,1147,544,68.2823666781124,"8"
"species",382,382,1235,459,1655.78411858037,"2"
"species",383,383,1040,535,62.2483361624181,"13"
"species",384,384,1012,505,35.108678586781,"2"
"species",385,385,1227,481,160.471183933861,"2"
"species",386,386,1179,479,66.4852619692683,"21"
"species",387,387,951,514,37.3103388047225,"9"
"species",388,388,969,603,71.5930669084191,"1"
"species",389,389,908,598,115.966193102984,"8"
"species",390,390,925,580,174.671046369969,"21"
"species",391,391,1097,490,173.278222680092,"21"
"species",392,392,1033,514,35.1086789220571,"2"
"species",393,393,905,612,112.94025001015,"21"
"species",394,394,1025,561,88.2954225556457,"21"
"species",395,395,1099,486,296.130782588886,"13"
"species",396,396,1106,576,48.7409229762852,"8"
"species",397,397,1034,488,38.7746033035219,"8"
"species",398,398,1625,580,368.515061944723,"2"
"species",399,399,1159,530,56.9827611967921,"21"
"species",400,400,1683,586,47.5090106390417,"25"
"species",401,401,964,551,137.205789723637,"21"
"species",402,402,933,708,69.2006505727768,"8"
"species",403,403,1019,590,225.581105894134,"78"
"species",404,404,992,532,86.1829177811742,"8"
"species",405,405,1072,620,525.766222815794,"21"
"species",406,406,1792,617,23.9018094595522,"2"
"species",407,407,905,559,263.193194775176,"8"
"species",408,408,1192,460,104.665094532073,"3"
"species",409,409,993,621,188.625378921628,"21"
"species",410,410,926,880,77.9810217544436,"1"
"species",411,411,1222,464,141.325771882022,"8"
"species",412,412,1080,600,184.574490365929,"21"
"species",413,413,1181,561,56.899576380811,"21"
"species",414,414,995,561,83.5130710080266,"8"
"species",415,415,920,607,78.618545204401,"8"
"species",416,416,923,560,84.4146348908544,"21"
"species",417,417,1006,650,55.1219362914562,"21"
"species",418,418,1053,518,98.5825231102077,"8"
"species",419,419,854,601,153.254181489348,"13"
"species",420,420,891,606,141.477821057224,"1"
"species",421,421,1077,566,48.7409241758287,"8"
"species",422,422,1477,513,15.3538835654035,"2"
"species",423,423,1268,524,12.2851083208289,"9"
"species",424,424,1617,585,368.515054285526,"2"
"species",425,425,900,588,92.9390417194704,"21"
"species",426,426,1824,614,87.858300819993,"8"
"species",427,427,1453,493,9.26985023450106,"2"
"species",428,428,1096,559,48.7409232854843,"8"
"species",429,429,1608,617,31.6483794748783,"8"
"species",430,430,1603,587,339.511108735423,"2"
"species",431,431,1066,557,268.05814486742,"21"
"species",432,432,1115,475,70.8868269398808,"2"
"species",433,433,1132,459,62.1448011659086,"2"
"species",434,434,1152,463,70.7367158643624,"2"
"species",435,435,1129,469,70.8868253752589,"2"
"species",436,436,1552,625,31.4491724818659,"2"
"species",437,437,1329,558,53.5990976104681,"2"
"species",438,438,1120,472,27.392960799858,"2"
"species",439,439,1141,462,70.8868245631456,"2"
"species",440,440,1637,584,24.4326700921047,"2"
"species",441,441,1549,550,8.32851382065564,"15"
"species",442,442,1038,589,216.729945083981,"8"
"species",443,443,1047,489,146.464591407776,"9"
"species",444,444,1121,458,62.1432975009084,"2"
"species",445,445,1532,560,45.827599678444,"2"
