"species","x","y","bio4","bio16","gpw2000_30_sec","swa_2000lulc_2km"
"species",1,1,942,940,77.9810211881995,"1"
"species",2,2,1032,534,94.8997115465162,"8"
"species",3,3,1045,544,96.865690998733,"21"
"species",4,4,1078,544,4871.93225622177,"13"
"species",5,5,892,592,90.0132536812548,"21"
"species",6,6,1087,551,120.577222399776,"1"
"species",7,7,969,936,77.5169917493481,"21"
"species",8,8,1056,521,124.421352700346,"8"
"species",9,9,1060,476,70.5282521932162,"2"
"species",10,10,919,598,104.534336426432,"8"
"species",11,11,771,1043,76.5618060777585,"31"
"species",12,12,1072,621,941.803051925394,"8"
"species",13,13,924,610,155.304796770209,"1"
"species",14,14,972,694,97.1699858754873,"8"
"species",15,15,1642,565,50.3564276984964,"14"
"species",16,16,881,592,137.263175637642,"21"
"species",17,17,1141,507,192.811159819365,"2"
"species",18,18,1244,488,40.0303696058698,"2"
"species",19,19,1026,495,133.166006989701,"8"
"species",20,20,1038,552,62.8201345131357,"1"
"species",21,21,959,546,266.476282685995,"1"
"species",22,22,1002,720,41.8599400778827,"8"
"species",23,23,989,496,477.128816991956,"8"
"species",24,24,1804,641,47.2207539305091,"8"
"species",25,25,1115,487,427.014916744046,"8"
"species",26,26,1367,479,107.224513940169,"2"
"species",27,27,919,550,165.108220991303,"21"
"species",28,28,1509,509,7.99457306601107,"2"
"species",29,29,1065,574,192.685141548506,"21"
"species",30,30,925,580,180.147149281279,"8"
"species",31,31,1206,502,12.2851089891046,"2"
"species",32,32,854,601,153.254181489348,"13"
"species",33,33,1083,576,183.451147564766,"1"
"species",34,34,908,598,115.966193102984,"8"
"species",35,35,942,562,99.2289076820806,"21"
"species",36,36,925,580,174.671046369969,"21"
"species",37,37,1313,473,71.4919497122715,"2"
"species",38,38,1529,521,7.99457302037627,"2"
"species",39,39,1065,509,155.835730493069,"21"
"species",40,40,1075,561,94.819230015504,"8"
"species",41,41,978,683,61.4570070505726,"1"
"species",42,42,900,580,84.4146357998252,"21"
"species",43,43,1038,523,322.500504433583,"8"
"species",44,44,913,562,599.255589684786,"1"
"species",45,45,1538,514,8.00364848133137,"2"
"species",46,46,1100,602,47.1806308813393,"1"
"species",47,47,1174,466,58.0392146259296,"21"
"species",48,48,924,578,216.888581028021,"13"
"species",49,49,898,587,83.8812415821134,"21"
"species",50,50,1541,521,7.99457294121385,"2"
"species",51,51,1222,464,141.325771882022,"8"
"species",52,52,1203,468,151.212776261441,"8"
"species",53,53,892,602,83.5130732506514,"1"
"species",54,54,1042,653,238.961779713631,"8"
"species",55,55,1022,501,39.0017192774239,"21"
"species",56,56,935,571,84.4146363884211,"21"
"species",57,57,928,757,66.2816986043284,"21"
"species",58,58,1050,629,238.961779773235,"8"
"species",59,59,936,650,69.1843178346737,"8"
"species",60,60,1027,562,101.15508795874,"21"
"species",61,61,1016,568,124.194099321966,"21"
"species",62,62,893,604,72.4451400637627,"21"
"species",63,63,1625,596,31.1201393381406,"15"
"species",64,64,1537,604,26.9378393491442,"2"
"species",65,65,1550,604,17.2328880637665,"2"
"species",66,66,1525,512,8.32848954293877,"2"
"species",67,67,1507,509,7.9945730199106,"2"
"species",68,68,1783,641,47.2207547947764,"8"
"species",69,69,1477,503,10.9468449388441,"8"
"species",70,70,1077,509,142.070050978245,"21"
"species",71,71,893,605,111.454305238983,"21"
"species",72,72,960,604,163.581839501492,"8"
"species",73,73,938,558,384.186366996856,"21"
"species",74,74,1027,649,217.486190343265,"8"
"species",75,75,1067,498,155.235805992122,"9"
"species",76,76,1045,484,71.2146034564411,"8"
"species",77,77,966,547,158.220933534444,"8"
"species",78,78,937,543,806.290589398189,"21"
"species",79,79,995,555,264.831413880411,"8"
"species",80,80,991,749,44.0877668559551,"8"
"species",81,81,1740,610,11.5878555672243,"2"
"species",82,82,1369,455,21.8033539541066,"15"
"species",83,83,1126,507,104.619238411493,"9"
"species",84,84,952,555,159.644566685021,"8"
"species",85,85,1013,635,238.961773350835,"8"
"species",86,86,907,648,83.6362812817097,"21"
"species",87,87,1164,596,268.058144281308,"8"
"species",88,88,929,586,83.5130716860294,"8"
"species",89,89,1607,595,31.6483786981553,"2"
"species",90,90,1594,581,30.2770377900451,"2"
"species",91,91,1478,503,8.27811791016837,"2"
"species",92,92,1766,609,35.9207258988501,"2"
"species",93,93,1150,485,414.276147470314,"8"
"species",94,94,1076,480,38.7746027521789,"2"
"species",95,95,1299,548,38.232684130132,"9"
"species",96,96,1553,539,8.32851382251829,"8"
"species",97,97,1618,556,45.9121840372682,"8"
"species",98,98,1556,589,13.5787339424716,"2"
"species",99,99,1216,467,85.1830618775173,"8"
"species",100,100,1796,633,47.1156765409048,"8"
"species",101,101,1803,643,47.221097562462,"2"
"species",102,102,1340,455,18.6894852829376,"2"
"species",103,103,1107,481,239.115293767649,"21"
"species",104,104,826,916,76.5618055537343,"8"
"species",105,105,1030,566,87.980780850567,"13"
"species",106,106,1091,601,47.1806311607361,"8"
"species",107,107,1108,494,47.3733411873915,"2"
"species",108,108,964,599,155.333253622055,"1"
"species",109,109,826,1042,77.3043874055436,"1"
"species",110,110,1066,498,173.193332225074,"8"
"species",111,111,870,615,95.7044690623879,"8"
"species",112,112,1001,532,320.914435354739,"8"
"species",113,113,1231,452,74.4995024999836,"21"
"species",114,114,914,603,155.333251208067,"21"
"species",115,115,972,591,193.808026984435,"8"
"species",116,116,922,569,84.4146358892321,"21"
"species",117,117,1197,518,12.2851089350879,"2"
"species",118,118,1106,476,165.491937591492,"2"
"species",119,119,1077,487,217.830595209639,"2"
"species",120,120,1044,472,452.665139279202,"8"
"species",121,121,1044,512,281.862869057784,"21"
"species",122,122,1137,516,12.2851087148612,"2"
"species",123,123,1338,583,58.7414499559409,"8"
"species",124,124,1069,482,145.582661472453,"2"
"species",125,125,1097,466,88.0344362929463,"21"
"species",126,126,919,580,83.5130714699626,"8"
"species",127,127,916,585,96.6923481762123,"8"
"species",128,128,1060,507,259.346073916396,"8"
"species",129,129,985,499,130.557835750315,"21"
"species",130,130,974,608,73.5591972321272,"8"
"species",131,131,1077,517,364.501159934153,"8"
"species",132,132,1051,482,96.3607927570876,"21"
"species",133,133,1798,638,47.2207547165453,"2"
"species",134,134,1777,612,36.4315739683807,"2"
"species",135,135,960,698,67.0719827149039,"8"
"species",136,136,1045,485,93.2306658029855,"21"
"species",137,137,1023,493,35.4062486123486,"2"
"species",138,138,1111,472,62.3651204891503,"8"
"species",139,139,1023,504,37.7663246187685,"21"
"species",140,140,1051,568,88.7184446230162,"21"
"species",141,141,1120,459,88.0351059287786,"8"
"species",142,142,1029,577,69.1010578315338,"8"
"species",143,143,1779,634,47.220755033195,"8"
"species",144,144,1405,493,15.7690338735744,"2"
"species",145,145,1784,641,47.2207553908229,"8"
"species",146,146,1798,612,75.9409369685989,"2"
"species",147,147,1831,605,186.501428291161,"2"
"species",148,148,1572,576,30.2770382035524,"8"
"species",149,149,1096,468,87.8447625712442,"15"
"species",150,150,1544,594,13.5638846801594,"2"
"species",151,151,1791,635,47.220755752176,"2"
"species",152,152,1018,588,44.0877669081092,"8"
"species",153,153,938,672,68.5966425463286,"8"
"species",154,154,992,710,44.0877680405974,"1"
"species",155,155,968,704,44.0877679847181,"8"
"species",156,156,1044,592,127.906619898768,"8"
"species",157,157,956,805,76.3438945337177,"8"
"species",158,158,1074,569,124.207231774926,"8"
"species",159,159,980,682,97.1699835732579,"8"
"species",160,160,965,556,186.408217311595,"8"
"species",161,161,889,599,83.5130732804537,"21"
"species",162,162,1110,507,12.315577311445,"2"
"species",163,163,1101,462,88.0344356298447,"21"
"species",164,164,1011,514,171.82033892101,"8"
"species",165,165,1104,574,47.9977731481575,"21"
"species",166,166,925,981,59.1819366216659,"8"
"species",167,167,1189,460,104.665092259645,"3"
"species",168,168,1179,514,55.0739771462977,"2"
"species",169,169,1089,561,48.3054570219383,"1"
"species",170,170,873,858,76.5618061572313,"1"
"species",171,171,990,763,39.9390476902274,"21"
"species",172,172,1176,431,1166.66547977839,"2"
"species",173,173,1076,473,54.6680506318808,"1"
"species",174,174,1086,538,62.1468408405781,"1"
"species",175,175,1106,474,88.0344391837716,"1"
"species",176,176,1274,497,39.9404731355608,"2"
"species",177,177,991,670,85.847209631669,"1"
"species",178,178,1115,546,48.7409245334566,"1"
"species",179,179,1351,478,16.1109505612403,"2"
"species",180,180,1081,486,54.6694134548314,"1"
"species",181,181,1128,499,66.4852636307478,"1"
"species",182,182,1198,464,83.3472274008163,"21"
"species",183,183,1063,596,129.609715506434,"1"
"species",184,184,1239,454,104.970841154939,"21"
"species",185,185,978,603,71.6069178655772,"1"
"species",186,186,949,795,176.495575234294,"1"
"species",187,187,1337,464,55.6819245615876,"8"
"species",188,188,1085,571,48.740924321115,"8"
"species",189,189,1536,527,8.32851371634752,"2"
"species",190,190,1371,442,18.8938369400052,"2"
"species",191,191,920,609,151.918412939029,"1"
"species",192,192,1069,541,3633.39075254886,"8"
"species",193,193,960,687,56.4230341464864,"21"
"species",194,194,1005,647,55.121935762465,"1"
"species",195,195,987,626,188.625377804041,"8"
"species",196,196,1191,447,4778.3535200576,"13"
"species",197,197,1369,456,21.8033536616713,"2"
"species",198,198,1213,447,6978.69307396515,"13"
"species",199,199,706,1042,76.5618032167355,"8"
"species",200,200,1478,558,27.1947069271724,"8"
"species",201,201,945,610,155.333248704672,"8"
"species",202,202,1125,492,282.603847504154,"21"
"species",203,203,1317,477,128.83013041877,"8"
"species",204,204,1250,456,90.8218683747587,"8"
"species",205,205,964,546,223.088214527917,"1"
"species",206,206,935,555,100.991320170463,"21"
"species",207,207,992,532,86.1829177811742,"8"
"species",208,208,1106,576,48.7409229762852,"8"
"species",209,209,1064,499,22.6926351059228,"8"
"species",210,210,1090,573,48.7409239932895,"1"
"species",211,211,1080,489,146.464595392346,"2"
"species",212,212,1012,566,195.669521152973,"21"
"species",213,213,779,1054,76.5618049502373,"31"
"species",214,214,1061,467,231.549300550968,"8"
"species",215,215,1102,498,170.878170349744,"8"
"species",216,216,891,606,141.477821057224,"1"
"species",217,217,1003,1115,77.9810220118273,"8"
"species",218,218,979,626,188.270151406504,"8"
"species",219,219,1035,518,527.306888743712,"8"
"species",220,220,963,987,77.9810215234756,"8"
"species",221,221,1034,574,124.207227297127,"8"
"species",222,222,974,622,178.979433597029,"21"
"species",223,223,1339,454,90.8156102687284,"8"
"species",224,224,958,550,221.259510103372,"8"
"species",225,225,1052,526,163.354866535163,"8"
"species",226,226,936,623,146.653951853514,"8"
"species",227,227,918,610,107.270290466631,"21"
"species",228,228,1363,474,69.8443288405964,"8"
"species",229,229,1523,507,7.9945728671737,"2"
"species",230,230,1059,473,62.3651180937886,"13"
"species",231,231,1635,575,368.515058219433,"13"
"species",232,232,1821,636,84.3064445737497,"2"
"species",233,233,1188,465,815.557825428853,"21"
"species",234,234,1309,534,21.3910472183798,"2"
"species",235,235,1526,522,8.32851376850158,"2"
"species",236,236,1482,516,8.04668484489577,"2"
"species",237,237,1574,538,8.3285136660561,"2"
"species",238,238,1099,482,289.570079011629,"9"
"species",239,239,1625,580,368.515061944723,"2"
"species",240,240,1159,530,56.9827611967921,"21"
"species",241,241,1683,586,47.5090106390417,"25"
"species",242,242,919,568,84.4146356284618,"21"
"species",243,243,895,610,146.653956130147,"1"
"species",244,244,1081,532,122.922781407837,"21"
"species",245,245,1077,516,122.927870079875,"21"
"species",246,246,926,603,155.333251997828,"1"
"species",247,247,980,678,62.3216744589537,"8"
"species",248,248,1019,590,225.581105894134,"78"
"species",249,249,897,598,132.184007048677,"8"
"species",250,250,1072,620,525.766222815794,"21"
"species",251,251,1063,595,241.844744250128,"8"
"species",252,252,1213,518,55.0739762624105,"9"
"species",253,253,1235,459,1655.78411858037,"2"
"species",254,254,1173,456,1105.4778934441,"2"
"species",255,255,1251,443,8061.15866708758,"13"
"species",256,256,1367,588,37.4480638019741,"8"
"species",257,257,1813,601,208.561102695262,"8"
"species",258,258,1318,550,29.9439172729775,"9"
"species",259,259,1166,435,688.487962215296,"2"
"species",260,260,1202,424,2541.33152061048,"13"
"species",261,261,1750,631,12.0281213867487,"8"
"species",262,262,1089,579,48.74092342332,"1"
"species",263,263,1028,499,131.043813422829,"21"
"species",264,264,905,612,112.94025001015,"21"
"species",265,265,1477,513,15.3538835654035,"2"
"species",266,266,1268,524,12.2851083208289,"9"
"species",267,267,1146,455,62.1432976163924,"1"
"species",268,268,1144,503,285.836834281683,"13"
"species",269,269,1593,585,312.550658388249,"8"
"species",270,270,1581,559,14.4865802058855,"2"
"species",271,271,1639,583,47.5090109109879,"8"
"species",272,272,1499,516,7.99457284202799,"2"
"species",273,273,960,607,73.5593882352114,"21"
"species",274,274,1549,550,8.32851382065564,"15"
"species",275,275,956,695,66.7527652085594,"21"
"species",276,276,1261,480,28.0261333286762,"2"
