"species","x","y","bio4","bio16","gpw2000_30_sec","simplelc2000"
"species",1,1,1382,439,21.6681728363037,"2"
"species",2,2,1191,447,5515.67724609375,"5"
"species",3,3,919,598,102.726890563965,"4"
"species",4,4,1060,476,64.4457702636719,"2"
"species",5,5,771,1043,76.5618057250977,"2"
"species",6,6,886,598,78.6430969238281,"1"
"species",7,7,924,610,155.333251953125,"1"
"species",8,8,1162,466,926.984252929688,"2"
"species",9,9,1356,474,69.3124694824219,"4"
"species",10,10,1096,495,173.278213500977,"1"
"species",11,11,1178,440,2465.0966796875,"5"
"species",12,12,1298,582,29.31325340271,"1"
"species",13,13,1340,455,19.4944667816162,"2"
"species",14,14,1296,453,90.69287109375,"2"
"species",15,15,1047,522,62.2483329772949,"1"
"species",16,16,1384,454,9.26984977722168,"4"
"species",17,17,929,606,155.193725585938,"4"
"species",18,18,883,586,82.5017166137695,"1"
"species",19,19,1078,544,4871.93212890625,"5"
"species",20,20,1546,562,30.5128440856934,"2"
"species",21,21,1176,490,12.2851085662842,"2"
"species",22,22,945,581,71.5930709838867,"1"
"species",23,23,1026,495,134.922729492188,"4"
"species",24,24,935,555,101.111183166504,"1"
"species",25,25,1417,487,16.1109504699707,"4"
"species",26,26,1313,557,29.3296756744385,"3"
"species",27,27,1524,558,54.9546585083008,"4"
"species",28,28,1682,601,23.9018096923828,"1"
"species",29,29,1285,453,91.8849029541016,"4"
"species",30,30,1166,456,103.387649536133,"5"
"species",31,31,1737,599,26.6575756072998,"4"
"species",32,32,1329,556,29.3296756744385,"2"
"species",33,33,1626,605,82.8126449584961,"4"
"species",34,34,1339,557,33.204475402832,"3"
"species",35,35,1634,605,61.9592552185059,"4"
"species",36,36,1184,451,81.985107421875,"1"
"species",37,37,1767,601,32.7284545898438,"2"
"species",38,38,1708,606,14.6039686203003,"2"
"species",39,39,1777,610,36.4315719604492,"4"
"species",40,40,1765,606,31.1889533996582,"2"
"species",41,41,1730,605,23.5289287567139,"2"
"species",42,42,1822,598,187.033157348633,"4"
"species",43,43,1793,612,36.4315719604492,"4"
"species",44,44,1701,617,13.3724346160889,"1"
"species",45,45,1712,597,41.2943458557129,"4"
"species",46,46,1733,629,13.3724336624146,"2"
"species",47,47,1729,597,23.9018096923828,"2"
"species",48,48,1647,607,73.7905044555664,"2"
"species",49,49,1791,615,36.4315719604492,"2"
"species",50,50,1227,475,31.4841175079346,"2"
"species",51,51,1484,514,7.99457311630249,"2"
"species",52,52,1728,601,35.3233070373535,"2"
"species",53,53,1703,598,23.9018096923828,"2"
"species",54,54,1276,454,92.3831558227539,"2"
"species",55,55,935,571,84.4146347045898,"1"
"species",56,56,975,550,195.669509887695,"1"
"species",57,57,1100,602,47.1806297302246,"1"
"species",58,58,1556,564,22.4365329742432,"2"
"species",59,59,1027,550,79.0863571166992,"4"
"species",60,60,1181,461,150.268447875977,"1"
"species",61,61,1216,467,61.9662437438965,"4"
"species",62,62,1329,452,20.9288349151611,"2"
"species",63,63,1302,552,29.3296756744385,"1"
"species",64,64,1350,460,25.7251605987549,"2"
"species",65,65,1203,468,159.563064575195,"4"
"species",66,66,1342,464,41.5667114257812,"2"
"species",67,67,938,558,434.030548095703,"1"
"species",68,68,1369,455,21.8033542633057,"1"
"species",69,69,1522,544,15.3538827896118,"2"
"species",70,70,1568,572,30.2770366668701,"4"
"species",71,71,930,551,84.4146347045898,"1"
"species",72,72,1126,472,70.8868255615234,"2"
"species",73,73,1098,496,173.115921020508,"1"
"species",74,74,1022,501,38.7746047973633,"1"
"species",75,75,1136,506,56.9827575683594,"3"
"species",76,76,893,605,111.445602416992,"1"
"species",77,77,1038,523,332.797729492188,"4"
"species",78,78,1110,581,258.219543457031,"1"
"species",79,79,916,585,92.9564437866211,"4"
"species",80,80,929,586,83.513069152832,"4"
"species",81,81,1070,495,143.900543212891,"2"
"species",82,82,893,604,72.4451370239258,"1"
"species",83,83,1144,503,285.836822509766,"5"
"species",84,84,904,599,107.036804199219,"4"
"species",85,85,1020,551,89.7815017700195,"5"
"species",86,86,1042,653,238.961776733398,"4"
"species",87,87,1077,509,142.360275268555,"1"
"species",88,88,1543,617,31.6483783721924,"2"
"species",89,89,1527,513,8.17764377593994,"4"
"species",90,90,1537,604,26.6780796051025,"2"
"species",91,91,1783,641,47.2207527160645,"4"
"species",92,92,1550,604,17.1533126831055,"2"
"species",93,93,1405,493,15.6472902297974,"2"
"species",94,94,1068,488,377.425994873047,"4"
"species",95,95,1106,480,267.508117675781,"2"
"species",96,96,1164,596,268.058135986328,"4"
"species",97,97,870,615,95.7044677734375,"4"
"species",98,98,1197,518,12.2851095199585,"2"
"species",99,99,1471,505,15.351731300354,"2"
"species",100,100,1111,472,70.8868255615234,"2"
"species",101,101,892,602,83.5130767822266,"1"
"species",102,102,1802,647,47.4549713134766,"2"
"species",103,103,1070,499,288.309143066406,"2"
"species",104,104,1054,627,261.49072265625,"4"
"species",105,105,1091,601,47.1806297302246,"4"
"species",106,106,964,599,155.333251953125,"1"
"species",107,107,964,551,103.642074584961,"1"
"species",108,108,1022,504,35.1086807250977,"4"
"species",109,109,1796,633,47.2207565307617,"4"
"species",110,110,950,708,69.2006454467773,"1"
"species",111,111,1552,621,31.4635143280029,"4"
"species",112,112,1556,589,13.5638847351074,"2"
"species",113,113,938,565,198.090774536133,"1"
"species",114,114,1538,514,7.99457311630249,"2"
"species",115,115,1023,504,38.1871681213379,"1"
"species",116,116,1176,472,684.615844726562,"4"
"species",117,117,934,547,100.689987182617,"1"
"species",118,118,891,835,76.5618057250977,"1"
"species",119,119,991,724,44.0877685546875,"1"
"species",120,120,1077,487,228.800033569336,"2"
"species",121,121,1521,607,29.2032642364502,"4"
"species",122,122,1545,561,24.6760349273682,"2"
"species",123,123,995,499,131.479934692383,"1"
"species",124,124,898,587,83.9077835083008,"1"
"species",125,125,1573,570,30.2770366668701,"4"
"species",126,126,1607,599,31.648380279541,"2"
"species",127,127,1330,485,27.281063079834,"6"
"species",128,128,1076,480,38.774600982666,"2"
"species",129,129,1138,505,148.542556762695,"3"
"species",130,130,1052,582,243.069274902344,"4"
"species",131,131,985,499,130.632080078125,"1"
"species",132,132,892,568,83.7335510253906,"1"
"species",133,133,889,599,83.513069152832,"1"
"species",134,134,1097,466,88.0344390869141,"1"
"species",135,135,982,674,97.1699829101562,"1"
"species",136,136,945,553,90.1486434936523,"1"
"species",137,137,1086,586,125.806167602539,"1"
"species",138,138,883,605,83.513069152832,"4"
"species",139,139,1141,496,15.5990715026855,"2"
"species",140,140,1010,654,55.1219329833984,"1"
"species",141,141,968,704,44.0877685546875,"4"
"species",142,142,974,608,73.5590972900391,"4"
"species",143,143,1741,609,23.9018096923828,"4"
"species",144,144,1777,612,36.4315757751465,"2"
"species",145,145,1852,609,178.14533996582,"4"
"species",146,146,1766,609,36.4315719604492,"2"
"species",147,147,1787,643,47.2207527160645,"4"
"species",148,148,1337,481,16.1109504699707,"2"
"species",149,149,1197,434,7641.16357421875,"5"
"species",150,150,941,581,83.8386993408203,"4"
"species",151,151,1099,477,164.787124633789,"1"
"species",152,152,1057,475,88.0344390869141,"4"
"species",153,153,1038,565,92.1555023193359,"1"
"species",154,154,965,556,183.697875976562,"4"
"species",155,155,894,593,79.883056640625,"1"
"species",156,156,925,637,69.2006454467773,"4"
"species",157,157,1023,493,36.3793296813965,"2"
"species",158,158,977,692,97.1699829101562,"5"
"species",159,159,1110,507,12.2851085662842,"2"
"species",160,160,1342,486,16.1109504699707,"2"
"species",161,161,937,543,827.052429199219,"1"
"species",162,162,1097,489,196.37907409668,"5"
"species",163,163,1073,505,35.1086769104004,"2"
"species",164,164,1437,503,13.8752145767212,"2"
"species",165,165,1572,576,30.2770385742188,"4"
"species",166,166,1110,469,78.8164749145508,"2"
"species",167,167,826,916,76.5618057250977,"4"
"species",168,168,1034,626,123.739135742188,"1"
"species",169,169,1104,574,47.9212760925293,"1"
"species",170,170,919,550,160.944412231445,"1"
"species",171,171,990,763,39.7274856567383,"1"
"species",172,172,873,858,76.5618057250977,"1"
"species",173,173,1367,479,111.174736022949,"2"
"species",174,174,1076,473,54.6680526733398,"1"
"species",175,175,1086,538,62.1468391418457,"1"
"species",176,176,1106,474,88.0344390869141,"1"
"species",177,177,1274,497,39.9404716491699,"2"
"species",178,178,991,670,86.853271484375,"1"
"species",179,179,1115,546,48.7409248352051,"1"
"species",180,180,1351,478,16.1109504699707,"2"
"species",181,181,1128,499,66.4852676391602,"1"
"species",182,182,1081,486,54.6680488586426,"1"
"species",183,183,1198,464,80.5115737915039,"1"
"species",184,184,1063,596,129.609710693359,"1"
"species",185,185,1239,454,106.371536254883,"1"
"species",186,186,1509,558,54.8277740478516,"4"
"species",187,187,1741,602,26.4832038879395,"2"
"species",188,188,1752,606,33.2407569885254,"2"
"species",189,189,1791,613,36.4315719604492,"2"
"species",190,190,1733,603,23.423942565918,"2"
"species",191,191,1638,601,55.0335426330566,"2"
"species",192,192,1707,595,23.9018096923828,"2"
"species",193,193,1698,613,13.3724336624146,"2"
"species",194,194,1643,600,57.7711791992188,"4"
"species",195,195,1315,559,30.4445190429688,"2"
"species",196,196,1254,455,105.474098205566,"1"
"species",197,197,1171,456,106.823936462402,"4"
"species",198,198,1479,508,7.99457311630249,"2"
"species",199,199,1198,451,81.985107421875,"1"
"species",200,200,1014,564,67.787467956543,"4"
"species",201,201,1024,522,346.068939208984,"4"
"species",202,202,1085,571,48.7409248352051,"4"
"species",203,203,1329,462,33.7742347717285,"2"
"species",204,204,1362,442,10.410608291626,"2"
"species",205,205,1836,657,83.8414916992188,"2"
"species",206,206,920,609,153.234954833984,"1"
"species",207,207,1173,456,104.665092468262,"2"
"species",208,208,854,604,151.631805419922,"4"
"species",209,209,1494,502,7.99457263946533,"2"
"species",210,210,1010,499,112.895240783691,"5"
"species",211,211,1523,507,7.99457311630249,"2"
"species",212,212,1089,561,47.3731651306152,"1"
"species",213,213,964,546,234.305709838867,"1"
"species",214,214,1146,455,62.1432991027832,"1"
"species",215,215,1116,468,27.3929615020752,"2"
"species",216,216,1115,487,345.755889892578,"4"
"species",217,217,1014,500,35.1086807250977,"2"
"species",218,218,1369,456,21.8033542633057,"2"
"species",219,219,1520,559,47.8940200805664,"4"
"species",220,220,1628,600,93.2638244628906,"1"
"species",221,221,1226,469,28.0261344909668,"2"
"species",222,222,1213,447,7595.47021484375,"5"
"species",223,223,926,880,77.9810180664062,"1"
"species",224,224,1490,551,15.3538837432861,"2"
"species",225,225,1090,573,48.7409248352051,"1"
"species",226,226,1080,489,146.464599609375,"2"
"species",227,227,1318,550,27.9818267822266,"3"
"species",228,228,1061,492,146.464599609375,"3"
"species",229,229,925,981,59.1819381713867,"4"
"species",230,230,1804,641,47.2207527160645,"4"
"species",231,231,1509,509,7.99457311630249,"2"
"species",232,232,1105,472,115.217002868652,"1"
"species",233,233,1125,467,71.1256561279297,"2"
"species",234,234,1635,575,368.515075683594,"5"
"species",235,235,1064,499,22.6926345825195,"4"
"species",236,236,1483,495,7.99457311630249,"2"
"species",237,237,1608,617,31.6483783721924,"4"
"species",238,238,1046,516,84.9265213012695,"4"
"species",239,239,1371,442,19.5668869018555,"2"
"species",240,240,1040,508,155.835739135742,"4"
"species",241,241,1669,632,24.7830753326416,"2"
"species",242,242,1086,536,372.153686523438,"4"
"species",243,243,925,580,183.14533996582,"1"
"species",244,244,1079,489,102.557929992676,"1"
"species",245,245,1363,474,69.4097366333008,"4"
"species",246,246,1813,601,212.872131347656,"4"
"species",247,247,895,586,128.536056518555,"4"
"species",248,248,1097,490,173.278228759766,"1"
"species",249,249,1188,493,12.2851085662842,"3"
"species",250,250,1475,494,10.5749797821045,"3"
"species",251,251,1125,492,281.844116210938,"1"
"species",252,252,1102,498,173.043045043945,"4"
"species",253,253,952,521,93.1473617553711,"3"
"species",254,254,1063,595,242.657012939453,"4"
"species",255,255,992,532,86.1829147338867,"4"
"species",256,256,1080,600,187.962844848633,"1"
"species",257,257,1181,561,56.8976173400879,"1"
"species",258,258,995,561,83.513069152832,"4"
"species",259,259,920,607,78.6185455322266,"4"
"species",260,260,923,560,84.4146347045898,"1"
"species",261,261,1006,650,55.1219367980957,"1"
"species",262,262,1048,522,69.7099914550781,"4"
"species",263,263,854,601,153.254180908203,"5"
"species",264,264,891,606,141.598220825195,"1"
"species",265,265,1077,566,48.7409248352051,"4"
"species",266,266,1370,449,21.8033542633057,"2"
"species",267,267,1617,585,368.515045166016,"2"
"species",268,268,1603,587,348.498840332031,"2"
"species",269,269,1539,640,36.5193023681641,"2"
"species",270,270,1642,565,56.4491729736328,"4"
"species",271,271,1806,616,160.790618896484,"4"
"species",272,272,1829,595,75.6105728149414,"4"
"species",273,273,1806,654,54.9219818115234,"4"
"species",274,274,1820,629,123.158958435059,"4"
"species",275,275,1811,632,123.158950805664,"4"
"species",276,276,1712,636,24.975564956665,"4"
"species",277,277,1869,596,77.4266891479492,"4"
"species",278,278,1826,613,272.296600341797,"4"
"species",279,279,1825,602,187.033157348633,"4"
"species",280,280,1807,644,79.4317092895508,"2"
"species",281,281,1261,480,28.0261325836182,"2"
"species",282,282,1532,560,45.8973770141602,"2"
"species",283,283,1081,622,1006.64916992188,"4"
