"species","x","y","bio4","bio16","gpw2000_30_sec","swa_2000lulc_2km"
"species",1,1,1204,451,2382.44482421875,"13"
"species",2,2,924,610,155.333251953125,"1"
"species",3,3,1176,490,12.2851085662842,"2"
"species",4,4,959,546,266.476287841797,"1"
"species",5,5,1087,551,120.52010345459,"1"
"species",6,6,942,940,77.9810180664062,"1"
"species",7,7,984,547,266.476287841797,"13"
"species",8,8,1030,586,88.2002716064453,"21"
"species",9,9,1061,492,146.464599609375,"9"
"species",10,10,1213,447,7595.47021484375,"13"
"species",11,11,1078,544,4871.93212890625,"13"
"species",12,12,1509,509,7.99457311630249,"2"
"species",13,13,1546,562,30.5128440856934,"2"
"species",14,14,1043,528,192.811157226562,"2"
"species",15,15,1191,447,5515.67724609375,"13"
"species",16,16,1356,474,69.3124694824219,"8"
"species",17,17,919,598,102.726890563965,"8"
"species",18,18,1371,442,19.5668869018555,"2"
"species",19,19,1006,619,73.5313034057617,"1"
"species",20,20,1059,473,62.3651161193848,"13"
"species",21,21,1383,476,64.6427383422852,"8"
"species",22,22,1365,445,14.2677574157715,"2"
"species",23,23,1178,440,2465.0966796875,"13"
"species",24,24,1171,442,62.1432991027832,"8"
"species",25,25,1365,475,64.6427383422852,"2"
"species",26,26,935,555,101.111183166504,"21"
"species",27,27,919,550,160.944412231445,"21"
"species",28,28,935,571,84.4146347045898,"21"
"species",29,29,975,550,195.669509887695,"21"
"species",30,30,1203,468,159.563064575195,"8"
"species",31,31,1556,564,22.4365329742432,"2"
"species",32,32,1216,467,61.9662437438965,"8"
"species",33,33,892,602,83.5130767822266,"1"
"species",34,34,1386,464,21.8033542633057,"2"
"species",35,35,1421,504,16.0943336486816,"2"
"species",36,36,1107,474,70.8868255615234,"2"
"species",37,37,923,560,84.4146347045898,"21"
"species",38,38,1799,614,36.4315757751465,"2"
"species",39,39,1762,602,23.9018096923828,"2"
"species",40,40,1522,544,15.3538827896118,"2"
"species",41,41,1520,562,54.9546585083008,"8"
"species",42,42,1558,564,19.6327610015869,"8"
"species",43,43,1106,476,159.741821289062,"2"
"species",44,44,1557,524,8.32851314544678,"2"
"species",45,45,1289,476,164.26042175293,"8"
"species",46,46,1607,599,31.648380279541,"2"
"species",47,47,1556,622,31.6483783721924,"2"
"species",48,48,1200,451,81.985107421875,"21"
"species",49,49,1198,497,12.2851085662842,"2"
"species",50,50,1594,581,30.2770385742188,"2"
"species",51,51,1796,633,47.2207565307617,"8"
"species",52,52,1798,638,47.2207565307617,"2"
"species",53,53,938,558,434.030548095703,"21"
"species",54,54,960,604,159.050857543945,"8"
"species",55,55,1076,480,38.774600982666,"2"
"species",56,56,1106,505,17.3878040313721,"2"
"species",57,57,1136,506,56.9827575683594,"9"
"species",58,58,893,605,111.445602416992,"21"
"species",59,59,1038,523,332.797729492188,"8"
"species",60,60,1048,495,146.563049316406,"9"
"species",61,61,893,604,72.4451370239258,"21"
"species",62,62,1144,503,285.836822509766,"13"
"species",63,63,904,599,107.036804199219,"8"
"species",64,64,1020,551,89.7815017700195,"13"
"species",65,65,1042,653,238.961776733398,"8"
"species",66,66,1077,509,142.360275268555,"21"
"species",67,67,1543,617,31.6483783721924,"2"
"species",68,68,1625,596,31.6483783721924,"15"
"species",69,69,1539,517,7.99457311630249,"15"
"species",70,70,1537,604,26.6780796051025,"2"
"species",71,71,1809,641,47.2207527160645,"8"
"species",72,72,1477,503,11.0603828430176,"8"
"species",73,73,964,599,155.333251953125,"1"
"species",74,74,1041,506,181.875259399414,"8"
"species",75,75,1100,488,337.363342285156,"21"
"species",76,76,1009,499,134.917068481445,"8"
"species",77,77,1164,596,268.058135986328,"8"
"species",78,78,870,615,95.7044677734375,"8"
"species",79,79,995,555,226.575698852539,"8"
"species",80,80,1556,589,13.5638847351074,"2"
"species",81,81,1245,456,69.6078414916992,"8"
"species",82,82,1197,518,12.2851095199585,"2"
"species",83,83,1471,505,15.351731300354,"2"
"species",84,84,1538,514,7.99457311630249,"2"
"species",85,85,1587,626,30.1923217773438,"8"
"species",86,86,1748,607,16.5530033111572,"2"
"species",87,87,1222,464,146.987838745117,"8"
"species",88,88,1552,621,31.4635143280029,"8"
"species",89,89,1126,472,70.8868255615234,"2"
"species",90,90,1545,519,8.32851409912109,"2"
"species",91,91,1530,622,31.648380279541,"2"
"species",92,92,1525,512,8.32851409912109,"2"
"species",93,93,1108,478,30.9381942749023,"2"
"species",94,94,1054,627,261.49072265625,"8"
"species",95,95,1091,601,47.1806297302246,"8"
"species",96,96,929,586,83.513069152832,"8"
"species",97,97,964,551,103.642074584961,"21"
"species",98,98,1167,474,677.532653808594,"9"
"species",99,99,1108,494,46.1702079772949,"2"
"species",100,100,936,623,146.653945922852,"8"
"species",101,101,934,547,100.689987182617,"21"
"species",102,102,1023,504,38.1871681213379,"21"
"species",103,103,1592,584,34.1089019775391,"2"
"species",104,104,1044,512,310.038909912109,"21"
"species",105,105,972,591,195.55827331543,"8"
"species",106,106,1231,452,79.292854309082,"21"
"species",107,107,1174,515,12.2851085662842,"2"
"species",108,108,1369,455,21.8033542633057,"15"
"species",109,109,1572,576,30.2770385742188,"8"
"species",110,110,1437,503,13.8752145767212,"2"
"species",111,111,1544,594,13.5638847351074,"2"
"species",112,112,997,693,54.3131523132324,"8"
"species",113,113,1023,493,36.3793296813965,"2"
"species",114,114,1097,466,88.0344390869141,"21"
"species",115,115,889,599,83.513069152832,"21"
"species",116,116,1011,514,168.966522216797,"8"
"species",117,117,1133,470,80.9754791259766,"2"
"species",118,118,1044,592,129.228149414062,"8"
"species",119,119,1110,469,78.8164749145508,"2"
"species",120,120,916,585,92.9564437866211,"8"
"species",121,121,1756,607,23.9018096923828,"2"
"species",122,122,1779,634,47.2207565307617,"8"
"species",123,123,1863,661,28.7210865020752,"2"
"species",124,124,1405,493,15.6472902297974,"2"
"species",125,125,1299,548,39.3066482543945,"9"
"species",126,126,1782,641,47.2207565307617,"8"
"species",127,127,1330,485,27.281063079834,"99"
"species",128,128,1798,612,79.7007675170898,"2"
"species",129,129,1573,570,30.2770366668701,"8"
"species",130,130,919,568,84.4146347045898,"21"
"species",131,131,985,499,130.632080078125,"21"
"species",132,132,1120,459,88.0344390869141,"8"
"species",133,133,1257,537,55.0739784240723,"8"
"species",134,134,1612,584,32.9270286560059,"2"
"species",135,135,924,595,78.9452438354492,"1"
"species",136,136,908,578,89.4900436401367,"8"
"species",137,137,899,585,281.397827148438,"21"
"species",138,138,1777,643,47.2207527160645,"8"
"species",139,139,986,587,84.7478408813477,"8"
"species",140,140,1362,455,21.8033542633057,"8"
"species",141,141,1142,447,81.9949264526367,"8"
"species",142,142,965,556,183.697875976562,"8"
"species",143,143,894,593,79.883056640625,"21"
"species",144,144,933,632,69.2006454467773,"1"
"species",145,145,1766,609,36.4315719604492,"2"
"species",146,146,1338,463,39.9404716491699,"15"
"species",147,147,1831,657,28.7210865020752,"2"
"species",148,148,974,608,73.5590972900391,"8"
"species",149,149,1089,471,86.4860916137695,"21"
"species",150,150,892,592,84.3945083618164,"21"
"species",151,151,1073,509,35.1086807250977,"2"
"species",152,152,966,700,69.2006454467773,"1"
"species",153,153,937,543,827.052429199219,"21"
"species",154,154,1337,481,16.1109504699707,"2"
"species",155,155,900,580,84.4146347045898,"21"
"species",156,156,873,858,76.5618057250977,"1"
"species",157,157,1089,561,47.3731651306152,"1"
"species",158,158,990,763,39.7274856567383,"21"
"species",159,159,1076,473,54.6680526733398,"1"
"species",160,160,1086,538,62.1468391418457,"1"
"species",161,161,1106,474,88.0344390869141,"1"
"species",162,162,1274,497,39.9404716491699,"2"
"species",163,163,991,670,86.853271484375,"1"
"species",164,164,1115,546,48.7409248352051,"1"
"species",165,165,1351,478,16.1109504699707,"2"
"species",166,166,1128,499,66.4852676391602,"1"
"species",167,167,1081,486,54.6680488586426,"1"
"species",168,168,1198,464,80.5115737915039,"21"
"species",169,169,1063,596,129.609710693359,"1"
"species",170,170,1239,454,106.371536254883,"21"
"species",171,171,929,606,155.193725585938,"8"
"species",172,172,1388,454,21.803352355957,"8"
"species",173,173,938,561,97.0738906860352,"21"
"species",174,174,1362,442,10.410608291626,"2"
"species",175,175,771,1043,76.5618057250977,"31"
"species",176,176,1261,480,28.0261325836182,"2"
"species",177,177,1066,491,331.923492431641,"8"
"species",178,178,1382,439,21.6681728363037,"2"
"species",179,179,920,609,153.234954833984,"1"
"species",180,180,1049,509,155.835739135742,"9"
"species",181,181,1097,490,173.278228759766,"21"
"species",182,182,905,612,111.781425476074,"21"
"species",183,183,1010,499,112.895240783691,"13"
"species",184,184,1683,586,47.5090103149414,"25"
"species",185,185,906,712,69.1455078125,"8"
"species",186,186,897,598,135.272064208984,"8"
"species",187,187,933,630,153.254180908203,"1"
"species",188,188,1125,492,281.844116210938,"21"
"species",189,189,1064,490,129.688812255859,"1"
"species",190,190,1115,487,345.755889892578,"8"
"species",191,191,1135,468,263.444976806641,"3"
"species",192,192,1490,551,15.3538837432861,"2"
"species",193,193,1318,550,27.9818267822266,"9"
"species",194,194,1188,493,12.2851085662842,"9"
"species",195,195,1640,623,17.8472785949707,"2"
"species",196,196,1217,519,55.073974609375,"9"
"species",197,197,1064,499,22.6926345825195,"8"
"species",198,198,1125,467,71.1256561279297,"2"
"species",199,199,1146,455,62.1432991027832,"1"
"species",200,200,1475,506,8.32851314544678,"2"
"species",201,201,1119,479,27.3929615020752,"2"
"species",202,202,1779,626,11.5878553390503,"15"
"species",203,203,1605,629,29.4081115722656,"8"
"species",204,204,1054,491,109.22191619873,"1"
"species",205,205,1146,500,192.811157226562,"13"
"species",206,206,1804,641,47.2207527160645,"8"
"species",207,207,1343,459,21.8033542633057,"8"
"species",208,208,1477,513,15.3538837432861,"2"
"species",209,209,1170,440,62.1432952880859,"2"
"species",210,210,1529,524,11.3748712539673,"2"
"species",211,211,1631,558,9.53620433807373,"2"
"species",212,212,1647,607,73.7905044555664,"2"
"species",213,213,1627,608,31.6483783721924,"2"
"species",214,214,1369,456,21.8033542633057,"2"
"species",215,215,1117,478,143.299713134766,"21"
"species",216,216,1251,443,8061.51025390625,"13"
"species",217,217,1268,524,12.2851085662842,"9"
"species",218,218,1210,438,8061.51025390625,"13"
"species",219,219,1012,566,195.669525146484,"21"
"species",220,220,1169,447,665.575256347656,"2"
"species",221,221,1173,456,1114.92114257812,"2"
"species",222,222,1081,622,1006.64916992188,"8"
"species",223,223,1080,496,368.308044433594,"21"
"species",224,224,952,521,93.1473617553711,"9"
"species",225,225,895,610,146.653961181641,"1"
"species",226,226,1083,576,183.593200683594,"1"
"species",227,227,992,532,86.1829147338867,"8"
"species",228,228,1051,502,170.378372192383,"21"
"species",229,229,957,615,188.625381469727,"1"
"species",230,230,1080,600,187.962844848633,"21"
"species",231,231,1181,561,56.8976173400879,"21"
"species",232,232,995,561,83.513069152832,"8"
"species",233,233,920,607,78.6185455322266,"8"
"species",234,234,1006,650,55.1219367980957,"21"
"species",235,235,1053,518,101.275184631348,"8"
"species",236,236,854,601,153.254180908203,"13"
"species",237,237,891,606,141.598220825195,"1"
"species",238,238,1077,566,48.7409248352051,"8"
"species",239,239,1283,543,56.3692817687988,"9"
"species",240,240,1608,617,31.6483783721924,"8"
"species",241,241,1339,454,90.6621017456055,"8"
"species",242,242,1818,626,123.158958435059,"2"
"species",243,243,1603,587,348.498840332031,"2"
"species",244,244,1204,441,7615.6962890625,"13"
"species",245,245,1532,560,45.8973770141602,"2"
