"species","x","y","bio4","bio16","gpw2000_30_sec","simplelc2000"
"species",1,1,1191,447,5515.67724609375,"5"
"species",2,2,1061,492,146.464599609375,"3"
"species",3,3,990,530,283.663452148438,"4"
"species",4,4,1176,490,12.2851085662842,"2"
"species",5,5,1509,509,7.99457311630249,"2"
"species",6,6,1204,451,2382.44482421875,"5"
"species",7,7,1329,463,21.8033542633057,"4"
"species",8,8,883,586,82.5017166137695,"1"
"species",9,9,1204,441,7615.6962890625,"5"
"species",10,10,1290,491,47.1303863525391,"2"
"species",11,11,973,819,176.495574951172,"1"
"species",12,12,1016,497,333.760406494141,"1"
"species",13,13,1045,544,96.8656921386719,"1"
"species",14,14,1222,460,101.222198486328,"1"
"species",15,15,1383,476,64.6427383422852,"4"
"species",16,16,905,612,111.781425476074,"1"
"species",17,17,1059,508,127.341445922852,"4"
"species",18,18,1143,574,261.376983642578,"4"
"species",19,19,1013,552,531.619750976562,"5"
"species",20,20,943,602,120.175727844238,"4"
"species",21,21,966,542,159.209167480469,"4"
"species",22,22,1078,544,4871.93212890625,"5"
"species",23,23,926,603,155.333251953125,"1"
"species",24,24,1061,473,62.365119934082,"2"
"species",25,25,950,708,69.2006454467773,"1"
"species",26,26,1000,594,264.156219482422,"1"
"species",27,27,1100,587,188.625381469727,"4"
"species",28,28,919,598,102.726890563965,"4"
"species",29,29,1072,621,1064.81335449219,"4"
"species",30,30,771,1043,76.5618057250977,"2"
"species",31,31,942,940,77.9810180664062,"1"
"species",32,32,929,606,155.193725585938,"4"
"species",33,33,1032,534,95.0354919433594,"4"
"species",34,34,960,590,155.333251953125,"1"
"species",35,35,1070,545,4781.9638671875,"5"
"species",36,36,892,592,84.3945083618164,"1"
"species",37,37,1060,476,64.4457702636719,"2"
"species",38,38,920,609,153.234954833984,"1"
"species",39,39,1115,487,345.755889892578,"4"
"species",40,40,1241,470,164.26042175293,"2"
"species",41,41,1099,464,79.6243286132812,"1"
"species",42,42,1125,492,281.844116210938,"1"
"species",43,43,962,716,50.7844047546387,"1"
"species",44,44,1027,669,200.216644287109,"4"
"species",45,45,952,565,127.936836242676,"1"
"species",46,46,1103,496,174.172302246094,"4"
"species",47,47,1091,527,122.927871704102,"1"
"species",48,48,1028,546,224.358245849609,"1"
"species",49,49,954,572,83.513069152832,"1"
"species",50,50,1026,495,134.922729492188,"4"
"species",51,51,931,612,83.6362762451172,"1"
"species",52,52,1605,633,31.648380279541,"4"
"species",53,53,1528,525,7.99457263946533,"2"
"species",54,54,1583,573,45.3161163330078,"4"
"species",55,55,1183,449,1043.12109375,"5"
"species",56,56,881,592,141.79670715332,"1"
"species",57,57,1163,489,647.445556640625,"1"
"species",58,58,930,579,192.635498046875,"4"
"species",59,59,997,577,222.451919555664,"4"
"species",60,60,1010,499,112.895240783691,"5"
"species",61,61,1517,514,7.99457311630249,"2"
"species",62,62,924,610,155.333251953125,"1"
"species",63,63,1034,632,122.235809326172,"4"
"species",64,64,1051,507,152.490707397461,"1"
"species",65,65,1806,616,160.790618896484,"4"
"species",66,66,1367,479,111.174736022949,"2"
"species",67,67,1083,576,183.593200683594,"1"
"species",68,68,1005,563,178.737686157227,"4"
"species",69,69,885,577,155.333251953125,"4"
"species",70,70,1194,455,96.5851974487305,"4"
"species",71,71,1244,488,40.3434257507324,"2"
"species",72,72,959,546,266.476287841797,"1"
"species",73,73,1329,464,21.8033542633057,"4"
"species",74,74,1261,485,149.038482666016,"2"
"species",75,75,1337,469,64.6427383422852,"4"
"species",76,76,1340,484,164.26042175293,"2"
"species",77,77,1013,484,130.632064819336,"2"
"species",78,78,1081,532,122.911354064941,"1"
"species",79,79,1365,445,14.2677574157715,"2"
"species",80,80,1615,583,30.2770385742188,"2"
"species",81,81,1040,508,155.835739135742,"4"
"species",82,82,980,676,97.1699905395508,"3"
"species",83,83,1333,626,29.3296756744385,"1"
"species",84,84,1002,720,42.0091133117676,"4"
"species",85,85,989,496,469.486389160156,"4"
"species",86,86,1222,478,31.4841175079346,"2"
"species",87,87,849,601,103.036224365234,"4"
"species",88,88,1213,447,7595.47021484375,"5"
"species",89,89,1732,608,23.9018096923828,"2"
"species",90,90,1239,456,93.0460815429688,"4"
"species",91,91,984,547,266.476287841797,"5"
"species",92,92,1251,443,8061.51025390625,"5"
"species",93,93,895,610,146.653961181641,"1"
"species",94,94,1078,542,4871.93212890625,"5"
"species",95,95,1256,463,64.6427307128906,"2"
"species",96,96,969,936,77.794807434082,"1"
"species",97,97,1382,439,21.6681728363037,"2"
"species",98,98,1064,469,201.625183105469,"4"
"species",99,99,919,550,160.944412231445,"1"
"species",100,100,1065,574,192.811157226562,"1"
"species",101,101,1523,507,7.99457311630249,"2"
"species",102,102,1521,510,7.99457311630249,"3"
"species",103,103,1478,502,8.32851409912109,"2"
"species",104,104,1165,441,62.1432952880859,"2"
"species",105,105,1178,440,2465.0966796875,"5"
"species",106,106,1051,502,170.378372192383,"1"
"species",107,107,955,556,264.542755126953,"4"
"species",108,108,1035,657,248.812072753906,"4"
"species",109,109,1333,472,62.169319152832,"4"
"species",110,110,1056,521,109.755096435547,"4"
"species",111,111,1804,641,47.2207527160645,"4"
"species",112,112,1342,464,41.5667114257812,"2"
"species",113,113,969,610,155.333251953125,"1"
"species",114,114,936,559,178.660491943359,"4"
"species",115,115,1094,486,137.720108032227,"2"
"species",116,116,912,613,146.653961181641,"1"
"species",117,117,1206,502,12.2851085662842,"2"
"species",118,118,1371,442,19.5668869018555,"2"
"species",119,119,854,601,153.254180908203,"5"
"species",120,120,1363,434,18.2194976806641,"2"
"species",121,121,1334,473,64.6427307128906,"4"
"species",122,122,1334,459,21.8033542633057,"2"
"species",123,123,1284,453,92.8125686645508,"2"
"species",124,124,1369,461,21.8033542633057,"2"
"species",125,125,789,1026,76.6122817993164,"4"
"species",126,126,964,546,234.305709838867,"1"
"species",127,127,1625,576,368.515075683594,"5"
"species",128,128,1102,498,173.043045043945,"4"
"species",129,129,949,723,69.1341400146484,"1"
"species",130,130,1252,479,164.26042175293,"4"
"species",131,131,1483,495,7.99457311630249,"2"
"species",132,132,1326,489,39.9404716491699,"2"
"species",133,133,942,562,99.3551406860352,"1"
"species",134,134,1343,459,21.8033542633057,"4"
"species",135,135,1065,578,96.8656921386719,"1"
"species",136,136,928,577,188.271255493164,"4"
"species",137,137,925,580,183.14533996582,"1"
"species",138,138,1146,455,62.1432991027832,"1"
"species",139,139,1313,473,70.8796997070312,"2"
"species",140,140,1171,442,62.1432991027832,"4"
"species",141,141,1171,436,67.8592758178711,"4"
"species",142,142,1089,579,48.7409248352051,"1"
"species",143,143,1500,513,7.99457311630249,"2"
"species",144,144,1143,464,1007.06805419922,"4"
"species",145,145,1365,475,64.6427383422852,"2"
"species",146,146,937,595,167.163467407227,"1"
"species",147,147,1068,494,173.278228759766,"4"
"species",148,148,978,683,60.2725105285645,"1"
"species",149,149,1069,541,3867.49389648438,"4"
"species",150,150,987,574,120.405693054199,"1"
"species",151,151,1332,489,71.7386245727539,"1"
"species",152,152,1040,573,124.207229614258,"1"
"species",153,153,1043,528,192.811157226562,"2"
"species",154,154,1109,464,88.0344390869141,"1"
"species",155,155,1485,494,7.99457311630249,"4"
"species",156,156,1201,494,12.2851085662842,"2"
"species",157,157,841,891,59.1819381713867,"4"
"species",158,158,1098,493,62.1266174316406,"1"
"species",159,159,1483,524,15.2950458526611,"2"
"species",160,160,1273,454,21.803352355957,"2"
"species",161,161,1018,549,1828.87744140625,"4"
"species",162,162,1020,547,355.078277587891,"4"
"species",163,163,1048,674,38.5946502685547,"1"
"species",164,164,1013,635,44.0877685546875,"5"
"species",165,165,1361,477,125.834373474121,"2"
"species",166,166,1092,604,129.609710693359,"4"
"species",167,167,988,540,133.009780883789,"1"
"species",168,168,1303,499,48.3470115661621,"2"
"species",169,169,992,672,97.1699905395508,"4"
"species",170,170,1171,458,142.400497436523,"1"
"species",171,171,929,580,104.814964294434,"1"
"species",172,172,1052,528,618.718444824219,"4"
"species",173,173,931,608,110.779029846191,"1"
"species",174,174,1508,508,7.99457311630249,"2"
"species",175,175,1197,492,12.2851085662842,"4"
"species",176,176,1073,535,62.2483329772949,"1"
"species",177,177,1120,459,88.0344390869141,"4"
"species",178,178,961,606,158.039993286133,"4"
"species",179,179,1038,523,332.797729492188,"4"
"species",180,180,1203,468,159.563064575195,"4"
"species",181,181,1538,514,7.99457311630249,"2"
"species",182,182,975,550,195.669509887695,"1"
"species",183,183,1087,607,47.1806335449219,"1"
"species",184,184,1070,499,288.309143066406,"2"
"species",185,185,1550,562,25.4731121063232,"2"
"species",186,186,1174,466,57.9572639465332,"1"
"species",187,187,1432,502,16.1109504699707,"2"
"species",188,188,1491,503,7.99457311630249,"2"
"species",189,189,1553,570,30.2770385742188,"4"
"species",190,190,1749,610,36.4315719604492,"2"
"species",191,191,924,578,201.977874755859,"5"
"species",192,192,1027,550,79.0863571166992,"4"
"species",193,193,898,587,83.9077835083008,"1"
"species",194,194,1571,525,8.01487636566162,"2"
"species",195,195,860,886,76.5618057250977,"1"
"species",196,196,1289,476,164.26042175293,"4"
"species",197,197,1284,477,164.049240112305,"2"
"species",198,198,1001,532,271.643859863281,"4"
"species",199,199,1339,469,40.3470268249512,"4"
"species",200,200,1237,459,64.6427307128906,"4"
"species",201,201,1245,456,69.6078414916992,"4"
"species",202,202,1340,455,19.4944667816162,"2"
"species",203,203,1063,476,62.365119934082,"4"
"species",204,204,1354,487,21.7184925079346,"2"
"species",205,205,1257,476,164.26042175293,"2"
"species",206,206,1158,462,73.7972106933594,"1"
"species",207,207,1263,455,48.3201103210449,"4"
"species",208,208,1209,471,127.015380859375,"4"
"species",209,209,1326,486,39.9404716491699,"2"
"species",210,210,1329,452,20.9288349151611,"2"
"species",211,211,1362,455,21.8033542633057,"4"
"species",212,212,1222,464,146.987838745117,"4"
"species",213,213,1096,470,64.9709014892578,"2"
"species",214,214,1135,452,83.8956146240234,"1"
"species",215,215,1143,454,82.9152374267578,"4"
"species",216,216,1142,460,89.3080291748047,"1"
"species",217,217,1110,471,67.9299163818359,"2"
"species",218,218,892,602,83.5130767822266,"1"
"species",219,219,1181,451,83.812126159668,"1"
"species",220,220,1386,464,21.8033542633057,"2"
"species",221,221,836,897,64.5519256591797,"1"
"species",222,222,1111,469,106.265213012695,"1"
"species",223,223,974,608,73.5590972900391,"4"
"species",224,224,893,604,72.4451370239258,"1"
"species",225,225,1139,469,66.9710540771484,"1"
"species",226,226,1077,509,142.360275268555,"1"
"species",227,227,1170,453,83.1051940917969,"1"
"species",228,228,1077,487,228.800033569336,"2"
"species",229,229,1421,504,16.0943336486816,"2"
"species",230,230,1107,474,70.8868255615234,"2"
"species",231,231,935,562,84.4146347045898,"1"
"species",232,232,907,648,83.6362838745117,"1"
"species",233,233,1114,509,64.1746139526367,"1"
"species",234,234,1799,614,36.4315757751465,"2"
"species",235,235,929,586,83.513069152832,"4"
"species",236,236,1108,494,46.1702079772949,"2"
"species",237,237,1314,554,51.1525650024414,"3"
"species",238,238,1762,602,23.9018096923828,"2"
"species",239,239,1522,544,15.3538827896118,"2"
"species",240,240,1520,562,54.9546585083008,"4"
"species",241,241,1558,564,19.6327610015869,"4"
"species",242,242,1106,476,159.741821289062,"2"
"species",243,243,1557,524,8.32851314544678,"2"
"species",244,244,1607,599,31.648380279541,"2"
"species",245,245,1556,622,31.6483783721924,"2"
"species",246,246,1200,451,81.985107421875,"1"
"species",247,247,1198,497,12.2851085662842,"2"
"species",248,248,1594,581,30.2770385742188,"2"
"species",249,249,1796,633,47.2207565307617,"4"
"species",250,250,1066,498,173.278213500977,"4"
"species",251,251,1798,638,47.2207565307617,"2"
"species",252,252,891,835,76.5618057250977,"1"
"species",253,253,1042,653,238.961776733398,"4"
"species",254,254,1022,501,38.7746047973633,"1"
"species",255,255,935,571,84.4146347045898,"1"
"species",256,256,919,568,84.4146347045898,"1"
"species",257,257,1315,555,29.3296756744385,"2"
"species",258,258,1510,615,29.2848625183105,"4"
"species",259,259,1552,621,31.4635143280029,"4"
"species",260,260,1076,480,38.774600982666,"2"
"species",261,261,928,757,66.4790725708008,"1"
"species",262,262,1544,594,13.5638847351074,"2"
"species",263,263,1611,574,23.6769351959229,"2"
"species",264,264,1106,505,17.3878040313721,"2"
"species",265,265,929,554,845.626220703125,"1"
"species",266,266,1050,629,238.961776733398,"4"
"species",267,267,922,711,59.1819381713867,"3"
"species",268,268,933,708,69.2006530761719,"4"
"species",269,269,884,834,76.5618057250977,"1"
"species",270,270,960,698,66.825927734375,"4"
"species",271,271,938,558,434.030548095703,"1"
"species",272,272,832,1028,77.9810256958008,"1"
"species",273,273,933,632,69.2006454467773,"1"
"species",274,274,1070,495,143.900543212891,"2"
"species",275,275,1067,498,155.835739135742,"3"
"species",276,276,1074,497,155.835739135742,"3"
"species",277,277,1048,495,146.563049316406,"3"
"species",278,278,1098,496,173.115921020508,"1"
"species",279,279,1017,532,509.632080078125,"1"
"species",280,280,894,593,79.883056640625,"1"
"species",281,281,859,593,84.1681900024414,"1"
"species",282,282,893,620,72.784309387207,"4"
"species",283,283,894,630,75.0208587646484,"4"
"species",284,284,899,607,72.4451370239258,"1"
"species",285,285,901,660,83.6288299560547,"1"
"species",286,286,872,663,79.6872024536133,"1"
"species",287,287,1019,494,38.774600982666,"4"
"species",288,288,1023,504,38.1871681213379,"1"
"species",289,289,885,607,83.6338500976562,"4"
"species",290,290,893,605,111.445602416992,"1"
"species",291,291,995,555,226.575698852539,"4"
"species",292,292,1004,519,884.409729003906,"4"
"species",293,293,1016,568,124.19694519043,"1"
"species",294,294,1027,562,101.09935760498,"1"
"species",295,295,1097,497,146.587432861328,"2"
"species",296,296,960,546,738.201599121094,"1"
"species",297,297,938,581,72.4451446533203,"4"
"species",298,298,1141,496,15.5990715026855,"2"
"species",299,299,1537,604,26.6780796051025,"2"
"species",300,300,1543,617,31.6483783721924,"2"
"species",301,301,1625,596,31.6483783721924,"1"
"species",302,302,1553,539,8.32851409912109,"4"
"species",303,303,1622,617,22.7928562164307,"4"
"species",304,304,1550,604,17.1533126831055,"2"
"species",305,305,1525,512,8.32851409912109,"2"
"species",306,306,1551,517,7.99457311630249,"2"
"species",307,307,1539,515,7.99457311630249,"2"
"species",308,308,1505,505,7.99457311630249,"2"
"species",309,309,1536,517,7.99457311630249,"4"
"species",310,310,1479,508,7.99457311630249,"2"
"species",311,311,1782,623,24.3189544677734,"2"
"species",312,312,1791,635,47.2207565307617,"2"
"species",313,313,1042,498,23.6892395019531,"1"
"species",314,314,1058,497,22.6926345825195,"4"
"species",315,315,1804,641,47.2207565307617,"2"
"species",316,316,1840,613,138.096252441406,"4"
"species",317,317,1800,645,47.2207527160645,"2"
"species",318,318,1786,647,47.2207527160645,"4"
"species",319,319,1799,614,104.430213928223,"2"
"species",320,320,1798,612,79.7007675170898,"2"
"species",321,321,1778,612,33.1794281005859,"2"
"species",322,322,1785,637,47.2207565307617,"4"
"species",323,323,1783,641,47.2207527160645,"4"
"species",324,324,1767,628,46.855354309082,"4"
"species",325,325,1477,503,11.0603828430176,"4"
"species",326,326,1482,502,8.0025110244751,"2"
"species",327,327,1864,616,123.598777770996,"4"
"species",328,328,1714,600,23.9018096923828,"2"
"species",329,329,1582,574,19.6327610015869,"4"
"species",330,330,1471,505,15.351731300354,"2"
"species",331,331,1107,481,253.322647094727,"1"
"species",332,332,883,605,83.513069152832,"4"
"species",333,333,979,620,73.5593795776367,"1"
"species",334,334,930,728,69.2006530761719,"1"
"species",335,335,900,580,84.4146347045898,"1"
"species",336,336,1051,482,99.9957809448242,"1"
"species",337,337,943,721,69.1540679931641,"1"
"species",338,338,934,755,59.1819343566895,"1"
"species",339,339,809,938,76.5618057250977,"1"
"species",340,340,960,604,159.050857543945,"4"
"species",341,341,1027,649,223.690246582031,"4"
"species",342,342,1045,484,70.8800277709961,"4"
"species",343,343,966,547,158.686813354492,"4"
"species",344,344,937,543,827.052429199219,"1"
"species",345,345,991,749,44.0877685546875,"4"
"species",346,346,1836,605,187.033157348633,"2"
"species",347,347,964,599,155.333251953125,"1"
"species",348,348,1041,506,181.875259399414,"4"
"species",349,349,1740,610,11.5878553390503,"2"
"species",350,350,1369,455,21.8033542633057,"1"
"species",351,351,1126,507,103.315734863281,"3"
"species",352,352,952,555,159.741821289062,"4"
"species",353,353,1478,503,8.22598171234131,"2"
"species",354,354,1528,561,54.9546585083008,"5"
"species",355,355,1641,601,31.6483783721924,"4"
"species",356,356,1013,635,238.961761474609,"4"
"species",357,357,1530,510,8.32851314544678,"2"
"species",358,358,1014,494,38.774600982666,"1"
"species",359,359,1091,601,47.1806297302246,"4"
"species",360,360,1231,452,79.292854309082,"1"
"species",361,361,1367,461,21.8033542633057,"2"
"species",362,362,1102,502,122.553199768066,"5"
"species",363,363,993,604,193.726867675781,"4"
"species",364,364,1164,596,268.058135986328,"4"
"species",365,365,1167,474,677.532653808594,"3"
"species",366,366,960,557,195.198379516602,"4"
"species",367,367,1083,500,150.107208251953,"1"
"species",368,368,1030,569,98.2231369018555,"4"
"species",369,369,938,565,198.090774536133,"1"
"species",370,370,1107,475,158.619705200195,"2"
"species",371,371,1097,482,163.580795288086,"4"
"species",372,372,1197,518,12.2851095199585,"2"
"species",373,373,1382,489,16.1109504699707,"2"
"species",374,374,922,569,84.4146347045898,"1"
"species",375,375,1058,473,62.365119934082,"2"
"species",376,376,1330,485,27.281063079834,"6"
"species",377,377,1108,482,27.3929615020752,"2"
"species",378,378,1079,491,146.625595092773,"4"
"species",379,379,1126,472,70.8868255615234,"2"
"species",380,380,1587,626,30.1923217773438,"4"
"species",381,381,1748,607,16.5530033111572,"2"
"species",382,382,1545,519,8.32851409912109,"2"
"species",383,383,1530,622,31.648380279541,"2"
"species",384,384,1575,572,30.2770385742188,"2"
"species",385,385,1074,569,124.207229614258,"4"
"species",386,386,1176,472,684.615844726562,"4"
"species",387,387,997,544,208.110961914062,"1"
"species",388,388,870,615,95.7044677734375,"4"
"species",389,389,980,688,55.1219367980957,"1"
"species",390,390,916,585,92.9564437866211,"4"
"species",391,391,1490,506,7.99457311630249,"2"
"species",392,392,1150,485,410.988037109375,"4"
"species",393,393,1556,589,13.5638847351074,"2"
"species",394,394,1630,625,31.6483783721924,"3"
"species",395,395,1099,466,59.4226303100586,"1"
"species",396,396,863,635,83.6362762451172,"1"
"species",397,397,1545,561,24.6760349273682,"2"
"species",398,398,1731,610,11.5878553390503,"2"
"species",399,399,892,568,83.7335510253906,"1"
"species",400,400,877,621,95.6770935058594,"4"
"species",401,401,1197,434,7641.16357421875,"5"
"species",402,402,1572,576,30.2770385742188,"4"
"species",403,403,1030,566,88.3620681762695,"5"
"species",404,404,972,591,195.55827331543,"4"
"species",405,405,920,607,78.6185455322266,"4"
"species",406,406,1020,490,130.632080078125,"4"
"species",407,407,964,551,103.642074584961,"1"
"species",408,408,1019,559,96.3691711425781,"1"
"species",409,409,1085,481,37.1308708190918,"2"
"species",410,410,1080,480,28.3115653991699,"2"
"species",411,411,1007,505,28.8584899902344,"1"
"species",412,412,1089,474,54.6680488586426,"1"
"species",413,413,1005,627,57.1853446960449,"1"
"species",414,414,1108,478,30.9381942749023,"2"
"species",415,415,1573,570,30.2770366668701,"4"
"species",416,416,1803,643,47.2207565307617,"2"
"species",417,417,1779,634,47.2207565307617,"4"
"species",418,418,1367,588,37.4480628967285,"4"
"species",419,419,1216,467,61.9662437438965,"4"
"species",420,420,1353,582,53.6887016296387,"4"
"species",421,421,914,603,155.333251953125,"1"
"species",422,422,1799,613,45.4605026245117,"2"
"species",423,423,1644,633,31.6483783721924,"4"
"species",424,424,1766,609,36.4315719604492,"2"
"species",425,425,1039,561,93.3822708129883,"1"
"species",426,426,1530,532,14.5286293029785,"2"
"species",427,427,934,547,100.689987182617,"1"
"species",428,428,1097,489,196.37907409668,"5"
"species",429,429,1032,515,35.1086769104004,"4"
"species",430,430,913,562,602.742553710938,"1"
"species",431,431,1655,632,31.6483783721924,"4"
"species",432,432,1467,508,15.3538837432861,"2"
"species",433,433,1787,637,24.975564956665,"4"
"species",434,434,1044,512,310.038909912109,"1"
"species",435,435,1044,472,439.188049316406,"4"
"species",436,436,1744,619,17.7944240570068,"2"
"species",437,437,1814,645,60.0151519775391,"4"
"species",438,438,905,590,72.4451370239258,"4"
"species",439,439,919,576,84.4146347045898,"1"
"species",440,440,1108,457,108.471771240234,"1"
"species",441,441,1028,569,77.8134078979492,"4"
"species",442,442,1067,486,127.14478302002,"1"
"species",443,443,942,549,84.4396438598633,"1"
"species",444,444,882,556,154.181869506836,"1"
"species",445,445,1174,510,55.0739784240723,"4"
"species",446,446,1185,456,65.3426971435547,"4"
"species",447,447,1437,503,13.8752145767212,"2"
"species",448,448,1024,505,174.73420715332,"3"
"species",449,449,1037,556,83.4574279785156,"1"
"species",450,450,1137,516,12.2851085662842,"2"
"species",451,451,1338,583,58.9720649719238,"4"
"species",452,452,1069,482,146.261444091797,"2"
"species",453,453,964,545,159.741821289062,"1"
"species",454,454,1097,466,88.0344390869141,"1"
"species",455,455,1043,610,82.2531967163086,"3"
"species",456,456,1050,557,90.0100708007812,"1"
"species",457,457,1607,595,31.6483783721924,"2"
"species",458,458,1482,516,8.01048278808594,"2"
"species",459,459,1776,645,48.4276313781738,"2"
"species",460,460,1618,556,45.9121856689453,"4"
"species",461,461,1060,477,509.75927734375,"3"
"species",462,462,1669,602,13.3724336624146,"2"
"species",463,463,1487,527,15.3533267974854,"1"
"species",464,464,919,580,83.513069152832,"4"
"species",465,465,1757,610,23.9018096923828,"2"
"species",466,466,1067,499,35.1086769104004,"3"
"species",467,467,887,608,95.7269744873047,"1"
"species",468,468,1545,531,8.32851409912109,"2"
"species",469,469,1414,454,9.26984977722168,"2"
"species",470,470,1756,607,23.9018096923828,"2"
"species",471,471,1863,661,28.7210865020752,"2"
"species",472,472,1405,493,15.6472902297974,"2"
"species",473,473,1299,548,39.3066482543945,"3"
"species",474,474,976,615,73.5184631347656,"4"
"species",475,475,1073,630,238.961776733398,"1"
"species",476,476,1025,623,72.7703094482422,"4"
"species",477,477,946,562,84.4146347045898,"1"
"species",478,478,1110,507,12.2851085662842,"2"
"species",479,479,1111,472,62.365119934082,"4"
"species",480,480,1335,566,37.4480628967285,"2"
"species",481,481,1831,605,187.033157348633,"2"
"species",482,482,1023,493,36.3793296813965,"2"
"species",483,483,1051,568,88.8038024902344,"1"
"species",484,484,889,599,83.513069152832,"1"
"species",485,485,925,565,283.227844238281,"4"
"species",486,486,1059,568,44.0877685546875,"1"
"species",487,487,928,712,53.039421081543,"1"
"species",488,488,1057,487,103.760345458984,"1"
"species",489,489,1235,459,1147.59704589844,"2"
"species",490,490,985,499,130.632080078125,"1"
"species",491,491,934,575,297.986083984375,"1"
"species",492,492,869,552,86.1257553100586,"4"
"species",493,493,1011,514,168.966522216797,"4"
"species",494,494,1110,469,78.8164749145508,"2"
"species",495,495,1782,641,47.2207565307617,"4"
"species",496,496,1550,524,8.32851409912109,"4"
"species",497,497,1529,512,8.32851314544678,"2"
"species",498,498,1372,463,21.8033542633057,"2"
"species",499,499,1777,643,47.2207527160645,"4"
"species",500,500,1342,486,16.1109504699707,"2"
"species",501,501,1029,577,69.0961303710938,"4"
"species",502,502,898,623,73.2598342895508,"1"
"species",503,503,1083,479,54.6680488586426,"1"
"species",504,504,1257,537,55.0739784240723,"4"
"species",505,505,1612,584,32.9270286560059,"2"
"species",506,506,924,595,78.9452438354492,"1"
"species",507,507,908,578,89.4900436401367,"4"
"species",508,508,899,585,281.397827148438,"1"
"species",509,509,952,560,240.650283813477,"4"
"species",510,510,1096,468,87.8468322753906,"1"
"species",511,511,1080,505,35.1086807250977,"2"
"species",512,512,1094,476,70.8868255615234,"2"
"species",513,513,1032,500,35.1086769104004,"2"
"species",514,514,1088,600,129.609710693359,"4"
"species",515,515,964,551,138.214370727539,"1"
"species",516,516,1010,654,55.1219329833984,"1"
"species",517,517,1080,478,54.6680526733398,"1"
"species",518,518,1030,538,62.2483329772949,"4"
"species",519,519,879,598,129.470123291016,"4"
"species",520,520,1010,495,131.272964477539,"1"
"species",521,521,1179,509,12.2851095199585,"2"
"species",522,522,1073,509,35.1086807250977,"2"
"species",523,523,1035,485,130.632064819336,"1"
"species",524,524,1057,475,88.0344390869141,"4"
"species",525,525,1824,645,82.5142135620117,"2"
"species",526,526,1059,479,39.131893157959,"2"
"species",527,527,1379,577,14.4033937454224,"2"
"species",528,528,803,924,76.5618057250977,"4"
"species",529,529,1029,597,44.0877685546875,"4"
"species",530,530,1044,592,129.228149414062,"4"
"species",531,531,1078,485,54.6680488586426,"4"
"species",532,532,1073,500,172.041046142578,"1"
"species",533,533,980,682,97.1699829101562,"4"
"species",534,534,1033,591,44.0877685546875,"1"
"species",535,535,1378,590,41.7708511352539,"4"
"species",536,536,966,700,69.2006454467773,"1"
"species",537,537,958,675,72.9666976928711,"1"
"species",538,538,904,599,107.036804199219,"4"
"species",539,539,1524,619,31.5118579864502,"2"
"species",540,540,873,858,76.5618057250977,"1"
"species",541,541,991,724,44.0877685546875,"1"
"species",542,542,936,650,69.2006454467773,"4"
"species",543,543,1784,641,47.2207565307617,"4"
"species",544,544,1787,643,47.2207527160645,"4"
"species",545,545,1831,657,28.7210865020752,"2"
"species",546,546,1777,612,36.4315757751465,"2"
"species",547,547,1620,586,45.2149467468262,"4"
"species",548,548,1338,463,39.9404716491699,"1"
"species",549,549,1086,586,125.806167602539,"1"
"species",550,550,920,594,313.878051757812,"4"
"species",551,551,1750,608,24.2831153869629,"2"
"species",552,552,1780,645,47.2207565307617,"4"
"species",553,553,1337,481,16.1109504699707,"2"
"species",554,554,1487,518,8.51985454559326,"2"
"species",555,555,1133,451,153.972564697266,"1"
"species",556,556,1065,600,129.609710693359,"1"
"species",557,557,981,504,72.3717422485352,"4"
"species",558,558,1233,471,162.897827148438,"2"
"species",559,559,1034,565,89.748908996582,"1"
"species",560,560,1614,553,8.32851409912109,"2"
"species",561,561,1592,552,8.32851409912109,"4"
"species",562,562,1132,459,62.1432952880859,"2"
"species",563,563,1596,582,30.7580738067627,"2"
"species",564,564,1098,465,88.0344390869141,"1"
"species",565,565,1073,505,35.1086769104004,"2"
"species",566,566,1062,485,96.5451889038086,"4"
"species",567,567,1802,647,47.4549713134766,"2"
"species",568,568,1151,506,12.2851085662842,"2"
"species",569,569,880,624,94.3283538818359,"5"
"species",570,570,890,647,81.6398696899414,"4"
"species",571,571,936,759,60.5284652709961,"4"
"species",572,572,1346,574,59.3752670288086,"4"
"species",573,573,1739,606,36.2812881469727,"4"
"species",574,574,1262,474,28.0254764556885,"4"
"species",575,575,1104,574,47.9212760925293,"1"
"species",576,576,1089,577,47.1806297302246,"1"
"species",577,577,1162,466,926.984252929688,"2"
"species",578,578,870,578,155.333251953125,"4"
"species",579,579,913,967,59.1819381713867,"1"
"species",580,580,1356,474,69.3124694824219,"4"
"species",581,581,951,910,77.9810180664062,"1"
"species",582,582,886,598,78.6430969238281,"1"
"species",583,583,1006,619,73.5313034057617,"1"
"species",584,584,1082,480,112.417007446289,"2"
"species",585,585,938,895,77.9810180664062,"1"
"species",586,586,925,981,59.1819381713867,"4"
"species",587,587,1204,443,62.1432991027832,"2"
"species",588,588,1119,479,27.3929615020752,"2"
"species",589,589,1007,522,116.969169616699,"5"
"species",590,590,1037,541,125.534103393555,"4"
"species",591,591,1089,561,47.3731651306152,"1"
"species",592,592,990,763,39.7274856567383,"1"
"species",593,593,1372,448,21.8033542633057,"4"
"species",594,594,1489,514,7.99457311630249,"2"
"species",595,595,1071,499,146.464599609375,"2"
"species",596,596,1125,496,177.800979614258,"2"
"species",597,597,1000,507,135.28059387207,"5"
"species",598,598,1053,557,192.811157226562,"2"
"species",599,599,1068,619,188.625381469727,"4"
"species",600,600,1077,459,27.3929615020752,"2"
"species",601,601,1473,508,9.27183532714844,"2"
"species",602,602,930,559,96.7555770874023,"1"
"species",603,603,976,530,879.088562011719,"5"
"species",604,604,1011,646,55.1219367980957,"1"
"species",605,605,1101,518,130.043502807617,"1"
"species",606,606,938,561,97.0738906860352,"1"
"species",607,607,1109,564,188.625381469727,"4"
"species",608,608,873,580,111.938720703125,"4"
"species",609,609,890,591,108.62922668457,"1"
"species",610,610,1156,480,390.714996337891,"1"
"species",611,611,1035,521,155.811294555664,"4"
"species",612,612,1146,500,192.811157226562,"5"
"species",613,613,1063,470,203.749893188477,"4"
"species",614,614,1182,451,149.729125976562,"2"
"species",615,615,1144,503,285.836822509766,"5"
"species",616,616,1175,458,104.665092468262,"2"
"species",617,617,1093,469,111.351493835449,"4"
"species",618,618,1107,475,57.9572601318359,"4"
"species",619,619,1036,534,367.081451416016,"4"
"species",620,620,905,559,263.089691162109,"4"
"species",621,621,1227,481,161.637451171875,"2"
"species",622,622,1097,490,173.278228759766,"1"
"species",623,623,1159,512,803.006530761719,"1"
"species",624,624,1066,475,485.228942871094,"4"
"species",625,625,1005,507,59.8506851196289,"4"
"species",626,626,899,726,59.1819381713867,"1"
"species",627,627,1130,476,343.712463378906,"4"
"species",628,628,970,521,178.50732421875,"4"
"species",629,629,1066,682,1551.17248535156,"4"
"species",630,630,966,581,312.397644042969,"4"
"species",631,631,1047,580,57.5062713623047,"1"
"species",632,632,1173,458,99.8370742797852,"2"
"species",633,633,897,598,135.272064208984,"4"
"species",634,634,908,598,114.025398254395,"4"
"species",635,635,911,591,78.618537902832,"1"
"species",636,636,965,577,195.669509887695,"1"
"species",637,637,931,609,155.333251953125,"1"
"species",638,638,1105,609,188.625381469727,"4"
"species",639,639,933,599,173.287902832031,"1"
"species",640,640,1096,547,192.811157226562,"5"
"species",641,641,1064,468,235.319122314453,"2"
"species",642,642,903,618,146.653961181641,"4"
"species",643,643,1067,503,173.278228759766,"1"
"species",644,644,1073,509,129.260696411133,"1"
"species",645,645,1135,544,59.2672119140625,"4"
"species",646,646,1165,544,68.0516662597656,"5"
"species",647,647,1197,540,68.3031005859375,"1"
"species",648,648,1080,465,29.7946796417236,"2"
"species",649,649,1053,513,35.1086807250977,"2"
"species",650,650,1307,555,55.073974609375,"5"
"species",651,651,1320,571,29.3296737670898,"1"
"species",652,652,1034,529,285.640197753906,"4"
"species",653,653,1306,566,29.3296737670898,"5"
"species",654,654,1035,558,195.669509887695,"4"
"species",655,655,1027,492,130.697265625,"4"
"species",656,656,951,891,171.856338500977,"4"
"species",657,657,936,568,101.889770507812,"4"
"species",658,658,1159,530,56.9762306213379,"1"
"species",659,659,918,608,123.922836303711,"4"
"species",660,660,1066,563,195.669525146484,"1"
"species",661,661,1179,479,66.4852600097656,"1"
"species",662,662,1105,508,66.4852600097656,"1"
"species",663,663,887,600,78.6185455322266,"1"
"species",664,664,1140,466,76.3998718261719,"4"
"species",665,665,1092,595,188.625381469727,"1"
"species",666,666,1117,478,143.299713134766,"1"
"species",667,667,1165,478,66.4852600097656,"1"
"species",668,668,993,672,73.5713348388672,"4"
"species",669,669,997,655,44.1968879699707,"1"
"species",670,670,1060,685,1378.197265625,"5"
"species",671,671,977,692,97.1699829101562,"5"
"species",672,672,1169,480,66.4852600097656,"1"
"species",673,673,1146,468,76.3998718261719,"1"
"species",674,674,1076,473,54.6680526733398,"1"
"species",675,675,1086,538,62.1468391418457,"1"
"species",676,676,1106,474,88.0344390869141,"1"
"species",677,677,1274,497,39.9404716491699,"2"
"species",678,678,991,670,86.853271484375,"1"
"species",679,679,1115,546,48.7409248352051,"1"
"species",680,680,1351,478,16.1109504699707,"2"
"species",681,681,1081,486,54.6680488586426,"1"
"species",682,682,1128,499,66.4852676391602,"1"
"species",683,683,1198,464,80.5115737915039,"1"
"species",684,684,1063,596,129.609710693359,"1"
"species",685,685,1239,454,106.371536254883,"1"
"species",686,686,1185,421,1274.24658203125,"5"
"species",687,687,978,603,71.5932846069336,"1"
"species",688,688,1086,534,62.2483329772949,"1"
"species",689,689,912,606,110.779029846191,"1"
"species",690,690,1077,499,61.6088714599609,"1"
"species",691,691,1036,669,38.5946502685547,"1"
"species",692,692,1181,461,150.268447875977,"1"
"species",693,693,1100,490,22.6926345825195,"2"
"species",694,694,1098,475,34.7572364807129,"2"
"species",695,695,1111,468,27.3929615020752,"2"
"species",696,696,1533,619,29.996265411377,"3"
"species",697,697,1051,505,155.835739135742,"1"
"species",698,698,1370,449,21.8033542633057,"2"
"species",699,699,999,763,176.495590209961,"4"
"species",700,700,945,548,97.1012878417969,"1"
"species",701,701,1024,522,346.068939208984,"4"
"species",702,702,1106,576,48.7409210205078,"4"
"species",703,703,1199,457,1112.55798339844,"4"
"species",704,704,1388,454,21.803352355957,"4"
"species",705,705,949,795,176.495574951172,"1"
"species",706,706,1362,442,10.410608291626,"2"
"species",707,707,1046,516,84.9265213012695,"4"
"species",708,708,1792,622,11.5878553390503,"2"
"species",709,709,1095,535,710.053161621094,"5"
"species",710,710,1367,456,27.5398216247559,"2"
"species",711,711,1532,560,45.8973770141602,"2"
"species",712,712,1173,456,104.665092468262,"2"
"species",713,713,1311,474,39.9404716491699,"2"
"species",714,714,1124,532,192.811157226562,"2"
"species",715,715,1183,472,765.849304199219,"1"
"species",716,716,1059,473,62.3651161193848,"5"
"species",717,717,985,533,94.416259765625,"1"
"species",718,718,1261,480,28.0261325836182,"2"
"species",719,719,1549,533,8.32851409912109,"4"
"species",720,720,933,630,153.254180908203,"1"
"species",721,721,1202,424,2584.28857421875,"5"
"species",722,722,910,593,158.609436035156,"4"
"species",723,723,807,605,134.560302734375,"4"
"species",724,724,1309,534,20.4771404266357,"2"
"species",725,725,1467,534,15.3538837432861,"2"
"species",726,726,1498,548,15.3538827896118,"4"
"species",727,727,1524,558,54.9546585083008,"4"
"species",728,728,1351,574,13.5638847351074,"4"
"species",729,729,1100,602,47.1806297302246,"1"
"species",730,730,893,602,155.333251953125,"1"
"species",731,731,962,531,101.111183166504,"4"
"species",732,732,878,550,85.4346923828125,"4"
"species",733,733,1147,447,153.972564697266,"1"
"species",734,734,1090,590,242.657012939453,"4"
"species",735,735,1027,526,152.196258544922,"4"
"species",736,736,1213,460,829.541442871094,"4"
"species",737,737,1750,631,12.0262975692749,"4"
"species",738,738,1363,474,69.4097366333008,"4"
"species",739,739,1815,600,108.685287475586,"3"
"species",740,740,1717,622,17.8032131195068,"4"
"species",741,741,1524,520,8.72613334655762,"2"
"species",742,742,1093,613,249.174423217773,"4"
"species",743,743,960,687,56.179256439209,"1"
"species",744,744,1005,647,55.1219367980957,"1"
"species",745,745,1490,551,15.3538837432861,"2"
"species",746,746,1647,606,13.2312936782837,"2"
"species",747,747,1467,511,15.3538837432861,"2"
"species",748,748,1611,579,45.3161163330078,"2"
"species",749,749,1813,601,212.872131347656,"4"
"species",750,750,1792,617,23.9018096923828,"2"
"species",751,751,926,880,77.9810180664062,"1"
"species",752,752,1591,581,45.3161163330078,"4"
"species",753,753,1603,587,348.498840332031,"2"
"species",754,754,1036,686,38.5946502685547,"4"
"species",755,755,969,820,38.5946502685547,"1"
"species",756,756,926,792,88.5146102905273,"4"
"species",757,757,1844,617,45.2908706665039,"4"
"species",758,758,1717,632,24.975564956665,"2"
"species",759,759,987,626,188.625381469727,"4"
"species",760,760,1369,456,21.8033542633057,"2"
"species",761,761,706,1042,76.5618057250977,"4"
"species",762,762,1211,446,178.903701782227,"3"
"species",763,763,935,555,101.111183166504,"1"
"species",764,764,1683,586,47.5090103149414,"1"
"species",765,765,1478,558,23.8291702270508,"4"
"species",766,766,1187,446,62.1432952880859,"4"
"species",767,767,1498,500,7.99457311630249,"2"
"species",768,768,963,752,144.425582885742,"4"
"species",769,769,779,1054,76.5618057250977,"2"
"species",770,770,910,639,83.6362838745117,"4"
"species",771,771,1028,499,129.354309082031,"1"
"species",772,772,945,610,155.333251953125,"4"
"species",773,773,1317,477,131.525588989258,"4"
"species",774,774,1250,456,90.9282608032227,"4"
"species",775,775,1617,585,368.515045166016,"2"
"species",776,776,1494,517,7.99457311630249,"2"
"species",777,777,1349,456,46.4089012145996,"2"
"species",778,778,1586,556,7.99457311630249,"2"
"species",779,779,1044,487,130.632080078125,"1"
"species",780,780,1064,499,22.6926345825195,"4"
"species",781,781,1268,524,12.2851085662842,"3"
"species",782,782,1039,490,35.1086769104004,"3"
"species",783,783,992,532,86.1829147338867,"4"
"species",784,784,925,580,190.429168701172,"4"
"species",785,785,979,509,35.1086807250977,"2"
"species",786,786,1080,600,187.962844848633,"1"
"species",787,787,1236,519,55.0739784240723,"3"
"species",788,788,1444,598,29.2032623291016,"2"
"species",789,789,1362,455,38.6800651550293,"2"
"species",790,790,1318,550,27.9818267822266,"3"
"species",791,791,1176,431,1164.94055175781,"2"
"species",792,792,1577,563,20.7537155151367,"2"
"species",793,793,1058,497,109.22191619873,"1"
"species",794,794,1577,536,8.32851409912109,"4"
"species",795,795,1365,454,90.6651840209961,"4"
"species",796,796,1871,613,106.963768005371,"2"
"species",797,797,1848,606,187.033157348633,"4"
"species",798,798,1131,510,595.196838378906,"1"
"species",799,799,1077,516,122.927871704102,"1"
"species",800,800,1116,468,27.3929615020752,"2"
"species",801,801,1800,618,78.4938507080078,"4"
"species",802,802,1278,506,16.6493606567383,"5"
"species",803,803,935,576,174.074356079102,"4"
"species",804,804,1339,454,90.6621017456055,"4"
"species",805,805,1200,469,803.260070800781,"2"
"species",806,806,1754,632,11.5878553390503,"4"
"species",807,807,1012,566,195.669525146484,"1"
"species",808,808,1061,467,232.639801025391,"4"
"species",809,809,1614,590,86.8862838745117,"2"
"species",810,810,1188,465,822.035583496094,"1"
"species",811,811,1188,493,12.2851085662842,"3"
"species",812,812,1640,623,17.8472785949707,"2"
"species",813,813,1032,494,38.0816879272461,"1"
"species",814,814,1474,512,15.3538837432861,"4"
"species",815,815,1217,519,55.073974609375,"3"
"species",816,816,953,1000,77.2085418701172,"1"
"species",817,817,1125,467,71.1256561279297,"2"
"species",818,818,1475,506,8.32851314544678,"2"
"species",819,819,1821,636,77.5378799438477,"2"
"species",820,820,1779,626,11.5878553390503,"1"
"species",821,821,1807,644,79.4317092895508,"2"
"species",822,822,1133,468,27.5340194702148,"2"
"species",823,823,1238,455,93.0460815429688,"2"
"species",824,824,1135,466,75.1001815795898,"1"
"species",825,825,1052,526,168.536102294922,"4"
"species",826,826,1049,521,62.2483329772949,"4"
"species",827,827,960,552,276.630218505859,"4"
"species",828,828,1605,629,29.4081115722656,"4"
"species",829,829,1042,546,4841.74267578125,"5"
"species",830,830,1025,561,87.8834075927734,"1"
"species",831,831,1060,511,54.6680526733398,"4"
"species",832,832,1019,590,223.80924987793,"5"
"species",833,833,1214,479,164.26042175293,"2"
"species",834,834,950,530,101.111183166504,"1"
"species",835,835,1134,536,57.0723457336426,"4"
"species",836,836,1448,492,15.8388786315918,"4"
"species",837,837,1608,617,31.6483783721924,"4"
"species",838,838,1059,509,155.835739135742,"1"
"species",839,839,1527,568,42.7215576171875,"4"
"species",840,840,952,521,93.1473617553711,"3"
"species",841,841,1063,595,242.657012939453,"4"
"species",842,842,957,615,188.625381469727,"1"
"species",843,843,1036,509,35.1086769104004,"2"
"species",844,844,895,610,146.653961181641,"1"
"species",845,845,1044,504,286.163421630859,"1"
"species",846,846,1777,644,47.2207565307617,"4"
"species",847,847,1268,488,143.433135986328,"2"
"species",848,848,1645,554,45.5455169677734,"4"
"species",849,849,1699,602,47.5090103149414,"2"
"species",850,850,1166,435,659.147399902344,"2"
"species",851,851,913,607,155.333251953125,"4"
"species",852,852,881,644,72.598747253418,"1"
"species",853,853,1099,482,292.693481445312,"3"
"species",854,854,1598,621,93.2638168334961,"2"
"species",855,855,1803,650,24.975564956665,"1"
"species",856,856,1220,457,140.540374755859,"2"
"species",857,857,936,623,146.653945922852,"4"
"species",858,858,1696,636,24.975564956665,"2"
"species",859,859,918,610,105.204048156738,"1"
"species",860,860,1831,591,186.989532470703,"2"
"species",861,861,1418,480,16.1109504699707,"4"
"species",862,862,1173,440,62.1432952880859,"2"
"species",863,863,1574,538,8.32851314544678,"2"
"species",864,864,1676,610,93.1775207519531,"2"
"species",865,865,1046,574,124.207229614258,"1"
"species",866,866,964,707,129.908157348633,"4"
"species",867,867,965,556,253.033309936523,"4"
"species",868,868,878,610,141.017150878906,"1"
"species",869,869,1055,534,132.192535400391,"1"
"species",870,870,1635,575,368.515075683594,"5"
"species",871,871,1194,462,107.314193725586,"1"
"species",872,872,1639,583,47.5090103149414,"4"
"species",873,873,1869,596,77.4266891479492,"4"
"species",874,874,1680,582,47.5090103149414,"4"
"species",875,875,1493,489,8.21338272094727,"2"
"species",876,876,1084,607,47.1806335449219,"4"
"species",877,877,1621,575,368.515045166016,"4"
"species",878,878,1040,535,62.2483367919922,"5"
"species",879,879,1799,608,93.790641784668,"2"
"species",880,880,1625,578,202.189224243164,"4"
"species",881,881,1210,438,8061.51025390625,"5"
"species",882,882,1033,514,35.1086769104004,"2"
"species",883,883,1818,626,123.158958435059,"2"
"species",884,884,1092,483,54.6680526733398,"1"
"species",885,885,989,633,55.1219367980957,"1"
"species",886,886,1627,608,31.6483783721924,"2"
"species",887,887,1625,580,368.515075683594,"2"
"species",888,888,1787,624,75.6105728149414,"2"
"species",889,889,980,678,63.4815444946289,"4"
"species",890,890,1712,614,11.5878562927246,"2"
"species",891,891,1587,560,14.4165287017822,"2"
"species",892,892,1477,513,15.3538837432861,"2"
"species",893,893,1627,585,30.2770366668701,"2"
"species",894,894,1213,518,55.073974609375,"3"
"species",895,895,1173,456,1114.92114257812,"2"
"species",896,896,1634,605,61.9592552185059,"4"
"species",897,897,1797,619,116.325691223145,"4"
"species",898,898,1198,430,3544.505859375,"2"
"species",899,899,1791,629,11.5878553390503,"2"
"species",900,900,1035,518,552.806030273438,"4"
"species",901,901,1186,446,62.1432952880859,"2"
"species",902,902,973,528,101.425018310547,"1"
"species",903,903,993,621,188.625381469727,"1"
"species",904,904,1702,585,47.5090103149414,"4"
"species",905,905,1161,442,650.972106933594,"5"
"species",906,906,1841,589,200.918731689453,"4"
"species",907,907,1495,515,7.99457311630249,"2"
"species",908,908,1329,462,33.7742347717285,"2"
"species",909,909,935,551,99.9011688232422,"1"
"species",910,910,1025,504,38.774600982666,"5"
"species",911,911,929,620,146.653961181641,"4"
"species",912,912,1088,494,172.944702148438,"1"
"species",913,913,1101,585,48.7403717041016,"1"
"species",914,914,1079,514,62.146842956543,"1"
"species",915,915,970,841,176.495574951172,"4"
"species",916,916,914,566,84.4146347045898,"1"
"species",917,917,1034,574,124.207229614258,"4"
"species",918,918,946,576,84.1511764526367,"1"
"species",919,919,1058,506,183.992904663086,"2"
"species",920,920,1169,455,119.058074951172,"4"
"species",921,921,1385,459,9.66579723358154,"2"
"species",922,922,1170,440,62.1432952880859,"2"
"species",923,923,1771,624,13.3724336624146,"2"
"species",924,924,1023,503,35.1086807250977,"2"
"species",925,925,1032,546,62.2483329772949,"4"
"species",926,926,1010,530,159.741821289062,"1"
"species",927,927,1192,460,104.665092468262,"3"
"species",928,928,1482,523,15.3538837432861,"2"
"species",929,929,1226,469,28.0261344909668,"2"
"species",930,930,1480,535,15.3538837432861,"2"
"species",931,931,1473,510,14.3602733612061,"4"
"species",932,932,1337,453,91.0330429077148,"2"
"species",933,933,1461,572,13.5638847351074,"2"
"species",934,934,1520,512,7.99457311630249,"2"
"species",935,935,943,725,48.7522888183594,"1"
"species",936,936,965,728,44.0877685546875,"1"
"species",937,937,936,773,76.5618057250977,"1"
"species",938,938,916,734,63.085376739502,"4"
"species",939,939,1058,477,71.7550430297852,"1"
"species",940,940,1109,529,219.839935302734,"1"
"species",941,941,1021,570,124.098052978516,"1"
"species",942,942,1092,528,122.927871704102,"1"
"species",943,943,906,712,69.1455078125,"4"
"species",944,944,1116,515,57.5138359069824,"4"
"species",945,945,1082,484,54.6895637512207,"1"
"species",946,946,1125,475,127.538475036621,"3"
"species",947,947,900,588,84.4146347045898,"1"
"species",948,948,1081,622,1006.64916992188,"4"
"species",949,949,977,511,65.0160598754883,"3"
"species",950,950,1704,611,17.7944259643555,"4"
"species",951,951,1533,562,48.9938888549805,"4"
"species",952,952,1512,509,7.99457311630249,"2"
"species",953,953,1402,590,38.9750862121582,"4"
"species",954,954,1066,557,268.058135986328,"1"
"species",955,955,960,607,73.5593872070312,"1"
"species",956,956,1549,550,8.32851409912109,"1"
"species",957,957,966,701,61.507926940918,"4"
"species",958,958,969,833,50.5501480102539,"1"
"species",959,959,1048,730,38.5946502685547,"1"
"species",960,960,1039,565,178.737686157227,"4"
"species",961,961,1224,454,178.903701782227,"4"
"species",962,962,1005,584,71.5930709838867,"1"
"species",963,963,1176,455,132.266036987305,"3"
"species",964,964,948,678,97.1699829101562,"1"
"species",965,965,1185,457,76.6893920898438,"2"
"species",966,966,1003,1115,77.9810256958008,"4"
"species",967,967,1145,458,70.8868255615234,"2"
"species",968,968,1025,648,238.961791992188,"5"
"species",969,969,979,590,71.5930709838867,"1"
"species",970,970,1003,667,97.1699905395508,"1"
"species",971,971,1011,675,44.0877685546875,"4"
"species",972,972,842,1011,77.9260787963867,"1"
"species",973,973,1118,471,71.1240692138672,"2"
"species",974,974,939,708,69.2006454467773,"1"
"species",975,975,1127,464,70.8868255615234,"2"
"species",976,976,1020,653,43.9195022583008,"1"
"species",977,977,1062,602,187.782989501953,"4"
"species",978,978,936,599,89.353401184082,"4"
"species",979,979,1114,481,82.2935791015625,"2"
"species",980,980,1138,581,256.843597412109,"4"
"species",981,981,1111,480,72.3777694702148,"2"
"species",982,982,1133,467,66.7538223266602,"4"
"species",983,983,1095,601,188.625381469727,"4"
"species",984,984,1030,609,71.0175857543945,"4"
"species",985,985,1030,522,75.3234252929688,"1"
"species",986,986,974,688,58.1809196472168,"4"
"species",987,987,999,562,75.1034774780273,"1"
"species",988,988,912,583,308.596801757812,"4"
"species",989,989,872,626,148.259719848633,"4"
"species",990,990,1090,470,62.365119934082,"2"
"species",991,991,938,554,84.4146347045898,"1"
"species",992,992,1094,497,62.146842956543,"4"
"species",993,993,894,570,85.4021987915039,"1"
"species",994,994,894,564,114.398017883301,"1"
"species",995,995,1549,582,13.5638847351074,"4"
"species",996,996,1141,507,192.811157226562,"2"
"species",997,997,1078,485,54.6680526733398,"4"
"species",998,998,1236,477,31.4841175079346,"4"
"species",999,999,1061,489,109.22191619873,"1"
"species",1000,1000,1441,607,29.2032642364502,"2"
"species",1001,1001,1262,486,40.0129661560059,"2"
"species",1002,1002,1392,457,9.26984977722168,"4"
"species",1003,1003,1520,629,36.5193023681641,"4"
"species",1004,1004,1479,500,8.32851409912109,"2"
"species",1005,1005,1355,578,13.5638847351074,"4"
"species",1006,1006,1524,642,36.5142211914062,"2"
"species",1007,1007,1426,464,9.269850730896,"4"
"species",1008,1008,1461,511,15.3538837432861,"2"
"species",1009,1009,1642,565,56.4491729736328,"4"
"species",1010,1010,1602,636,31.648380279541,"4"
"species",1011,1011,1670,566,45.9121856689453,"4"
"species",1012,1012,1768,631,47.2207565307617,"4"
"species",1013,1013,1808,648,47.2207565307617,"4"
"species",1014,1014,1805,654,47.2207527160645,"2"
"species",1015,1015,1815,616,107.893997192383,"4"
"species",1016,1016,1826,619,159.642501831055,"2"
"species",1017,1017,1845,615,50.1381568908691,"2"
"species",1018,1018,1038,589,216.318405151367,"4"
"species",1019,1019,1313,485,42.1458206176758,"2"
"species",1020,1020,1121,458,62.1432991027832,"2"
"species",1021,1021,1356,478,64.6427307128906,"2"
