"species","x","y","bio4","bio16","gpw2000_30_sec","simplelc2000"
"species",1,1,1061,492,146.464599609375,"3"
"species",2,2,1204,451,2382.44482421875,"5"
"species",3,3,883,586,82.5017166137695,"1"
"species",4,4,1016,497,333.760406494141,"1"
"species",5,5,905,612,111.781425476074,"1"
"species",6,6,1059,508,127.341445922852,"4"
"species",7,7,1143,574,261.376983642578,"4"
"species",8,8,1013,552,531.619750976562,"5"
"species",9,9,943,602,120.175727844238,"4"
"species",10,10,926,603,155.333251953125,"1"
"species",11,11,950,708,69.2006454467773,"1"
"species",12,12,1100,587,188.625381469727,"4"
"species",13,13,919,598,102.726890563965,"4"
"species",14,14,1072,621,1064.81335449219,"4"
"species",15,15,771,1043,76.5618057250977,"2"
"species",16,16,1191,447,5515.67724609375,"5"
"species",17,17,929,606,155.193725585938,"4"
"species",18,18,960,590,155.333251953125,"1"
"species",19,19,1213,447,7595.47021484375,"5"
"species",20,20,1115,487,345.755889892578,"4"
"species",21,21,1070,545,4781.9638671875,"5"
"species",22,22,1509,509,7.99457311630249,"2"
"species",23,23,1362,442,10.410608291626,"2"
"species",24,24,959,546,266.476287841797,"1"
"species",25,25,1125,492,281.844116210938,"1"
"species",26,26,962,716,50.7844047546387,"1"
"species",27,27,952,565,127.936836242676,"1"
"species",28,28,1103,496,174.172302246094,"4"
"species",29,29,954,572,83.513069152832,"1"
"species",30,30,931,612,83.6362762451172,"1"
"species",31,31,1583,573,45.3161163330078,"4"
"species",32,32,942,940,77.9810180664062,"1"
"species",33,33,1163,489,647.445556640625,"1"
"species",34,34,930,579,192.635498046875,"4"
"species",35,35,997,577,222.451919555664,"4"
"species",36,36,1010,499,112.895240783691,"5"
"species",37,37,1006,619,73.5313034057617,"1"
"species",38,38,1051,505,155.835739135742,"1"
"species",39,39,1051,507,152.490707397461,"1"
"species",40,40,1005,563,178.737686157227,"4"
"species",41,41,885,577,155.333251953125,"4"
"species",42,42,1026,495,134.922729492188,"4"
"species",43,43,1329,464,21.8033542633057,"4"
"species",44,44,1232,456,178.903701782227,"2"
"species",45,45,980,676,97.1699905395508,"3"
"species",46,46,1239,456,93.0460815429688,"4"
"species",47,47,984,547,266.476287841797,"5"
"species",48,48,1274,465,64.6427307128906,"4"
"species",49,49,1078,544,4871.93212890625,"5"
"species",50,50,1356,474,69.3124694824219,"4"
"species",51,51,955,556,264.542755126953,"4"
"species",52,52,1035,657,248.812072753906,"4"
"species",53,53,936,559,178.660491943359,"4"
"species",54,54,1094,486,137.720108032227,"2"
"species",55,55,1383,476,64.6427383422852,"4"
"species",56,56,1365,445,14.2677574157715,"2"
"species",57,57,1178,440,2465.0966796875,"5"
"species",58,58,1334,473,64.6427307128906,"4"
"species",59,59,1068,494,173.278228759766,"4"
"species",60,60,1027,526,152.196258544922,"4"
"species",61,61,1146,455,62.1432991027832,"1"
"species",62,62,1625,576,368.515075683594,"5"
"species",63,63,1102,498,173.043045043945,"4"
"species",64,64,949,723,69.1341400146484,"1"
"species",65,65,1143,454,922.254760742188,"2"
"species",66,66,942,562,99.3551406860352,"1"
"species",67,67,1106,576,48.7409210205078,"4"
"species",68,68,1343,459,21.8033542633057,"4"
"species",69,69,892,592,84.3945083618164,"1"
"species",70,70,1065,578,96.8656921386719,"1"
"species",71,71,1313,473,70.8796997070312,"2"
"species",72,72,1117,478,143.299713134766,"1"
"species",73,73,1365,475,64.6427383422852,"2"
"species",74,74,937,595,167.163467407227,"1"
"species",75,75,1040,508,155.835739135742,"4"
"species",76,76,1203,468,159.563064575195,"4"
"species",77,77,1174,466,57.9572639465332,"1"
"species",78,78,1553,570,30.2770385742188,"4"
"species",79,79,1237,459,64.6427307128906,"4"
"species",80,80,1216,467,61.9662437438965,"4"
"species",81,81,1087,607,47.1806335449219,"1"
"species",82,82,1245,456,69.6078414916992,"4"
"species",83,83,1257,476,164.26042175293,"2"
"species",84,84,1143,454,82.9152374267578,"4"
"species",85,85,1158,462,73.7972106933594,"1"
"species",86,86,892,602,83.5130767822266,"1"
"species",87,87,1077,487,228.800033569336,"2"
"species",88,88,870,615,95.7044677734375,"4"
"species",89,89,1022,501,38.7746047973633,"1"
"species",90,90,935,571,84.4146347045898,"1"
"species",91,91,1538,514,7.99457311630249,"2"
"species",92,92,1544,594,13.5638847351074,"2"
"species",93,93,1070,496,146.464599609375,"2"
"species",94,94,929,554,845.626220703125,"1"
"species",95,95,860,886,76.5618057250977,"1"
"species",96,96,960,604,159.050857543945,"4"
"species",97,97,916,585,92.9564437866211,"4"
"species",98,98,1329,452,20.9288349151611,"2"
"species",99,99,938,558,434.030548095703,"1"
"species",100,100,832,1028,77.9810256958008,"1"
"species",101,101,922,711,59.1819381713867,"3"
"species",102,102,933,632,69.2006454467773,"1"
"species",103,103,1070,495,143.900543212891,"2"
"species",104,104,1074,497,155.835739135742,"3"
"species",105,105,1079,491,146.625595092773,"4"
"species",106,106,1048,495,146.563049316406,"3"
"species",107,107,1089,498,146.596389770508,"2"
"species",108,108,1098,496,173.115921020508,"1"
"species",109,109,1017,532,509.632080078125,"1"
"species",110,110,1070,499,288.309143066406,"2"
"species",111,111,894,593,79.883056640625,"1"
"species",112,112,859,593,84.1681900024414,"1"
"species",113,113,893,620,72.784309387207,"4"
"species",114,114,894,630,75.0208587646484,"4"
"species",115,115,901,660,83.6288299560547,"1"
"species",116,116,872,663,79.6872024536133,"1"
"species",117,117,1023,504,38.1871681213379,"1"
"species",118,118,885,607,83.6338500976562,"4"
"species",119,119,893,605,111.445602416992,"1"
"species",120,120,995,555,226.575698852539,"4"
"species",121,121,1004,519,884.409729003906,"4"
"species",122,122,1097,497,146.587432861328,"2"
"species",123,123,893,604,72.4451370239258,"1"
"species",124,124,1543,617,31.6483783721924,"2"
"species",125,125,1606,550,8.32851409912109,"2"
"species",126,126,1537,604,26.6780796051025,"2"
"species",127,127,1782,623,24.3189544677734,"2"
"species",128,128,1804,641,47.2207565307617,"2"
"species",129,129,1799,614,104.430213928223,"2"
"species",130,130,1778,612,33.1794281005859,"2"
"species",131,131,1482,502,8.0025110244751,"2"
"species",132,132,1536,535,15.3538837432861,"2"
"species",133,133,1836,605,187.033157348633,"2"
"species",134,134,1076,480,38.774600982666,"2"
"species",135,135,1100,488,337.363342285156,"1"
"species",136,136,1009,499,134.917068481445,"4"
"species",137,137,1164,596,268.058135986328,"4"
"species",138,138,898,587,83.9077835083008,"1"
"species",139,139,960,557,195.198379516602,"4"
"species",140,140,1083,500,150.107208251953,"1"
"species",141,141,929,586,83.513069152832,"4"
"species",142,142,1030,569,98.2231369018555,"4"
"species",143,143,1798,638,47.2207565307617,"2"
"species",144,144,1759,633,24.975564956665,"2"
"species",145,145,1108,494,46.1702079772949,"2"
"species",146,146,1167,474,677.532653808594,"3"
"species",147,147,1525,512,8.32851409912109,"2"
"species",148,148,1108,478,30.9381942749023,"2"
"species",149,149,1176,472,684.615844726562,"4"
"species",150,150,1107,475,158.619705200195,"2"
"species",151,151,1058,473,62.365119934082,"2"
"species",152,152,1097,489,196.37907409668,"5"
"species",153,153,934,755,59.1819343566895,"1"
"species",154,154,1036,654,238.961791992188,"1"
"species",155,155,996,685,44.0877647399902,"1"
"species",156,156,913,562,602.742553710938,"1"
"species",157,157,1107,481,253.322647094727,"1"
"species",158,158,934,547,100.689987182617,"1"
"species",159,159,1330,485,27.281063079834,"6"
"species",160,160,1471,505,15.351731300354,"2"
"species",161,161,891,835,76.5618057250977,"1"
"species",162,162,991,724,44.0877685546875,"1"
"species",163,163,1038,523,332.797729492188,"4"
"species",164,164,1113,471,67.9526977539062,"2"
"species",165,165,1572,576,30.2770385742188,"4"
"species",166,166,1126,472,70.8868255615234,"2"
"species",167,167,1556,589,13.5638847351074,"2"
"species",168,168,1369,455,21.8033542633057,"1"
"species",169,169,972,591,195.55827331543,"4"
"species",170,170,919,576,84.4146347045898,"1"
"species",171,171,1089,474,54.6680488586426,"1"
"species",172,172,1108,457,108.471771240234,"1"
"species",173,173,1028,569,77.8134078979492,"4"
"species",174,174,1067,486,127.14478302002,"1"
"species",175,175,991,749,44.0877685546875,"4"
"species",176,176,809,938,76.5618057250977,"1"
"species",177,177,1437,503,13.8752145767212,"2"
"species",178,178,1315,555,29.3296756744385,"2"
"species",179,179,836,897,64.5519256591797,"1"
"species",180,180,1027,649,223.690246582031,"4"
"species",181,181,1174,510,55.0739784240723,"4"
"species",182,182,974,608,73.5590972900391,"4"
"species",183,183,1097,466,88.0344390869141,"1"
"species",184,184,1231,452,79.292854309082,"1"
"species",185,185,893,559,85.4169387817383,"4"
"species",186,186,1299,548,39.3066482543945,"3"
"species",187,187,1776,645,48.4276313781738,"2"
"species",188,188,1552,621,31.4635143280029,"4"
"species",189,189,1618,556,45.9121856689453,"4"
"species",190,190,1630,625,31.6483783721924,"3"
"species",191,191,919,580,83.513069152832,"4"
"species",192,192,1001,532,271.643859863281,"4"
"species",193,193,1779,634,47.2207565307617,"4"
"species",194,194,1740,610,11.5878553390503,"2"
"species",195,195,1852,609,178.14533996582,"4"
"species",196,196,1798,612,79.7007675170898,"2"
"species",197,197,900,580,84.4146347045898,"1"
"species",198,198,1197,434,7641.16357421875,"5"
"species",199,199,976,615,73.5184631347656,"4"
"species",200,200,1073,630,238.961776733398,"1"
"species",201,201,1025,623,72.7703094482422,"4"
"species",202,202,892,568,83.7335510253906,"1"
"species",203,203,1057,487,103.760345458984,"1"
"species",204,204,1010,654,55.1219329833984,"1"
"species",205,205,968,704,44.0877685546875,"4"
"species",206,206,1782,641,47.2207565307617,"4"
"species",207,207,1573,570,30.2770366668701,"4"
"species",208,208,1110,469,78.8164749145508,"2"
"species",209,209,919,568,84.4146347045898,"1"
"species",210,210,985,499,130.632080078125,"1"
"species",211,211,1106,476,159.741821289062,"2"
"species",212,212,1120,459,88.0344390869141,"4"
"species",213,213,1029,577,69.0961303710938,"4"
"species",214,214,937,543,827.052429199219,"1"
"species",215,215,1080,505,35.1086807250977,"2"
"species",216,216,1110,507,12.2851085662842,"2"
"species",217,217,907,648,83.6362838745117,"1"
"species",218,218,1057,475,88.0344390869141,"4"
"species",219,219,1038,565,92.1555023193359,"1"
"species",220,220,1777,643,47.2207527160645,"4"
"species",221,221,1080,478,54.6680526733398,"1"
"species",222,222,1030,538,62.2483329772949,"4"
"species",223,223,1088,600,129.609710693359,"4"
"species",224,224,986,587,84.7478408813477,"4"
"species",225,225,879,598,129.470123291016,"4"
"species",226,226,1044,592,129.228149414062,"4"
"species",227,227,965,556,183.697875976562,"4"
"species",228,228,1378,590,41.7708511352539,"4"
"species",229,229,1096,605,129.538375854492,"4"
"species",230,230,1042,653,238.961776733398,"4"
"species",231,231,1141,496,15.5990715026855,"2"
"species",232,232,1796,633,47.2207565307617,"4"
"species",233,233,1596,582,30.7580738067627,"2"
"species",234,234,1099,477,164.787124633789,"1"
"species",235,235,1104,505,14.0660123825073,"2"
"species",236,236,1089,471,86.4860916137695,"1"
"species",237,237,1073,509,35.1086807250977,"2"
"species",238,238,966,700,69.2006454467773,"1"
"species",239,239,1863,661,28.7210865020752,"2"
"species",240,240,1198,497,12.2851085662842,"2"
"species",241,241,1558,564,19.6327610015869,"4"
"species",242,242,1086,586,125.806167602539,"1"
"species",243,243,920,594,313.878051757812,"4"
"species",244,244,966,547,158.686813354492,"4"
"species",245,245,1011,514,168.966522216797,"4"
"species",246,246,938,565,198.090774536133,"1"
"species",247,247,849,833,67.9295196533203,"4"
"species",248,248,803,924,76.5618057250977,"4"
"species",249,249,1766,609,36.4315719604492,"2"
"species",250,250,1197,518,12.2851095199585,"2"
"species",251,251,1337,481,16.1109504699707,"2"
"species",252,252,987,574,120.405693054199,"1"
"species",253,253,1592,584,34.1089019775391,"2"
"species",254,254,1034,565,89.748908996582,"1"
"species",255,255,1078,485,54.6680488586426,"4"
"species",256,256,936,759,60.5284652709961,"4"
"species",257,257,889,599,83.513069152832,"1"
"species",258,258,964,545,159.741821289062,"1"
"species",259,259,1162,466,926.984252929688,"2"
"species",260,260,1204,441,7615.6962890625,"5"
"species",261,261,870,578,155.333251953125,"4"
"species",262,262,913,967,59.1819381713867,"1"
"species",263,263,951,910,77.9810180664062,"1"
"species",264,264,1605,587,45.3161201477051,"4"
"species",265,265,1082,480,112.417007446289,"2"
"species",266,266,1176,490,12.2851085662842,"2"
"species",267,267,1089,561,47.3731651306152,"1"
"species",268,268,873,858,76.5618057250977,"1"
"species",269,269,990,763,39.7274856567383,"1"
"species",270,270,1076,473,54.6680526733398,"1"
"species",271,271,1086,538,62.1468391418457,"1"
"species",272,272,1106,474,88.0344390869141,"1"
"species",273,273,1274,497,39.9404716491699,"2"
"species",274,274,991,670,86.853271484375,"1"
"species",275,275,1115,546,48.7409248352051,"1"
"species",276,276,1351,478,16.1109504699707,"2"
"species",277,277,1081,486,54.6680488586426,"1"
"species",278,278,1128,499,66.4852676391602,"1"
"species",279,279,1198,464,80.5115737915039,"1"
"species",280,280,1063,596,129.609710693359,"1"
"species",281,281,1239,454,106.371536254883,"1"
"species",282,282,978,603,71.5932846069336,"1"
"species",283,283,1169,442,931.858154296875,"2"
"species",284,284,1024,522,346.068939208984,"4"
"species",285,285,938,561,97.0738906860352,"1"
"species",286,286,1371,442,19.5668869018555,"2"
"species",287,287,1095,535,710.053161621094,"5"
"species",288,288,1642,565,56.4491729736328,"4"
"species",289,289,920,609,153.234954833984,"1"
"species",290,290,1078,542,4871.93212890625,"5"
"species",291,291,1370,449,21.8033542633057,"2"
"species",292,292,1490,551,15.3538837432861,"2"
"species",293,293,1647,606,13.2312936782837,"2"
"species",294,294,1467,511,15.3538837432861,"2"
"species",295,295,1611,579,45.3161163330078,"2"
"species",296,296,1523,507,7.99457311630249,"2"
"species",297,297,1844,617,45.2908706665039,"4"
"species",298,298,895,610,146.653961181641,"1"
"species",299,299,945,610,155.333251953125,"4"
"species",300,300,1317,477,131.525588989258,"4"
"species",301,301,1250,456,90.9282608032227,"4"
"species",302,302,906,712,69.1455078125,"4"
"species",303,303,897,598,135.272064208984,"4"
"species",304,304,933,630,153.254180908203,"1"
"species",305,305,1064,490,129.688812255859,"1"
"species",306,306,935,555,101.111183166504,"1"
"species",307,307,1135,468,263.444976806641,"3"
"species",308,308,1251,443,8061.51025390625,"5"
"species",309,309,1080,600,187.962844848633,"1"
"species",310,310,1083,576,183.593200683594,"1"
"species",311,311,1236,519,55.0739784240723,"3"
"species",312,312,992,532,86.1829147338867,"4"
"species",313,313,1362,455,38.6800651550293,"2"
"species",314,314,925,981,59.1819381713867,"4"
"species",315,315,978,683,60.2725105285645,"1"
"species",316,316,908,598,114.025398254395,"4"
"species",317,317,1039,490,35.1086769104004,"3"
"species",318,318,999,763,176.495590209961,"4"
"species",319,319,1087,646,38.5946502685547,"1"
"species",320,320,1131,510,595.196838378906,"1"
"species",321,321,1097,490,173.278228759766,"1"
"species",322,322,706,1042,76.5618057250977,"4"
"species",323,323,936,773,76.5618057250977,"1"
"species",324,324,913,607,155.333251953125,"4"
"species",325,325,1210,438,8061.51025390625,"5"
"species",326,326,926,880,77.9810180664062,"1"
"species",327,327,1188,493,12.2851085662842,"3"
"species",328,328,1640,623,17.8472785949707,"2"
"species",329,329,1058,497,109.22191619873,"1"
"species",330,330,1146,500,192.811157226562,"5"
"species",331,331,1792,617,23.9018096923828,"2"
"species",332,332,1116,468,27.3929615020752,"2"
"species",333,333,1166,435,659.147399902344,"2"
"species",334,334,1125,474,126.51261138916,"2"
"species",335,335,1598,621,93.2638168334961,"2"
"species",336,336,1064,499,22.6926345825195,"4"
"species",337,337,1831,591,186.989532470703,"2"
"species",338,338,1033,514,35.1086769104004,"2"
"species",339,339,1059,473,62.3651161193848,"5"
"species",340,340,1818,626,123.158958435059,"2"
"species",341,341,1608,617,31.6483783721924,"4"
"species",342,342,1627,608,31.6483783721924,"2"
"species",343,343,1369,456,21.8033542633057,"2"
"species",344,344,1791,629,11.5878553390503,"2"
"species",345,345,1227,481,161.637451171875,"2"
"species",346,346,1173,456,1114.92114257812,"2"
"species",347,347,1841,589,200.918731689453,"4"
"species",348,348,1605,633,31.648380279541,"4"
"species",349,349,1717,622,17.8032131195068,"4"
"species",350,350,1144,503,285.836822509766,"5"
"species",351,351,952,521,93.1473617553711,"3"
"species",352,352,1063,595,242.657012939453,"4"
"species",353,353,1176,431,1164.94055175781,"2"
"species",354,354,789,1026,76.6122817993164,"4"
"species",355,355,1333,626,29.3296756744385,"1"
"species",356,356,980,678,63.4815444946289,"4"
"species",357,357,1021,570,124.098052978516,"1"
"species",358,358,928,577,188.271255493164,"4"
"species",359,359,1092,528,122.927871704102,"1"
"species",360,360,924,610,155.333251953125,"1"
"species",361,361,964,546,234.305709838867,"1"
"species",362,362,1116,515,57.5138359069824,"4"
"species",363,363,1034,574,124.207229614258,"4"
"species",364,364,1036,686,38.5946502685547,"4"
"species",365,365,935,576,174.074356079102,"4"
"species",366,366,1194,462,107.314193725586,"1"
"species",367,367,1092,483,54.6680526733398,"1"
"species",368,368,953,1000,77.2085418701172,"1"
"species",369,369,936,623,146.653945922852,"4"
"species",370,370,1082,484,54.6895637512207,"1"
"species",371,371,957,615,188.625381469727,"1"
"species",372,372,1824,614,87.8582992553711,"4"
"species",373,373,1453,493,9.269850730896,"2"
"species",374,374,1050,500,146.464599609375,"2"
"species",375,375,1040,660,251.270858764648,"4"
"species",376,376,1161,442,650.972106933594,"5"
"species",377,377,1044,504,286.163421630859,"1"
"species",378,378,1268,524,12.2851085662842,"3"
"species",379,379,1005,507,59.8506851196289,"4"
"species",380,380,1556,566,19.6327610015869,"2"
"species",381,381,1339,454,90.6621017456055,"4"
"species",382,382,1372,463,21.8033542633057,"2"
"species",383,383,1603,587,348.498840332031,"2"
"species",384,384,1074,625,627.505310058594,"1"
"species",385,385,1623,559,45.9121856689453,"4"
"species",386,386,1549,550,8.32851409912109,"1"
"species",387,387,1313,485,42.1458206176758,"2"
"species",388,388,1121,458,62.1432991027832,"2"
