"species","x","y","bio4","bio16","gpw2000_30_sec","simplelc2000"
"species",1,1,1061,492,146.464599609375,"3"
"species",2,2,1059,508,127.341445922852,"4"
"species",3,3,771,1043,76.5618057250977,"2"
"species",4,4,1032,534,95.0354919433594,"4"
"species",5,5,1078,544,4871.93212890625,"5"
"species",6,6,1115,487,345.755889892578,"4"
"species",7,7,969,936,77.794807434082,"1"
"species",8,8,1056,521,109.755096435547,"4"
"species",9,9,1064,499,22.6926345825195,"4"
"species",10,10,1183,449,1043.12109375,"5"
"species",11,11,1201,494,12.2851085662842,"2"
"species",12,12,960,590,155.333251953125,"1"
"species",13,13,919,598,102.726890563965,"4"
"species",14,14,1176,431,1164.94055175781,"2"
"species",15,15,1509,509,7.99457311630249,"2"
"species",16,16,1166,435,659.147399902344,"2"
"species",17,17,924,610,155.333251953125,"1"
"species",18,18,1362,442,10.410608291626,"2"
"species",19,19,959,546,266.476287841797,"1"
"species",20,20,1583,573,45.3161163330078,"4"
"species",21,21,929,606,155.193725585938,"4"
"species",22,22,881,592,141.79670715332,"1"
"species",23,23,942,940,77.9810180664062,"1"
"species",24,24,1051,507,152.490707397461,"1"
"species",25,25,1163,461,104.788383483887,"2"
"species",26,26,1194,455,96.5851974487305,"4"
"species",27,27,1026,495,134.922729492188,"4"
"species",28,28,1081,532,122.911354064941,"1"
"species",29,29,1040,508,155.835739135742,"4"
"species",30,30,1125,492,281.844116210938,"1"
"species",31,31,1204,451,2382.44482421875,"5"
"species",32,32,849,601,103.036224365234,"4"
"species",33,33,999,763,176.495590209961,"4"
"species",34,34,919,550,160.944412231445,"1"
"species",35,35,925,580,190.429168701172,"4"
"species",36,36,1546,562,30.5128440856934,"2"
"species",37,37,1006,619,73.5313034057617,"1"
"species",38,38,1051,502,170.378372192383,"1"
"species",39,39,1171,442,62.1432991027832,"4"
"species",40,40,1027,526,152.196258544922,"4"
"species",41,41,1625,576,368.515075683594,"5"
"species",42,42,1083,576,183.593200683594,"1"
"species",43,43,1143,454,922.254760742188,"2"
"species",44,44,942,562,99.3551406860352,"1"
"species",45,45,1178,440,2465.0966796875,"5"
"species",46,46,1343,459,21.8033542633057,"4"
"species",47,47,1117,478,143.299713134766,"1"
"species",48,48,1092,482,129.529678344727,"3"
"species",49,49,1191,447,5515.67724609375,"5"
"species",50,50,935,555,101.111183166504,"1"
"species",51,51,1059,473,62.3651161193848,"5"
"species",52,52,1222,464,146.987838745117,"4"
"species",53,53,1040,479,263.444976806641,"3"
"species",54,54,935,571,84.4146347045898,"1"
"species",55,55,900,580,84.4146347045898,"1"
"species",56,56,975,550,195.669509887695,"1"
"species",57,57,1203,468,159.563064575195,"4"
"species",58,58,938,558,434.030548095703,"1"
"species",59,59,1556,564,22.4365329742432,"2"
"species",60,60,1553,570,30.2770385742188,"4"
"species",61,61,924,578,201.977874755859,"5"
"species",62,62,1135,466,75.1001815795898,"1"
"species",63,63,1245,456,69.6078414916992,"4"
"species",64,64,1326,486,39.9404716491699,"2"
"species",65,65,1142,460,89.3080291748047,"1"
"species",66,66,892,602,83.5130767822266,"1"
"species",67,67,1077,509,142.360275268555,"1"
"species",68,68,1769,630,47.1974945068359,"2"
"species",69,69,1703,592,45.601921081543,"2"
"species",70,70,1588,543,7.99457311630249,"1"
"species",71,71,1814,645,60.0151519775391,"4"
"species",72,72,1022,501,38.7746047973633,"1"
"species",73,73,1808,648,47.2207565307617,"4"
"species",74,74,1078,595,47.1878356933594,"1"
"species",75,75,1538,514,7.99457311630249,"2"
"species",76,76,1544,594,13.5638847351074,"2"
"species",77,77,1329,452,20.9288349151611,"2"
"species",78,78,1074,497,155.835739135742,"3"
"species",79,79,1048,495,146.563049316406,"3"
"species",80,80,1089,498,146.596389770508,"2"
"species",81,81,1070,499,288.309143066406,"2"
"species",82,82,1016,568,124.19694519043,"1"
"species",83,83,1027,562,101.09935760498,"1"
"species",84,84,995,555,226.575698852539,"4"
"species",85,85,1136,506,56.9827575683594,"3"
"species",86,86,893,605,111.445602416992,"1"
"species",87,87,1038,523,332.797729492188,"4"
"species",88,88,893,604,72.4451370239258,"1"
"species",89,89,1144,503,285.836822509766,"5"
"species",90,90,904,599,107.036804199219,"4"
"species",91,91,1020,551,89.7815017700195,"5"
"species",92,92,1042,653,238.961776733398,"4"
"species",93,93,1543,617,31.6483783721924,"2"
"species",94,94,1625,596,31.6483783721924,"1"
"species",95,95,1550,604,17.1533126831055,"2"
"species",96,96,1537,604,26.6780796051025,"2"
"species",97,97,1782,623,24.3189544677734,"2"
"species",98,98,1803,643,47.2207565307617,"2"
"species",99,99,1028,492,22.6926345825195,"4"
"species",100,100,1778,612,33.1794281005859,"2"
"species",101,101,1767,628,46.855354309082,"4"
"species",102,102,1482,502,8.0025110244751,"2"
"species",103,103,1477,503,11.0603828430176,"4"
"species",104,104,1100,488,337.363342285156,"1"
"species",105,105,1009,499,134.917068481445,"4"
"species",106,106,1164,596,268.058135986328,"4"
"species",107,107,870,615,95.7044677734375,"4"
"species",108,108,1091,601,47.1806297302246,"4"
"species",109,109,1740,610,11.5878553390503,"2"
"species",110,110,1369,455,21.8033542633057,"1"
"species",111,111,1126,507,103.315734863281,"3"
"species",112,112,952,555,159.741821289062,"4"
"species",113,113,1197,518,12.2851095199585,"2"
"species",114,114,1471,505,15.351731300354,"2"
"species",115,115,1108,494,46.1702079772949,"2"
"species",116,116,1167,474,677.532653808594,"3"
"species",117,117,960,604,159.050857543945,"4"
"species",118,118,1798,638,47.2207565307617,"2"
"species",119,119,1759,633,24.975564956665,"2"
"species",120,120,1077,487,228.800033569336,"2"
"species",121,121,907,648,83.6362838745117,"1"
"species",122,122,929,586,83.513069152832,"4"
"species",123,123,1106,476,159.741821289062,"2"
"species",124,124,1099,466,59.4226303100586,"1"
"species",125,125,1074,569,124.207229614258,"4"
"species",126,126,1796,633,47.2207565307617,"4"
"species",127,127,1126,472,70.8868255615234,"2"
"species",128,128,1573,570,30.2770366668701,"4"
"species",129,129,1150,485,410.988037109375,"4"
"species",130,130,891,835,76.5618057250977,"1"
"species",131,131,1054,627,261.49072265625,"4"
"species",132,132,964,599,155.333251953125,"1"
"species",133,133,964,551,103.642074584961,"1"
"species",134,134,1478,503,8.22598171234131,"2"
"species",135,135,1863,661,28.7210865020752,"2"
"species",136,136,1299,548,39.3066482543945,"3"
"species",137,137,1771,629,39.9948844909668,"4"
"species",138,138,1607,599,31.648380279541,"2"
"species",139,139,1525,512,8.32851409912109,"2"
"species",140,140,1076,480,38.774600982666,"2"
"species",141,141,1330,485,27.281063079834,"6"
"species",142,142,1552,621,31.4635143280029,"4"
"species",143,143,974,608,73.5590972900391,"4"
"species",144,144,969,610,155.333251953125,"1"
"species",145,145,883,605,83.513069152832,"4"
"species",146,146,1592,584,34.1089019775391,"2"
"species",147,147,1050,557,90.0100708007812,"1"
"species",148,148,1038,507,159.998031616211,"1"
"species",149,149,1044,472,439.188049316406,"4"
"species",150,150,1044,512,310.038909912109,"1"
"species",151,151,913,562,602.742553710938,"1"
"species",152,152,1120,591,242.694290161133,"5"
"species",153,153,966,547,158.686813354492,"4"
"species",154,154,898,587,83.9077835083008,"1"
"species",155,155,1023,504,38.1871681213379,"1"
"species",156,156,1070,495,143.900543212891,"2"
"species",157,157,1437,503,13.8752145767212,"2"
"species",158,158,919,576,84.4146347045898,"1"
"species",159,159,1197,434,7641.16357421875,"5"
"species",160,160,1216,467,61.9662437438965,"4"
"species",161,161,1107,481,253.322647094727,"1"
"species",162,162,1067,498,155.835739135742,"3"
"species",163,163,1231,452,79.292854309082,"1"
"species",164,164,1528,561,54.9546585083008,"5"
"species",165,165,938,565,198.090774536133,"1"
"species",166,166,1314,554,51.1525650024414,"3"
"species",167,167,1185,456,65.3426971435547,"4"
"species",168,168,1135,509,56.9827575683594,"1"
"species",169,169,1069,482,146.261444091797,"2"
"species",170,170,922,569,84.4146347045898,"1"
"species",171,171,964,545,159.741821289062,"1"
"species",172,172,1198,497,12.2851085662842,"2"
"species",173,173,893,611,83.513069152832,"4"
"species",174,174,997,544,208.110961914062,"1"
"species",175,175,937,543,827.052429199219,"1"
"species",176,176,939,565,120.189315795898,"4"
"species",177,177,1516,622,29.2032642364502,"2"
"species",178,178,1514,544,15.3538837432861,"1"
"species",179,179,1802,647,47.4549713134766,"2"
"species",180,180,1545,515,8.32851409912109,"2"
"species",181,181,1351,571,59.3752670288086,"4"
"species",182,182,919,568,84.4146347045898,"1"
"species",183,183,1096,472,64.5826110839844,"2"
"species",184,184,1156,516,12.2851085662842,"2"
"species",185,185,1118,505,12.2851085662842,"2"
"species",186,186,1771,627,27.2315063476562,"2"
"species",187,187,1346,567,42.3654556274414,"4"
"species",188,188,1545,561,24.6760349273682,"2"
"species",189,189,1605,579,30.2770366668701,"2"
"species",190,190,1527,513,8.17764377593994,"4"
"species",191,191,1560,586,13.5638847351074,"2"
"species",192,192,1626,575,19.6327610015869,"2"
"species",193,193,1520,521,7.99457311630249,"2"
"species",194,194,1777,643,47.2207527160645,"4"
"species",195,195,1460,508,15.1495704650879,"2"
"species",196,196,919,580,83.513069152832,"4"
"species",197,197,1001,532,271.643859863281,"4"
"species",198,198,972,591,195.55827331543,"4"
"species",199,199,1111,472,62.365119934082,"4"
"species",200,200,889,599,83.513069152832,"1"
"species",201,201,916,585,92.9564437866211,"4"
"species",202,202,924,595,78.9452438354492,"1"
"species",203,203,925,637,69.2006454467773,"4"
"species",204,204,925,565,283.227844238281,"4"
"species",205,205,1097,466,88.0344390869141,"1"
"species",206,206,1108,457,108.471771240234,"1"
"species",207,207,1013,568,44.0877647399902,"1"
"species",208,208,899,585,281.397827148438,"1"
"species",209,209,941,581,83.8386993408203,"4"
"species",210,210,1741,609,23.9018096923828,"4"
"species",211,211,1777,612,36.4315757751465,"2"
"species",212,212,1096,468,87.8468322753906,"1"
"species",213,213,986,587,84.7478408813477,"4"
"species",214,214,1776,645,48.4276313781738,"2"
"species",215,215,1787,643,47.2207527160645,"4"
"species",216,216,1097,489,196.37907409668,"5"
"species",217,217,1044,592,129.228149414062,"4"
"species",218,218,887,608,95.7269744873047,"1"
"species",219,219,938,672,69.091911315918,"4"
"species",220,220,1043,610,82.2531967163086,"3"
"species",221,221,966,608,177.652282714844,"1"
"species",222,222,956,805,76.3357162475586,"4"
"species",223,223,965,556,183.697875976562,"4"
"species",224,224,894,593,79.883056640625,"1"
"species",225,225,1110,507,12.2851085662842,"2"
"species",226,226,1109,464,88.0344390869141,"1"
"species",227,227,1011,514,168.966522216797,"4"
"species",228,228,1089,471,86.4860916137695,"1"
"species",229,229,892,592,84.3945083618164,"1"
"species",230,230,1073,509,35.1086807250977,"2"
"species",231,231,966,700,69.2006454467773,"1"
"species",232,232,1120,459,88.0344390869141,"4"
"species",233,233,938,581,72.4451446533203,"4"
"species",234,234,1005,552,62.2483329772949,"1"
"species",235,235,936,650,69.2006454467773,"4"
"species",236,236,987,574,120.405693054199,"1"
"species",237,237,1034,565,89.748908996582,"1"
"species",238,238,1065,477,87.8223419189453,"1"
"species",239,239,1025,648,238.961791992188,"5"
"species",240,240,1002,674,80.1623229980469,"4"
"species",241,241,1065,600,129.609710693359,"1"
"species",242,242,826,1042,77.2446212768555,"1"
"species",243,243,1798,612,79.7007675170898,"2"
"species",244,244,1151,506,12.2851085662842,"2"
"species",245,245,1779,634,47.2207565307617,"4"
"species",246,246,985,499,130.632080078125,"1"
"species",247,247,1572,576,30.2770385742188,"4"
"species",248,248,1530,510,8.32851314544678,"2"
"species",249,249,1782,641,47.2207565307617,"4"
"species",250,250,1110,469,78.8164749145508,"2"
"species",251,251,960,698,66.825927734375,"4"
"species",252,252,880,624,94.3283538818359,"5"
"species",253,253,890,647,81.6398696899414,"4"
"species",254,254,1078,485,54.6680488586426,"4"
"species",255,255,1104,574,47.9212760925293,"1"
"species",256,256,1555,558,54.9546585083008,"1"
"species",257,257,1523,507,7.99457311630249,"2"
"species",258,258,1356,474,69.3124694824219,"4"
"species",259,259,1073,630,238.961776733398,"1"
"species",260,260,1128,476,27.3929615020752,"2"
"species",261,261,1160,471,27.3929615020752,"1"
"species",262,262,1204,447,143.118606567383,"4"
"species",263,263,1146,455,62.1432991027832,"1"
"species",264,264,1051,470,243.927993774414,"4"
"species",265,265,973,610,73.5593872070312,"4"
"species",266,266,1082,480,112.417007446289,"2"
"species",267,267,1089,561,47.3731651306152,"1"
"species",268,268,873,858,76.5618057250977,"1"
"species",269,269,990,763,39.7274856567383,"1"
"species",270,270,1326,489,39.9404716491699,"2"
"species",271,271,1076,473,54.6680526733398,"1"
"species",272,272,1086,538,62.1468391418457,"1"
"species",273,273,1106,474,88.0344390869141,"1"
"species",274,274,1274,497,39.9404716491699,"2"
"species",275,275,991,670,86.853271484375,"1"
"species",276,276,1115,546,48.7409248352051,"1"
"species",277,277,1351,478,16.1109504699707,"2"
"species",278,278,1081,486,54.6680488586426,"1"
"species",279,279,1128,499,66.4852676391602,"1"
"species",280,280,1198,464,80.5115737915039,"1"
"species",281,281,1063,596,129.609710693359,"1"
"species",282,282,1239,454,106.371536254883,"1"
"species",283,283,1204,443,62.1432991027832,"2"
"species",284,284,1051,505,155.835739135742,"1"
"species",285,285,1169,442,931.858154296875,"2"
"species",286,286,1045,544,96.8656921386719,"1"
"species",287,287,1826,592,75.3985137939453,"4"
"species",288,288,1367,479,111.174736022949,"2"
"species",289,289,1371,442,19.5668869018555,"2"
"species",290,290,1261,480,28.0261325836182,"2"
"species",291,291,1836,657,83.8414916992188,"2"
"species",292,292,1337,469,64.6427383422852,"4"
"species",293,293,920,609,153.234954833984,"1"
"species",294,294,897,598,135.272064208984,"4"
"species",295,295,1251,443,8061.51025390625,"5"
"species",296,296,893,602,155.333251953125,"1"
"species",297,297,903,618,146.653961181641,"4"
"species",298,298,962,531,101.111183166504,"4"
"species",299,299,878,550,85.4346923828125,"4"
"species",300,300,1147,447,153.972564697266,"1"
"species",301,301,1090,590,242.657012939453,"4"
"species",302,302,1078,542,4871.93212890625,"5"
"species",303,303,1213,447,7595.47021484375,"5"
"species",304,304,1045,539,1676.75842285156,"4"
"species",305,305,1370,449,21.8033542633057,"2"
"species",306,306,1490,551,15.3538837432861,"2"
"species",307,307,1647,606,13.2312936782837,"2"
"species",308,308,1467,511,15.3538837432861,"2"
"species",309,309,1611,579,45.3161163330078,"2"
"species",310,310,1844,617,45.2908706665039,"4"
"species",311,311,1204,441,7615.6962890625,"5"
"species",312,312,987,626,188.625381469727,"4"
"species",313,313,1369,456,21.8033542633057,"2"
"species",314,314,895,610,146.653961181641,"1"
"species",315,315,706,1042,76.5618057250977,"4"
"species",316,316,923,590,78.6185455322266,"1"
"species",317,317,1333,544,13.6210460662842,"3"
"species",318,318,964,546,234.305709838867,"1"
"species",319,319,957,615,188.625381469727,"1"
"species",320,320,1478,558,23.8291702270508,"4"
"species",321,321,1363,474,69.4097366333008,"4"
"species",322,322,1028,499,129.354309082031,"1"
"species",323,323,906,712,69.1455078125,"4"
"species",324,324,933,630,153.254180908203,"1"
"species",325,325,1064,490,129.688812255859,"1"
"species",326,326,1135,468,263.444976806641,"3"
"species",327,327,1527,568,42.7215576171875,"4"
"species",328,328,1339,454,90.6621017456055,"4"
"species",329,329,1485,494,7.99457311630249,"4"
"species",330,330,1131,510,595.196838378906,"1"
"species",331,331,1077,516,122.927871704102,"1"
"species",332,332,1116,468,27.3929615020752,"2"
"species",333,333,1318,550,27.9818267822266,"3"
"species",334,334,1800,618,78.4938507080078,"4"
"species",335,335,1278,506,16.6493606567383,"5"
"species",336,336,935,576,174.074356079102,"4"
"species",337,337,1010,499,112.895240783691,"5"
"species",338,338,973,548,266.476287841797,"5"
"species",339,339,1063,595,242.657012939453,"4"
"species",340,340,1012,566,195.669525146484,"1"
"species",341,341,779,1054,76.5618057250977,"2"
"species",342,342,1061,467,232.639801025391,"4"
"species",343,343,1081,622,1006.64916992188,"4"
"species",344,344,841,600,141.583236694336,"4"
"species",345,345,1804,641,47.2207527160645,"4"
"species",346,346,1482,516,8.01048278808594,"2"
"species",347,347,1696,636,24.975564956665,"2"
"species",348,348,1765,643,48.0399589538574,"2"
"species",349,349,1577,536,8.32851409912109,"4"
"species",350,350,1848,606,187.033157348633,"4"
"species",351,351,1605,633,31.648380279541,"4"
"species",352,352,1680,582,47.5090103149414,"4"
"species",353,353,1716,638,24.975564956665,"4"
"species",354,354,1309,534,20.4771404266357,"2"
"species",355,355,1807,644,79.4317092895508,"2"
"species",356,356,935,551,99.9011688232422,"1"
"species",357,357,1814,602,83.5577087402344,"2"
"species",358,358,1615,629,31.6483783721924,"4"
"species",359,359,1518,560,52.3978805541992,"4"
"species",360,360,1750,631,12.0262975692749,"4"
"species",361,361,1481,516,15.3538837432861,"4"
"species",362,362,1161,442,650.972106933594,"5"
"species",363,363,1814,617,184.334182739258,"4"
"species",364,364,1347,564,59.3752670288086,"2"
"species",365,365,1165,441,62.1432952880859,"2"
"species",366,366,1578,626,31.648380279541,"4"
"species",367,367,1684,583,47.5090103149414,"4"
"species",368,368,1148,507,56.9827575683594,"3"
"species",369,369,1645,568,296.241516113281,"4"
"species",370,370,1524,558,54.9546585083008,"4"
"species",371,371,1647,607,73.7905044555664,"2"
"species",372,372,1614,611,93.1315689086914,"2"
"species",373,373,1765,622,62.730640411377,"2"
"species",374,374,1287,538,12.2851095199585,"3"
"species",375,375,1202,424,2584.28857421875,"5"
"species",376,376,1501,506,7.99457311630249,"4"
"species",377,377,1495,504,7.99457311630249,"2"
"species",378,378,1326,571,37.4480628967285,"2"
"species",379,379,1169,455,119.058074951172,"4"
"species",380,380,1147,544,68.3031005859375,"4"
"species",381,381,1235,459,1147.59704589844,"2"
"species",382,382,1040,535,62.2483367919922,"5"
"species",383,383,1012,505,35.1086807250977,"2"
"species",384,384,1227,481,161.637451171875,"2"
"species",385,385,1179,479,66.4852600097656,"1"
"species",386,386,969,603,71.5930633544922,"1"
"species",387,387,908,598,114.025398254395,"4"
"species",388,388,925,580,183.14533996582,"1"
"species",389,389,1097,490,173.278228759766,"1"
"species",390,390,1033,514,35.1086769104004,"2"
"species",391,391,1025,561,87.8834075927734,"1"
"species",392,392,1099,486,296.967590332031,"5"
"species",393,393,1106,576,48.7409210205078,"4"
"species",394,394,1034,488,38.7746047973633,"4"
"species",395,395,1625,580,368.515075683594,"2"
"species",396,396,1159,530,56.9762306213379,"1"
"species",397,397,1683,586,47.5090103149414,"1"
"species",398,398,964,551,138.214370727539,"1"
"species",399,399,933,708,69.2006530761719,"4"
"species",400,400,1019,590,223.80924987793,"5"
"species",401,401,992,532,86.1829147338867,"4"
"species",402,402,1072,620,520.220336914062,"1"
"species",403,403,1792,617,23.9018096923828,"2"
"species",404,404,905,559,263.089691162109,"4"
"species",405,405,1192,460,104.665092468262,"3"
"species",406,406,993,621,188.625381469727,"1"
"species",407,407,926,880,77.9810180664062,"1"
"species",408,408,1080,600,187.962844848633,"1"
"species",409,409,1181,561,56.8976173400879,"1"
"species",410,410,995,561,83.513069152832,"4"
"species",411,411,920,607,78.6185455322266,"4"
"species",412,412,923,560,84.4146347045898,"1"
"species",413,413,1006,650,55.1219367980957,"1"
"species",414,414,1048,522,69.7099914550781,"4"
"species",415,415,854,601,153.254180908203,"5"
"species",416,416,891,606,141.598220825195,"1"
"species",417,417,1077,566,48.7409248352051,"4"
"species",418,418,1477,513,15.3538837432861,"2"
"species",419,419,1268,524,12.2851085662842,"3"
"species",420,420,1617,585,368.515045166016,"2"
"species",421,421,900,588,84.4146347045898,"1"
"species",422,422,1824,614,87.8582992553711,"4"
"species",423,423,1453,493,9.269850730896,"2"
"species",424,424,1096,559,48.7409248352051,"4"
"species",425,425,1608,617,31.6483783721924,"4"
"species",426,426,1603,587,348.498840332031,"2"
"species",427,427,1066,557,268.058135986328,"1"
"species",428,428,1115,475,70.8868255615234,"2"
"species",429,429,1132,459,62.1432952880859,"2"
"species",430,430,1152,463,70.7800827026367,"2"
"species",431,431,1129,469,70.8868255615234,"2"
"species",432,432,1552,625,31.6196022033691,"2"
"species",433,433,1329,558,54.8696632385254,"2"
"species",434,434,1120,472,27.3929615020752,"2"
"species",435,435,1137,461,70.8868255615234,"4"
"species",436,436,1637,584,24.0595264434814,"2"
"species",437,437,1549,550,8.32851409912109,"1"
"species",438,438,1038,589,216.318405151367,"4"
"species",439,439,1121,458,62.1432991027832,"2"
"species",440,440,1532,560,45.8973770141602,"2"
