"species","x","y","bio4","bio16","gpw2000_30_sec","swa_2000lulc_2km"
"species",1,1,1382,439,21.2338626394598,"2"
"species",2,2,1191,447,4778.3535200576,"13"
"species",3,3,919,598,104.534336426432,"8"
"species",4,4,1060,476,70.5282521932162,"2"
"species",5,5,771,1043,76.5618060777585,"31"
"species",6,6,886,598,78.6544271707534,"21"
"species",7,7,924,610,155.304796770209,"1"
"species",8,8,1087,551,120.577222399776,"1"
"species",9,9,1162,466,906.548761773835,"2"
"species",10,10,1356,474,68.7133447733556,"8"
"species",11,11,1096,495,173.278223022819,"21"
"species",12,12,1178,440,2209.05704646396,"13"
"species",13,13,1298,582,29.3027323633551,"1"
"species",14,14,1340,455,18.6894852829376,"2"
"species",15,15,1296,453,90.692136861386,"2"
"species",16,16,1047,522,62.302705369873,"1"
"species",17,17,1384,454,10.5971018143449,"8"
"species",18,18,929,606,155.190992087121,"8"
"species",19,19,883,586,81.4365999391549,"21"
"species",20,20,1078,544,4871.93225622177,"13"
"species",21,21,1546,562,32.059898383984,"2"
"species",22,22,1176,490,12.3009483870196,"2"
"species",23,23,945,581,71.5930671021342,"21"
"species",24,24,1026,495,133.166006989701,"8"
"species",25,25,935,555,100.991320170463,"21"
"species",26,26,1417,487,16.1109505388886,"8"
"species",27,27,1313,557,29.3296754769981,"3"
"species",28,28,1524,558,54.9196268990522,"8"
"species",29,29,1682,601,23.9018098041415,"15"
"species",30,30,1292,453,90.8242326006492,"2"
"species",31,31,1166,456,104.99183012577,"13"
"species",32,32,1737,599,28.0987654156817,"8"
"species",33,33,1329,556,29.3296751659364,"2"
"species",34,34,1626,605,82.394074404025,"8"
"species",35,35,1339,557,31.9901802628157,"9"
"species",36,36,1634,605,62.3725639817463,"8"
"species",37,37,1200,451,81.9851063638925,"21"
"species",38,38,1767,601,31.9223899530294,"2"
"species",39,39,1708,606,16.2611567860988,"2"
"species",40,40,1777,610,36.431572817266,"8"
"species",41,41,1765,606,30.7803964956328,"2"
"species",42,42,1730,605,23.2084040781041,"2"
"species",43,43,1822,598,187.033163636923,"8"
"species",44,44,1793,612,36.4315731041133,"8"
"species",45,45,1701,617,13.3724341290072,"15"
"species",46,46,1712,597,38.4321916759977,"8"
"species",47,47,1733,629,13.3724335832521,"2"
"species",48,48,1729,597,23.9018100202084,"2"
"species",49,49,1647,607,73.6202957387266,"2"
"species",50,50,1791,615,36.4315737895668,"2"
"species",51,51,1213,475,31.4841169212013,"2"
"species",52,52,1484,514,7.99457305110991,"2"
"species",53,53,1728,601,35.2308406882031,"2"
"species",54,54,1703,598,23.9285175688534,"2"
"species",55,55,1276,454,92.2522367016212,"2"
"species",56,56,935,571,84.4146363884211,"21"
"species",57,57,975,550,201.99499681437,"21"
"species",58,58,1100,602,47.1806308813393,"1"
"species",59,59,1556,564,22.5982698662794,"2"
"species",60,60,1027,550,79.7171423872964,"8"
"species",61,61,1181,461,147.182055457371,"21"
"species",62,62,1216,467,85.1830618775173,"8"
"species",63,63,1184,451,81.9851063042879,"21"
"species",64,64,1329,452,20.8072509515311,"2"
"species",65,65,1302,552,29.3296753764153,"15"
"species",66,66,1350,460,27.7559165197993,"2"
"species",67,67,1203,468,151.212776261441,"8"
"species",68,68,1342,464,42.8121437061452,"2"
"species",69,69,938,558,384.186366996856,"21"
"species",70,70,1369,455,21.8033539541066,"15"
"species",71,71,1522,544,15.3538834210485,"2"
"species",72,72,1568,572,30.2770376820117,"8"
"species",73,73,930,551,84.6945284679006,"21"
"species",74,74,1126,472,70.8868263587355,"2"
"species",75,75,1098,496,173.230301633486,"21"
"species",76,76,1022,501,39.0017192774239,"21"
"species",77,77,1136,506,59.8715104887998,"9"
"species",78,78,893,605,111.454305238983,"21"
"species",79,79,1038,523,322.500504433583,"8"
"species",80,80,1110,581,257.52711601494,"21"
"species",81,81,916,585,96.6923481762123,"8"
"species",82,82,929,586,83.5130716860294,"8"
"species",83,83,1070,495,142.621888868988,"2"
"species",84,84,893,604,72.4451400637627,"21"
"species",85,85,1144,503,285.836834281683,"13"
"species",86,86,904,599,107.715783923677,"8"
"species",87,87,1020,551,89.5973000338424,"13"
"species",88,88,1042,653,238.961779713631,"8"
"species",89,89,1077,509,142.070050978245,"21"
"species",90,90,1543,617,31.6483792159706,"2"
"species",91,91,1527,513,8.19221740728354,"8"
"species",92,92,1537,604,26.9378393491442,"2"
"species",93,93,1783,641,47.2207547947764,"8"
"species",94,94,1550,604,17.2328880637665,"2"
"species",95,95,1405,493,15.7690338735744,"2"
"species",96,96,1068,488,377.027801322831,"8"
"species",97,97,1106,480,255.540195069514,"2"
"species",98,98,1164,596,268.058144281308,"8"
"species",99,99,870,615,95.7044690623879,"8"
"species",100,100,1197,518,12.2851089350879,"2"
"species",101,101,1471,505,15.2223088237981,"2"
"species",102,102,1111,472,61.6237139630752,"2"
"species",103,103,892,602,83.5130732506514,"1"
"species",104,104,1802,647,47.8568566887797,"2"
"species",105,105,1070,499,281.125082717739,"2"
"species",106,106,1054,627,270.643086369876,"8"
"species",107,107,1091,601,47.1806311607361,"8"
"species",108,108,964,599,155.333253622055,"1"
"species",109,109,964,551,105.407848768402,"21"
"species",110,110,1022,504,35.1086791008711,"8"
"species",111,111,1796,633,47.1156765409048,"8"
"species",112,112,958,705,69.2006492391229,"21"
"species",113,113,1552,621,31.2509430814643,"8"
"species",114,114,1556,589,13.5787339424716,"2"
"species",115,115,938,565,167.324439927331,"1"
"species",116,116,1538,514,8.00364848133137,"2"
"species",117,117,1023,504,37.7663246187685,"21"
"species",118,118,1176,472,696.131098663919,"8"
"species",119,119,934,547,100.886460632116,"21"
"species",120,120,891,835,76.5618059709668,"1"
"species",121,121,991,724,44.0877671539783,"1"
"species",122,122,1077,487,217.830595209639,"2"
"species",123,123,1521,607,29.2081178929672,"8"
"species",124,124,1545,561,24.9279500663015,"2"
"species",125,125,995,499,131.804445728871,"21"
"species",126,126,898,587,83.8812415821134,"21"
"species",127,127,1573,570,30.277037570253,"8"
"species",128,128,1607,599,31.6483797542751,"2"
"species",129,129,1330,485,27.7750494815295,"99"
"species",130,130,1076,480,38.7746027521789,"2"
"species",131,131,1138,505,148.542560577393,"9"
"species",132,132,1052,582,243.210620931599,"8"
"species",133,133,985,499,130.557835750315,"21"
"species",134,134,892,568,83.7265672609595,"1"
"species",135,135,889,599,83.5130732804537,"21"
"species",136,136,1097,466,88.0344362929463,"21"
"species",137,137,982,674,97.1699843555689,"1"
"species",138,138,945,553,90.3193009862471,"21"
"species",139,139,1086,586,125.47870058582,"21"
"species",140,140,883,605,83.5352247953402,"8"
"species",141,141,1141,496,15.7846008691268,"2"
"species",142,142,1010,654,61.3606121771674,"21"
"species",143,143,968,704,44.0877679847181,"8"
"species",144,144,974,608,73.5591972321272,"8"
"species",145,145,1741,609,23.9018095936626,"8"
"species",146,146,1777,612,36.4315739683807,"2"
"species",147,147,1852,609,176.854261729163,"8"
"species",148,148,1766,609,35.9207258988501,"2"
"species",149,149,1787,643,47.2207545414567,"8"
"species",150,150,1337,481,16.1109504252672,"2"
"species",151,151,1197,434,7474.92333781734,"13"
"species",152,152,941,581,84.151397392189,"8"
"species",153,153,1099,477,165.039366231035,"21"
"species",154,154,1057,475,88.0344379469752,"8"
"species",155,155,1052,564,115.067285270926,"21"
"species",156,156,965,556,186.408217311595,"8"
"species",157,157,894,593,79.7593071087815,"21"
"species",158,158,933,632,69.2006479650736,"1"
"species",159,159,1023,493,35.4062486123486,"2"
"species",160,160,977,692,97.1699838712811,"78"
"species",161,161,1110,507,12.315577311445,"2"
"species",162,162,1342,486,16.1109505742788,"2"
"species",163,163,937,543,806.290589398189,"21"
"species",164,164,1097,489,197.977926503695,"13"
"species",165,165,1073,505,35.1086786463857,"2"
"species",166,166,1437,503,13.725075202376,"2"
"species",167,167,1572,576,30.2770382035524,"8"
"species",168,168,1110,469,78.3151115960733,"2"
"species",169,169,826,916,76.5618055537343,"8"
"species",170,170,1034,626,136.421027823579,"21"
"species",171,171,1104,574,47.9977731481575,"21"
"species",172,172,919,550,165.108220991303,"21"
"species",173,173,990,763,39.9390476902274,"21"
"species",174,174,873,858,76.5618061572313,"1"
"species",175,175,1367,479,107.224513940169,"2"
"species",176,176,1076,473,54.6680506318808,"1"
"species",177,177,1086,538,62.1468408405781,"1"
"species",178,178,1106,474,88.0344391837716,"1"
"species",179,179,1274,497,39.9404731355608,"2"
"species",180,180,991,670,85.847209631669,"1"
"species",181,181,1115,546,48.7409245334566,"1"
"species",182,182,1351,478,16.1109505612403,"2"
"species",183,183,1128,499,66.4852636307478,"1"
"species",184,184,1081,486,54.6694134548314,"1"
"species",185,185,1198,464,83.3472274008163,"21"
"species",186,186,1063,596,129.609715506434,"1"
"species",187,187,1239,454,104.970841154939,"21"
"species",188,188,1509,558,54.81900195398,"8"
"species",189,189,1741,602,26.6001352663918,"2"
"species",190,190,1752,606,32.8222710542878,"2"
"species",191,191,1791,613,36.431574318558,"2"
"species",192,192,1733,603,23.1764067206296,"2"
"species",193,193,1638,601,55.1236511320465,"2"
"species",194,194,1707,595,23.9018097203225,"2"
"species",195,195,1698,613,13.3724337769672,"2"
"species",196,196,1643,600,57.7214415868985,"8"
"species",197,197,1315,559,30.9367647955779,"2"
"species",198,198,1254,455,105.338016099623,"21"
"species",199,199,1171,456,106.892201304561,"8"
"species",200,200,1479,508,7.9961726991468,"2"
"species",201,201,1199,451,81.9851076230407,"21"
"species",202,202,1017,555,83.2325132015928,"31"
"species",203,203,1024,522,323.655341917328,"8"
"species",204,204,1085,571,48.740924321115,"8"
"species",205,205,1329,462,33.7750768606241,"2"
"species",206,206,1362,442,11.4750003006649,"2"
"species",207,207,1836,657,83.8414892703295,"2"
"species",208,208,920,609,151.918412939029,"1"
"species",209,209,1173,456,104.903654135792,"2"
"species",210,210,868,606,137.765520533321,"8"
"species",211,211,1494,502,7.99457290023565,"2"
"species",212,212,905,612,112.94025001015,"21"
"species",213,213,1010,499,111.208333699697,"13"
"species",214,214,1523,507,7.9945728671737,"2"
"species",215,215,1089,561,48.3054570219383,"1"
"species",216,216,964,546,223.088214527917,"1"
"species",217,217,1146,455,62.1432976163924,"1"
"species",218,218,1116,468,27.3929609656334,"2"
"species",219,219,1115,487,427.014916744046,"8"
"species",220,220,1014,500,35.1086792014539,"2"
"species",221,221,1369,456,21.8033536616713,"2"
"species",222,222,1520,559,48.0304022575221,"8"
"species",223,223,1628,600,93.2638202980161,"15"
"species",224,224,1226,469,28.0261338762939,"2"
"species",225,225,1213,447,6978.69307396515,"13"
"species",226,226,926,880,77.9810217544436,"1"
"species",227,227,1490,551,15.3538834964856,"2"
"species",228,228,1090,573,48.7409239932895,"1"
"species",229,229,1080,489,146.464595392346,"2"
"species",230,230,1318,550,29.9439172729775,"9"
"species",231,231,1061,492,146.464593266447,"9"
"species",232,232,925,981,59.1819366216659,"8"
"species",233,233,1804,641,47.2207539305091,"8"
"species",234,234,1509,509,7.99457306601107,"2"
"species",235,235,1105,472,115.311483831838,"21"
"species",236,236,1125,467,70.5098244287056,"2"
"species",237,237,1635,575,368.515058219433,"13"
"species",238,238,1064,499,22.6926351059228,"8"
"species",239,239,1483,495,7.99457299849018,"2"
"species",240,240,1608,617,31.6483794748783,"8"
"species",241,241,1046,516,84.6622892979372,"8"
"species",242,242,1371,442,18.8938369400052,"2"
"species",243,243,1065,509,155.835730493069,"21"
"species",244,244,1669,632,24.691207092223,"2"
"species",245,245,1086,536,370.942941843021,"8"
"species",246,246,925,580,174.671046369969,"21"
"species",247,247,1079,489,96.4864620693641,"1"
"species",248,248,1363,474,69.8443288405964,"8"
"species",249,249,1813,601,208.561102695262,"8"
"species",250,250,895,586,133.498057928594,"8"
"species",251,251,1097,490,173.278222680092,"21"
"species",252,252,1188,493,12.2851083995774,"9"
"species",253,253,1475,494,10.9899960047601,"3"
"species",254,254,1125,492,282.603847504154,"21"
"species",255,255,1102,498,170.878170349744,"8"
"species",256,256,952,521,93.9750591426943,"9"
"species",257,257,1063,595,241.844744250128,"8"
"species",258,258,992,532,86.1829177811742,"8"
"species",259,259,1080,600,184.574490365929,"21"
"species",260,260,1181,561,56.899576380811,"21"
"species",261,261,995,561,83.5130710080266,"8"
"species",262,262,920,607,78.618545204401,"8"
"species",263,263,923,560,84.4146348908544,"21"
"species",264,264,1006,650,55.1219362914562,"21"
"species",265,265,1053,518,98.5825231102077,"8"
"species",266,266,854,601,153.254181489348,"13"
"species",267,267,891,606,141.477821057224,"1"
"species",268,268,1077,566,48.7409241758287,"8"
"species",269,269,1617,585,368.515054285526,"2"
"species",270,270,1603,587,339.511108735423,"2"
"species",271,271,1539,640,36.5191206708551,"2"
"species",272,272,1642,565,50.3564276984964,"14"
"species",273,273,1806,616,156.273425629923,"8"
"species",274,274,1829,595,75.6105700060725,"8"
"species",275,275,1806,654,56.2766559709865,"8"
"species",276,276,1820,629,121.017910666581,"8"
"species",277,277,1811,632,123.158951513469,"8"
"species",278,278,1712,636,24.9755643941462,"8"
"species",279,279,1869,596,79.7208841506023,"8"
"species",280,280,1826,613,268.920480475194,"8"
"species",281,281,1825,602,187.033162519336,"8"
"species",282,282,1807,644,81.103418759127,"2"
"species",283,283,1261,480,28.0261333286762,"2"
"species",284,284,1532,560,45.827599678444,"2"
"species",285,285,1081,622,964.787410510709,"8"
