"species","x","y","bio4","bio16","gpw2000_30_sec","swa_2000lulc_2km"
"species",1,1,1509,509,7.99457311630249,"2"
"species",2,2,1204,451,2382.44482421875,"13"
"species",3,3,1171,436,67.8592758178711,"8"
"species",4,4,883,586,82.5017166137695,"21"
"species",5,5,1202,424,2584.28857421875,"13"
"species",6,6,959,546,266.476287841797,"1"
"species",7,7,1176,490,12.2851085662842,"2"
"species",8,8,1642,565,56.4491729736328,"14"
"species",9,9,1583,573,45.3161163330078,"8"
"species",10,10,1183,449,1043.12109375,"13"
"species",11,11,1517,514,7.99457311630249,"2"
"species",12,12,1063,522,122.927871704102,"8"
"species",13,13,1083,576,183.593200683594,"1"
"species",14,14,1329,464,21.8033542633057,"8"
"species",15,15,1261,485,149.038482666016,"2"
"species",16,16,1804,641,47.2207527160645,"8"
"species",17,17,1061,492,146.464599609375,"9"
"species",18,18,1213,447,7595.47021484375,"13"
"species",19,19,1361,477,125.834373474121,"2"
"species",20,20,1382,439,21.6681728363037,"2"
"species",21,21,1222,478,31.4841175079346,"2"
"species",22,22,1478,502,8.32851409912109,"2"
"species",23,23,1546,562,30.5128440856934,"2"
"species",24,24,1043,528,192.811157226562,"2"
"species",25,25,1333,472,62.169319152832,"8"
"species",26,26,938,561,97.0738906860352,"21"
"species",27,27,1371,442,19.5668869018555,"2"
"species",28,28,1383,476,64.6427383422852,"8"
"species",29,29,1365,445,14.2677574157715,"2"
"species",30,30,1625,576,368.515075683594,"13"
"species",31,31,1042,674,374.790893554688,"8"
"species",32,32,1316,481,39.9404716491699,"2"
"species",33,33,1178,440,2465.0966796875,"13"
"species",34,34,1343,459,21.8033542633057,"8"
"species",35,35,1146,455,62.1432991027832,"1"
"species",36,36,1529,521,7.99457311630249,"2"
"species",37,37,1191,447,5515.67724609375,"13"
"species",38,38,1171,442,62.1432991027832,"8"
"species",39,39,1500,513,7.99457311630249,"2"
"species",40,40,1115,487,345.755889892578,"8"
"species",41,41,1365,475,64.6427383422852,"2"
"species",42,42,1057,505,155.835739135742,"21"
"species",43,43,1064,506,137.249862670898,"21"
"species",44,44,1203,468,159.563064575195,"8"
"species",45,45,1538,514,7.99457311630249,"2"
"species",46,46,1432,502,16.1109504699707,"2"
"species",47,47,1491,503,7.99457311630249,"2"
"species",48,48,1556,564,22.4365329742432,"2"
"species",49,49,1553,570,30.2770385742188,"8"
"species",50,50,1541,521,7.99457311630249,"2"
"species",51,51,1284,477,164.049240112305,"2"
"species",52,52,1237,459,64.6427307128906,"8"
"species",53,53,1245,456,69.6078414916992,"8"
"species",54,54,1354,487,21.7184925079346,"2"
"species",55,55,1209,471,127.015380859375,"8"
"species",56,56,1329,452,20.9288349151611,"2"
"species",57,57,1096,470,64.9709014892578,"2"
"species",58,58,1342,464,41.5667114257812,"2"
"species",59,59,892,602,83.5130767822266,"1"
"species",60,60,1386,464,21.8033542633057,"2"
"species",61,61,1080,511,128.383529663086,"8"
"species",62,62,1421,504,16.0943336486816,"2"
"species",63,63,1107,474,70.8868255615234,"2"
"species",64,64,923,560,84.4146347045898,"21"
"species",65,65,1799,614,36.4315757751465,"2"
"species",66,66,1762,602,23.9018096923828,"2"
"species",67,67,1522,544,15.3538827896118,"2"
"species",68,68,1520,562,54.9546585083008,"8"
"species",69,69,1558,564,19.6327610015869,"8"
"species",70,70,1106,476,159.741821289062,"2"
"species",71,71,1557,524,8.32851314544678,"2"
"species",72,72,1289,476,164.26042175293,"8"
"species",73,73,1607,599,31.648380279541,"2"
"species",74,74,1556,622,31.6483783721924,"2"
"species",75,75,1200,451,81.985107421875,"21"
"species",76,76,1198,497,12.2851085662842,"2"
"species",77,77,1594,581,30.2770385742188,"2"
"species",78,78,1796,633,47.2207565307617,"8"
"species",79,79,1798,638,47.2207565307617,"2"
"species",80,80,1544,594,13.5638847351074,"2"
"species",81,81,1106,505,17.3878040313721,"2"
"species",82,82,1039,502,262.848358154297,"8"
"species",83,83,919,568,84.4146347045898,"21"
"species",84,84,1048,495,146.563049316406,"9"
"species",85,85,1141,496,15.5990715026855,"2"
"species",86,86,1543,617,31.6483783721924,"2"
"species",87,87,1625,596,31.6483783721924,"15"
"species",88,88,1641,601,31.6483783721924,"8"
"species",89,89,1537,604,26.6780796051025,"2"
"species",90,90,1525,512,8.32851409912109,"2"
"species",91,91,1539,517,7.99457311630249,"15"
"species",92,92,1507,509,7.99457311630249,"2"
"species",93,93,1782,623,24.3189544677734,"2"
"species",94,94,1791,635,47.2207565307617,"2"
"species",95,95,1042,498,23.6892395019531,"15"
"species",96,96,1809,641,47.2207527160645,"8"
"species",97,97,1786,647,47.2207527160645,"8"
"species",98,98,1778,612,33.1794281005859,"2"
"species",99,99,1482,502,8.0025110244751,"2"
"species",100,100,1477,503,11.0603828430176,"8"
"species",101,101,1471,505,15.351731300354,"2"
"species",102,102,1863,661,28.7210865020752,"2"
"species",103,103,1335,566,37.4480628967285,"2"
"species",104,104,1108,494,46.1702079772949,"2"
"species",105,105,1121,457,105.932487487793,"15"
"species",106,106,1437,503,13.8752145767212,"2"
"species",107,107,1552,621,31.4635143280029,"8"
"species",108,108,1573,570,30.2770366668701,"8"
"species",109,109,1299,548,39.3066482543945,"9"
"species",110,110,1767,638,47.2207565307617,"2"
"species",111,111,1197,518,12.2851095199585,"2"
"species",112,112,1106,480,267.508117675781,"2"
"species",113,113,1126,472,70.8868255615234,"2"
"species",114,114,1023,504,38.1871681213379,"21"
"species",115,115,938,544,84.4146347045898,"21"
"species",116,116,1572,576,30.2770385742188,"8"
"species",117,117,1556,589,13.5638847351074,"2"
"species",118,118,1587,626,30.1923217773438,"8"
"species",119,119,1748,607,16.5530033111572,"2"
"species",120,120,1222,464,146.987838745117,"8"
"species",121,121,1545,519,8.32851409912109,"2"
"species",122,122,1530,622,31.648380279541,"2"
"species",123,123,1740,610,11.5878553390503,"2"
"species",124,124,1607,595,31.6483783721924,"2"
"species",125,125,1478,503,8.22598171234131,"2"
"species",126,126,1766,609,36.4315719604492,"2"
"species",127,127,1091,601,47.1806297302246,"8"
"species",128,128,1050,557,90.0100708007812,"21"
"species",129,129,935,571,84.4146347045898,"21"
"species",130,130,1121,504,148.542556762695,"9"
"species",131,131,1024,505,174.73420715332,"3"
"species",132,132,1553,539,8.32851409912109,"8"
"species",133,133,1315,555,29.3296756744385,"2"
"species",134,134,1592,584,34.1089019775391,"2"
"species",135,135,1197,434,7641.16357421875,"13"
"species",136,136,1330,485,27.281063079834,"99"
"species",137,137,1744,619,17.7944240570068,"2"
"species",138,138,1077,487,228.800033569336,"2"
"species",139,139,1545,561,24.6760349273682,"2"
"species",140,140,1814,645,60.0151519775391,"8"
"species",141,141,1231,452,79.292854309082,"21"
"species",142,142,1528,561,54.9546585083008,"13"
"species",143,143,1108,478,30.9381942749023,"2"
"species",144,144,1174,515,12.2851085662842,"2"
"species",145,145,1369,455,21.8033542633057,"15"
"species",146,146,1174,510,55.0739784240723,"8"
"species",147,147,1151,458,62.9567565917969,"2"
"species",148,148,1076,480,38.774600982666,"2"
"species",149,149,1545,531,8.32851409912109,"2"
"species",150,150,1414,454,9.26984977722168,"2"
"species",151,151,1067,499,35.1086769104004,"9"
"species",152,152,922,569,84.4146347045898,"21"
"species",153,153,907,813,76.5618057250977,"8"
"species",154,154,1405,493,15.6472902297974,"2"
"species",155,155,1831,605,187.033157348633,"2"
"species",156,156,1714,620,17.7944240570068,"2"
"species",157,157,1756,607,23.9018096923828,"2"
"species",158,158,1779,634,47.2207565307617,"8"
"species",159,159,1782,641,47.2207565307617,"8"
"species",160,160,1097,466,88.0344390869141,"21"
"species",161,161,1798,612,79.7007675170898,"2"
"species",162,162,1110,469,78.8164749145508,"2"
"species",163,163,985,499,130.632080078125,"21"
"species",164,164,1216,467,61.9662437438965,"8"
"species",165,165,1120,459,88.0344390869141,"8"
"species",166,166,1023,493,36.3793296813965,"2"
"species",167,167,1550,524,8.32851409912109,"8"
"species",168,168,1529,512,8.32851314544678,"2"
"species",169,169,1372,463,21.8033542633057,"2"
"species",170,170,1111,472,62.365119934082,"8"
"species",171,171,892,568,83.7335510253906,"1"
"species",172,172,1777,643,47.2207527160645,"8"
"species",173,173,893,604,72.4451370239258,"21"
"species",174,174,1618,556,45.9121856689453,"8"
"species",175,175,1342,486,16.1109504699707,"2"
"species",176,176,1784,641,47.2207565307617,"8"
"species",177,177,945,553,90.1486434936523,"21"
"species",178,178,881,653,72.5464324951172,"1"
"species",179,179,869,552,86.1257553100586,"8"
"species",180,180,1010,654,55.1219329833984,"21"
"species",181,181,1362,455,21.8033542633057,"8"
"species",182,182,1044,592,129.228149414062,"8"
"species",183,183,1142,447,81.9949264526367,"8"
"species",184,184,893,605,111.445602416992,"21"
"species",185,185,1351,571,59.3752670288086,"8"
"species",186,186,1338,463,39.9404716491699,"15"
"species",187,187,1644,633,31.6483783721924,"8"
"species",188,188,1337,481,16.1109504699707,"2"
"species",189,189,1592,552,8.32851409912109,"8"
"species",190,190,1038,523,332.797729492188,"8"
"species",191,191,1101,462,88.0344390869141,"21"
"species",192,192,1799,614,104.430213928223,"2"
"species",193,193,1132,459,62.1432952880859,"2"
"species",194,194,1314,554,51.1525650024414,"9"
"species",195,195,1097,489,196.37907409668,"13"
"species",196,196,1596,582,30.7580738067627,"2"
"species",197,197,1530,532,14.5286293029785,"2"
"species",198,198,1076,473,54.6680526733398,"1"
"species",199,199,1106,474,88.0344390869141,"1"
"species",200,200,1274,497,39.9404716491699,"2"
"species",201,201,1115,546,48.7409248352051,"1"
"species",202,202,1351,478,16.1109504699707,"2"
"species",203,203,1198,464,80.5115737915039,"21"
"species",204,204,1063,596,129.609710693359,"1"
"species",205,205,1239,454,106.371536254883,"21"
"species",206,206,1356,474,69.3124694824219,"8"
"species",207,207,1018,502,101.425010681152,"9"
"species",208,208,1388,454,21.803352355957,"8"
"species",209,209,1362,442,10.410608291626,"2"
"species",210,210,1087,551,120.52010345459,"1"
"species",211,211,1367,456,27.5398216247559,"2"
"species",212,212,1173,456,104.665092468262,"2"
"species",213,213,1311,474,39.9404716491699,"2"
"species",214,214,1536,527,8.32851314544678,"2"
"species",215,215,1549,533,8.32851409912109,"8"
"species",216,216,1165,441,62.1432952880859,"2"
"species",217,217,1490,551,15.3538837432861,"2"
"species",218,218,1647,606,13.2312936782837,"2"
"species",219,219,1467,511,15.3538837432861,"2"
"species",220,220,1611,579,45.3161163330078,"2"
"species",221,221,1523,507,7.99457311630249,"2"
"species",222,222,1702,585,47.5090103149414,"8"
"species",223,223,1107,475,158.619705200195,"2"
"species",224,224,1170,453,83.1051940917969,"21"
"species",225,225,1351,574,13.5638847351074,"8"
"species",226,226,1318,550,27.9818267822266,"9"
"species",227,227,1485,494,7.99457311630249,"8"
"species",228,228,1605,633,31.648380279541,"8"
"species",229,229,1598,621,93.2638168334961,"2"
"species",230,230,1614,590,86.8862838745117,"2"
"species",231,231,1581,559,14.0853967666626,"2"
"species",232,232,1603,587,348.498840332031,"2"
"species",233,233,1049,509,155.835739135742,"9"
"species",234,234,1683,586,47.5090103149414,"25"
"species",235,235,1329,463,21.8033542633057,"8"
"species",236,236,1309,534,20.4771404266357,"2"
"species",237,237,1010,499,112.895240783691,"13"
"species",238,238,1308,456,21.8033542633057,"2"
"species",239,239,1188,493,12.2851085662842,"9"
"species",240,240,1640,623,17.8472785949707,"2"
"species",241,241,1125,467,71.1256561279297,"2"
"species",242,242,1475,506,8.32851314544678,"2"
"species",243,243,1119,479,27.3929615020752,"2"
"species",244,244,1779,626,11.5878553390503,"15"
"species",245,245,1605,629,29.4081115722656,"8"
"species",246,246,1524,558,54.9546585083008,"8"
"species",247,247,1777,644,47.2207565307617,"8"
"species",248,248,1268,488,143.433135986328,"2"
"species",249,249,1527,568,42.7215576171875,"8"
"species",250,250,1645,554,45.5455169677734,"8"
"species",251,251,1792,617,23.9018096923828,"2"
"species",252,252,1699,602,47.5090103149414,"2"
"species",253,253,1477,513,15.3538837432861,"2"
"species",254,254,1170,440,62.1432952880859,"2"
"species",255,255,1529,524,11.3748712539673,"2"
"species",256,256,1631,558,9.53620433807373,"2"
"species",257,257,1647,607,73.7905044555664,"2"
"species",258,258,1627,608,31.6483783721924,"2"
"species",259,259,1369,456,21.8033542633057,"2"
"species",260,260,1117,478,143.299713134766,"21"
"species",261,261,1251,443,8061.51025390625,"13"
"species",262,262,935,555,101.111183166504,"21"
"species",263,263,1065,509,155.835739135742,"21"
"species",264,264,1103,496,174.172302246094,"8"
"species",265,265,1210,438,8061.51025390625,"13"
"species",266,266,873,858,76.5618057250977,"1"
"species",267,267,1040,535,62.2483367919922,"13"
"species",268,268,1085,496,181.311569213867,"8"
"species",269,269,973,528,101.425018310547,"21"
"species",270,270,1135,544,59.2672119140625,"8"
"species",271,271,1844,617,45.2908706665039,"8"
"species",272,272,1097,490,173.278228759766,"21"
"species",273,273,1252,521,55.0739784240723,"9"
"species",274,274,1185,457,76.6893920898438,"2"
"species",275,275,1385,459,9.66579723358154,"2"
"species",276,276,1574,538,8.32851314544678,"2"
"species",277,277,1146,500,192.811157226562,"13"
"species",278,278,1116,468,27.3929615020752,"2"
"species",279,279,1125,492,281.844116210938,"21"
"species",280,280,1635,575,368.515075683594,"13"
"species",281,281,1283,543,56.3692817687988,"9"
"species",282,282,1608,617,31.6483783721924,"8"
"species",283,283,1339,454,90.6621017456055,"8"
"species",284,284,1818,626,123.158958435059,"2"
"species",285,285,1220,457,140.540374755859,"2"
"species",286,286,1333,626,29.3296756744385,"21"
"species",287,287,1192,460,104.665092468262,"3"
"species",288,288,1482,523,15.3538837432861,"2"
"species",289,289,1226,469,28.0261344909668,"2"
"species",290,290,1480,535,15.3538837432861,"2"
"species",291,291,1577,536,8.32851409912109,"8"
"species",292,292,1473,510,14.3602733612061,"8"
"species",293,293,1337,453,91.0330429077148,"2"
"species",294,294,1461,572,13.5638847351074,"2"
"species",295,295,1520,512,7.99457311630249,"2"
"species",296,296,1054,491,109.22191619873,"1"
"species",297,297,1064,499,22.6926345825195,"8"
"species",298,298,1815,600,108.685287475586,"9"
"species",299,299,1593,585,315.889343261719,"8"
"species",300,300,1482,516,8.01048278808594,"2"
"species",301,301,1639,583,47.5090103149414,"8"
"species",302,302,1499,516,7.99457311630249,"2"
"species",303,303,1347,478,39.9404716491699,"2"
"species",304,304,1532,560,45.8973770141602,"2"
