"species","x","y","bio4","bio16","gpw2000_30_sec","swa_2000lulc_2km"
"species",1,1,1356,474,68.7133447733556,"8"
"species",2,2,1016,497,324.136080184699,"21"
"species",3,3,1013,552,838.323408968824,"13"
"species",4,4,1063,522,122.927871249616,"8"
"species",5,5,943,602,136.262894426567,"8"
"species",6,6,926,603,155.333251997828,"1"
"species",7,7,950,708,69.2006495445967,"1"
"species",8,8,1100,587,188.625379964709,"8"
"species",9,9,919,598,104.534336426432,"8"
"species",10,10,1200,469,803.260038006306,"2"
"species",11,11,1191,447,4778.3535200576,"13"
"species",12,12,1032,534,94.8997115465162,"8"
"species",13,13,1045,544,96.865690998733,"21"
"species",14,14,1231,453,3268.24073252113,"13"
"species",15,15,1070,545,4731.86116542809,"13"
"species",16,16,1060,476,70.5282521932162,"2"
"species",17,17,771,1043,76.5618060777585,"31"
"species",18,18,1115,487,427.014916744046,"8"
"species",19,19,1362,442,11.4750003006649,"2"
"species",20,20,959,546,266.476282685995,"1"
"species",21,21,962,716,51.0278341449138,"1"
"species",22,22,952,565,139.5452786244,"21"
"species",23,23,1103,496,174.158336484659,"8"
"species",24,24,954,572,83.5130711123347,"21"
"species",25,25,940,602,203.470295206973,"8"
"species",26,26,942,940,77.9810211881995,"1"
"species",27,27,881,592,137.263175637642,"21"
"species",28,28,1163,489,623.758380052214,"21"
"species",29,29,930,579,182.136685357281,"8"
"species",30,30,997,577,223.203464791287,"8"
"species",31,31,1010,499,111.208333699697,"13"
"species",32,32,1061,492,146.464593266447,"9"
"species",33,33,1044,474,509.759303890523,"8"
"species",34,34,1005,563,178.737688198686,"8"
"species",35,35,885,577,167.774179012318,"8"
"species",36,36,1178,440,2209.05704646396,"13"
"species",37,37,980,676,97.1699872240424,"9"
"species",38,38,1202,424,2541.33152061048,"13"
"species",39,39,1239,456,93.0460819974542,"8"
"species",40,40,984,547,266.476282298565,"13"
"species",41,41,1059,473,62.3651180937886,"13"
"species",42,42,1608,577,277.83115290578,"8"
"species",43,43,1329,479,60.7562492194859,"2"
"species",44,44,883,586,81.4365999391549,"21"
"species",45,45,919,550,165.108220991303,"21"
"species",46,46,955,556,262.068325386097,"8"
"species",47,47,1035,657,248.969121516933,"8"
"species",48,48,936,559,176.334273830108,"8"
"species",49,49,1094,486,142.104758255336,"2"
"species",50,50,1006,619,73.3765832781458,"1"
"species",51,51,1141,469,62.5608171894812,"2"
"species",52,52,1367,479,107.224513940169,"2"
"species",53,53,1027,526,152.06326478771,"8"
"species",54,54,1102,498,170.878170349744,"8"
"species",55,55,943,721,69.1285022124596,"21"
"species",56,56,1083,576,183.451147564766,"1"
"species",57,57,1143,454,914.908959153966,"2"
"species",58,58,924,610,155.304796770209,"1"
"species",59,59,892,592,90.0132536812548,"21"
"species",60,60,1807,616,36.4315740428865,"2"
"species",61,61,1086,567,48.7409238442778,"1"
"species",62,62,1026,495,133.166006989701,"8"
"species",63,63,1171,442,62.1432974562049,"8"
"species",64,64,1117,478,135.423115963124,"21"
"species",65,65,1059,508,125.539439551812,"8"
"species",66,66,937,595,171.601001664815,"21"
"species",67,67,1065,509,155.835730493069,"21"
"species",68,68,1072,621,941.803051925394,"8"
"species",69,69,1068,494,173.204806238458,"8"
"species",70,70,1241,470,164.26042021811,"2"
"species",71,71,1100,602,47.1806308813393,"1"
"species",72,72,1216,467,85.1830618775173,"8"
"species",73,73,1257,476,164.260421603918,"2"
"species",74,74,1129,468,62.1432966552675,"2"
"species",75,75,1143,454,82.9319154401086,"8"
"species",76,76,892,602,83.5130732506514,"1"
"species",77,77,1369,455,21.8033539541066,"15"
"species",78,78,1522,544,15.3538834210485,"2"
"species",79,79,1568,572,30.2770376820117,"8"
"species",80,80,930,551,84.6945284679006,"21"
"species",81,81,1126,472,70.8868263587355,"2"
"species",82,82,929,554,832.238651196728,"1"
"species",83,83,860,886,76.5618063732982,"21"
"species",84,84,1329,452,20.8072509515311,"2"
"species",85,85,938,558,384.186366996856,"21"
"species",86,86,958,705,69.2006492391229,"21"
"species",87,87,832,1028,77.9810227453709,"1"
"species",88,88,922,711,59.2467420361776,"9"
"species",89,89,933,632,69.2006479650736,"1"
"species",90,90,1070,495,142.621888868988,"2"
"species",91,91,1080,511,123.656765640067,"8"
"species",92,92,1074,497,149.23346924104,"9"
"species",93,93,1089,498,146.603348076334,"2"
"species",94,94,1098,496,173.230301633486,"21"
"species",95,95,1017,532,509.054742744705,"21"
"species",96,96,1070,499,281.125082717739,"2"
"species",97,97,894,593,79.7593071087815,"21"
"species",98,98,859,593,84.2636711448699,"21"
"species",99,99,893,620,72.7790123521987,"8"
"species",100,100,894,630,75.4984040404407,"8"
"species",101,101,901,660,83.6258058771504,"1"
"species",102,102,872,663,79.1897194166153,"21"
"species",103,103,1022,501,39.0017192774239,"21"
"species",104,104,1023,504,37.7663246187685,"21"
"species",105,105,885,607,83.6663882136193,"8"
"species",106,106,893,605,111.454305238983,"21"
"species",107,107,995,555,264.831413880411,"8"
"species",108,108,1004,519,880.332499528608,"8"
"species",109,109,1027,562,101.15508795874,"21"
"species",110,110,1016,568,124.194099321966,"21"
"species",111,111,1539,596,13.563885028474,"2"
"species",112,112,1076,480,38.7746027521789,"2"
"species",113,113,1767,638,47.2207544147968,"2"
"species",114,114,1087,607,47.180631801486,"21"
"species",115,115,1625,596,31.1201393381406,"15"
"species",116,116,1550,604,17.2328880637665,"2"
"species",117,117,1539,517,7.99457298684865,"15"
"species",118,118,1538,514,8.00364848133137,"2"
"species",119,119,1479,508,7.9961726991468,"2"
"species",120,120,1028,492,22.6926353536546,"8"
"species",121,121,1786,647,47.2207546718419,"8"
"species",122,122,1477,503,10.9468449388441,"8"
"species",123,123,1537,604,26.9378393491442,"2"
"species",124,124,1150,485,414.276147470314,"8"
"species",125,125,1097,466,88.0344362929463,"21"
"species",126,126,1096,470,65.1531857777462,"2"
"species",127,127,1740,610,11.5878555672243,"2"
"species",128,128,1126,507,104.619238411493,"9"
"species",129,129,952,555,159.644566685021,"8"
"species",130,130,1796,633,47.1156765409048,"8"
"species",131,131,1556,589,13.5787339424716,"2"
"species",132,132,1245,456,68.9325003330428,"8"
"species",133,133,898,587,83.8812415821134,"21"
"species",134,134,960,557,203.936984311972,"8"
"species",135,135,1083,500,150.197226125967,"21"
"species",136,136,893,604,72.4451400637627,"21"
"species",137,137,929,586,83.5130716860294,"8"
"species",138,138,1030,569,99.2831960332118,"8"
"species",139,139,1798,638,47.2207547165453,"2"
"species",140,140,1759,633,24.9755647536367,"2"
"species",141,141,1108,494,47.3733411873915,"2"
"species",142,142,960,604,163.581839501492,"8"
"species",143,143,1077,487,217.830595209639,"2"
"species",144,144,1044,512,281.862869057784,"21"
"species",145,145,997,544,223.137207591665,"21"
"species",146,146,1039,559,89.9213181957538,"21"
"species",147,147,1074,569,124.207231774926,"8"
"species",148,148,1077,509,142.070050978245,"21"
"species",149,149,935,571,84.4146363884211,"21"
"species",150,150,1108,478,31.108424272952,"2"
"species",151,151,1069,482,145.582661472453,"2"
"species",152,152,1115,480,66.9515439968854,"2"
"species",153,153,1553,539,8.32851382251829,"8"
"species",154,154,1176,472,696.131098663919,"8"
"species",155,155,1107,475,156.562285086921,"2"
"species",156,156,1106,476,165.491937591492,"2"
"species",157,157,1164,596,268.058144281308,"8"
"species",158,158,1197,518,12.2851089350879,"2"
"species",159,159,1592,584,34.5312207005856,"2"
"species",160,160,1552,621,31.2509430814643,"8"
"species",161,161,1321,557,46.4990503282249,"9"
"species",162,162,1814,645,60.1243311558026,"8"
"species",163,163,1545,561,24.9279500663015,"2"
"species",164,164,1572,576,30.2770382035524,"8"
"species",165,165,891,835,76.5618059709668,"1"
"species",166,166,991,724,44.0877671539783,"1"
"species",167,167,1038,523,322.500504433583,"8"
"species",168,168,1058,473,62.3651200346649,"2"
"species",169,169,1060,477,509.759284925461,"9"
"species",170,170,826,1042,77.3043874055436,"1"
"species",171,171,1050,557,90.0100734457374,"21"
"species",172,172,1573,570,30.277037570253,"8"
"species",173,173,1001,532,320.914435354739,"8"
"species",174,174,1630,625,30.7887418289421,"3"
"species",175,175,1231,452,74.4995024999836,"21"
"species",176,176,1050,629,238.961779773235,"8"
"species",177,177,937,543,806.290589398189,"21"
"species",178,178,1437,503,13.725075202376,"2"
"species",179,179,1544,594,13.5638846801594,"2"
"species",180,180,986,657,91.3359807322187,"8"
"species",181,181,1030,645,55.1219354905188,"9"
"species",182,182,1011,514,171.82033892101,"8"
"species",183,183,1023,493,35.4062486123486,"2"
"species",184,184,826,916,76.5618055537343,"8"
"species",185,185,985,499,130.557835750315,"21"
"species",186,186,952,560,244.402515282201,"8"
"species",187,187,1057,565,122.100333310399,"1"
"species",188,188,920,594,312.835780113746,"8"
"species",189,189,987,574,116.694539615059,"21"
"species",190,190,1073,505,35.1086786463857,"2"
"species",191,191,1005,552,63.5969063754679,"21"
"species",192,192,1111,472,62.3651204891503,"8"
"species",193,193,907,648,83.6362812817097,"21"
"species",194,194,1051,568,88.7184446230162,"21"
"species",195,195,1120,459,88.0351059287786,"8"
"species",196,196,907,813,76.5618053823709,"8"
"species",197,197,1010,654,61.3606121771674,"21"
"species",198,198,968,704,44.0877679847181,"8"
"species",199,199,870,615,95.7044690623879,"8"
"species",200,200,1057,475,88.0344379469752,"8"
"species",201,201,1052,564,115.067285270926,"21"
"species",202,202,1142,447,81.9947722107168,"8"
"species",203,203,1063,512,35.1086778789759,"2"
"species",204,204,1018,588,44.0877669081092,"8"
"species",205,205,949,535,85.7911867854887,"21"
"species",206,206,976,600,183.079071714677,"21"
"species",207,207,1766,609,35.9207258988501,"2"
"species",208,208,1798,612,75.9409369685989,"2"
"species",209,209,1338,463,39.9404727965593,"15"
"species",210,210,889,599,83.5130732804537,"21"
"species",211,211,1110,507,12.315577311445,"2"
"species",212,212,1101,462,88.0344356298447,"21"
"species",213,213,1614,553,8.32851389609277,"2"
"species",214,214,1034,565,89.7320844903139,"21"
"species",215,215,1066,481,54.6680496074259,"21"
"species",216,216,1097,489,197.977926503695,"13"
"species",217,217,920,747,62.004003896807,"1"
"species",218,218,1073,509,35.1086794473231,"2"
"species",219,219,900,580,84.4146357998252,"21"
"species",220,220,964,545,159.741824761033,"21"
"species",221,221,938,565,167.324439927331,"1"
"species",222,222,974,608,73.5591972321272,"8"
"species",223,223,1262,474,27.929917577666,"8"
"species",224,224,1104,574,47.9977731481575,"21"
"species",225,225,990,763,39.9390476902274,"21"
"species",226,226,873,858,76.5618061572313,"1"
"species",227,227,1089,561,48.3054570219383,"1"
"species",228,228,1071,499,146.464595861487,"2"
"species",229,229,1076,473,54.6680506318808,"1"
"species",230,230,1086,538,62.1468408405781,"1"
"species",231,231,1106,474,88.0344391837716,"1"
"species",232,232,991,670,85.847209631669,"1"
"species",233,233,1115,546,48.7409245334566,"1"
"species",234,234,1081,486,54.6694134548314,"1"
"species",235,235,1128,499,66.4852636307478,"1"
"species",236,236,1198,464,83.3472274008163,"21"
"species",237,237,1063,596,129.609715506434,"1"
"species",238,238,1239,454,104.970841154939,"21"
"species",239,239,1509,515,7.99457280710339,"2"
"species",240,240,978,603,71.6069178655772,"1"
"species",241,241,1164,447,960.912940214209,"2"
"species",242,242,1106,576,48.7409229762852,"8"
"species",243,243,1826,613,268.920480475194,"8"
"species",244,244,1509,509,7.99457306601107,"2"
"species",245,245,1038,552,62.8201345131357,"1"
"species",246,246,1222,478,31.484117180109,"2"
"species",247,247,1168,434,62.1432969085872,"2"
"species",248,248,1165,441,62.1432958431542,"2"
"species",249,249,933,630,153.254177317023,"1"
"species",250,250,1087,551,120.577222399776,"1"
"species",251,251,1371,442,18.8938369400052,"2"
"species",252,252,920,609,151.918412939029,"1"
"species",253,253,1078,542,4830.73824167899,"13"
"species",254,254,1750,631,12.0281213867487,"8"
"species",255,255,1363,474,69.8443288405964,"8"
"species",256,256,1251,443,8061.15866708758,"13"
"species",257,257,1815,600,108.537523950151,"9"
"species",258,258,1717,622,17.962627187285,"8"
"species",259,259,1213,447,6978.69307396515,"13"
"species",260,260,1064,499,22.6926351059228,"8"
"species",261,261,895,610,146.653956130147,"1"
"species",262,262,1125,492,282.603847504154,"21"
"species",263,263,1351,464,21.8033538851887,"2"
"species",264,264,1268,488,134.360761276646,"2"
"species",265,265,979,626,188.270151406504,"8"
"species",266,266,1318,550,29.9439172729775,"9"
"species",267,267,1523,507,7.9945728671737,"2"
"species",268,268,1166,435,688.487962215296,"2"
"species",269,269,706,1042,76.5618032167355,"8"
"species",270,270,1227,481,160.471183933861,"2"
"species",271,271,1143,464,62.1432964392006,"2"
"species",272,272,1173,456,104.903654135792,"2"
"species",273,273,1003,1115,77.9810220118273,"8"
"species",274,274,1123,491,192.811158597469,"2"
"species",275,275,1146,455,62.1432976163924,"1"
"species",276,276,1034,488,38.7746033035219,"8"
"species",277,277,1116,468,27.3929609656334,"2"
"species",278,278,1014,500,35.1086792014539,"2"
"species",279,279,1369,456,21.8033536616713,"2"
"species",280,280,1520,559,48.0304022575221,"8"
"species",281,281,1628,600,93.2638202980161,"15"
"species",282,282,1226,469,28.0261338762939,"2"
"species",283,283,926,880,77.9810217544436,"1"
"species",284,284,1040,535,62.2483361624181,"13"
"species",285,285,1804,641,47.2207539305091,"8"
"species",286,286,1343,459,21.8033540546894,"8"
"species",287,287,1477,513,15.3538835654035,"2"
"species",288,288,1170,440,62.1432962603867,"2"
"species",289,289,1529,524,11.4054329663202,"2"
"species",290,290,1631,558,10.9956715704289,"2"
"species",291,291,1647,607,73.6202957387266,"2"
"species",292,292,1683,586,47.5090106390417,"25"
"species",293,293,1105,472,115.311483831838,"21"
"species",294,294,1164,434,62.1432981304824,"8"
"species",295,295,1074,625,723.699561635956,"21"
"species",296,296,1143,574,256.848129989195,"8"
"species",297,297,1625,580,368.515061944723,"2"
"species",298,298,1159,530,56.9827611967921,"21"
"species",299,299,1577,536,8.32851378899068,"8"
"species",300,300,1068,619,188.624616429209,"8"
"species",301,301,1125,475,116.225207842332,"9"
"species",302,302,1028,520,124.141072541432,"21"
"species",303,303,1012,566,195.669521152973,"21"
"species",304,304,1097,552,48.7409238927066,"1"
"species",305,305,870,578,155.442969158265,"8"
"species",306,306,913,607,152.971058637214,"8"
"species",307,307,964,546,223.088214527917,"1"
"species",308,308,1093,613,260.558396669216,"8"
"species",309,309,1089,579,48.74092342332,"1"
"species",310,310,1028,499,131.043813422829,"21"
"species",311,311,905,612,112.94025001015,"21"
"species",312,312,1006,654,55.1219365186989,"1"
"species",313,313,1807,644,81.103418759127,"2"
"species",314,314,1316,546,17.4545723443516,"9"
"species",315,315,1524,558,54.9196268990522,"8"
"species",316,316,1605,633,31.6483796369284,"8"
"species",317,317,1268,524,12.2851083208289,"9"
"species",318,318,1144,503,285.836834281683,"13"
"species",319,319,1021,570,124.141595222089,"1"
"species",320,320,928,577,180.454835669883,"8"
"species",321,321,1092,528,122.927871868014,"21"
"species",322,322,906,712,69.1228164508863,"8"
"species",323,323,1078,544,4871.93225622177,"13"
"species",324,324,897,598,132.184007048677,"8"
"species",325,325,992,532,86.1829177811742,"8"
"species",326,326,1603,587,339.511108735423,"2"
"species",327,327,1494,517,7.99457280477509,"2"
"species",328,328,1099,486,296.130782588886,"13"
"species",329,329,1824,614,87.858300819993,"8"
"species",330,330,1453,493,9.26985023450106,"2"
"species",331,331,960,607,73.5593882352114,"21"
"species",332,332,956,695,66.7527652085594,"21"
"species",333,333,1040,508,155.835737884045,"8"
