"species","x","y","bio4","bio16","gpw2000_30_sec","simplelc2000"
"species",1,1,1176,490,12.2851085662842,"2"
"species",2,2,1509,509,7.99457311630249,"2"
"species",3,3,1171,436,67.8592758178711,"4"
"species",4,4,883,586,82.5017166137695,"1"
"species",5,5,1143,574,261.376983642578,"4"
"species",6,6,1371,442,19.5668869018555,"2"
"species",7,7,919,598,102.726890563965,"4"
"species",8,8,1191,447,5515.67724609375,"5"
"species",9,9,1115,487,345.755889892578,"4"
"species",10,10,1362,442,10.410608291626,"2"
"species",11,11,959,546,266.476287841797,"1"
"species",12,12,1583,573,45.3161163330078,"4"
"species",13,13,1061,492,146.464599609375,"3"
"species",14,14,1517,514,7.99457311630249,"2"
"species",15,15,1063,522,122.927871704102,"4"
"species",16,16,1034,632,122.235809326172,"4"
"species",17,17,984,547,266.476287841797,"5"
"species",18,18,1367,479,111.174736022949,"2"
"species",19,19,1083,576,183.593200683594,"1"
"species",20,20,1251,443,8061.51025390625,"5"
"species",21,21,924,610,155.333251953125,"1"
"species",22,22,1329,464,21.8033542633057,"4"
"species",23,23,1365,445,14.2677574157715,"2"
"species",24,24,969,936,77.794807434082,"1"
"species",25,25,1383,476,64.6427383422852,"4"
"species",26,26,942,940,77.9810180664062,"1"
"species",27,27,999,763,176.495590209961,"4"
"species",28,28,1030,586,88.2002716064453,"1"
"species",29,29,1213,447,7595.47021484375,"5"
"species",30,30,1361,477,125.834373474121,"2"
"species",31,31,1382,439,21.6681728363037,"2"
"species",32,32,1478,502,8.32851409912109,"2"
"species",33,33,1165,441,62.1432952880859,"2"
"species",34,34,1546,562,30.5128440856934,"2"
"species",35,35,1178,440,2465.0966796875,"5"
"species",36,36,1333,472,62.169319152832,"4"
"species",37,37,1356,474,69.3124694824219,"4"
"species",38,38,929,606,155.193725585938,"4"
"species",39,39,1006,619,73.5313034057617,"1"
"species",40,40,1027,526,152.196258544922,"4"
"species",41,41,1625,576,368.515075683594,"5"
"species",42,42,1143,454,922.254760742188,"2"
"species",43,43,1343,459,21.8033542633057,"4"
"species",44,44,1146,455,62.1432991027832,"1"
"species",45,45,1171,442,62.1432991027832,"4"
"species",46,46,1500,513,7.99457311630249,"2"
"species",47,47,1117,478,143.299713134766,"1"
"species",48,48,1227,481,161.637451171875,"2"
"species",49,49,1072,621,1064.81335449219,"4"
"species",50,50,919,550,160.944412231445,"1"
"species",51,51,1708,606,14.6039686203003,"2"
"species",52,52,1409,448,9.269850730896,"4"
"species",53,53,1516,508,7.99457311630249,"2"
"species",54,54,1292,453,90.7218627929688,"2"
"species",55,55,1227,475,31.4841156005859,"2"
"species",56,56,1711,599,23.9018096923828,"2"
"species",57,57,1494,517,7.99457311630249,"2"
"species",58,58,1599,626,31.6483783721924,"2"
"species",59,59,1329,556,29.3296756744385,"2"
"species",60,60,1484,514,7.99457311630249,"2"
"species",61,61,964,546,234.305709838867,"1"
"species",62,62,1200,451,81.985107421875,"1"
"species",63,63,1701,617,13.3724346160889,"1"
"species",64,64,1549,543,7.99457311630249,"2"
"species",65,65,1672,564,45.9121856689453,"3"
"species",66,66,1276,454,92.3831558227539,"2"
"species",67,67,1712,597,41.2943458557129,"4"
"species",68,68,1529,524,11.3748712539673,"2"
"species",69,69,1634,605,61.9592552185059,"4"
"species",70,70,1827,617,36.5317573547363,"2"
"species",71,71,1524,558,54.9546585083008,"4"
"species",72,72,1626,605,82.8126449584961,"4"
"species",73,73,1729,597,23.9018096923828,"2"
"species",74,74,1293,548,55.0739784240723,"2"
"species",75,75,1267,454,23.7438354492188,"4"
"species",76,76,1538,514,7.99457311630249,"2"
"species",77,77,1108,472,100.232200622559,"2"
"species",78,78,1432,502,16.1109504699707,"2"
"species",79,79,1491,503,7.99457311630249,"2"
"species",80,80,1556,564,22.4365329742432,"2"
"species",81,81,1553,570,30.2770385742188,"4"
"species",82,82,1749,610,36.4315719604492,"2"
"species",83,83,1203,468,159.563064575195,"4"
"species",84,84,860,886,76.5618057250977,"1"
"species",85,85,1216,467,61.9662437438965,"4"
"species",86,86,1284,477,164.049240112305,"2"
"species",87,87,1237,459,64.6427307128906,"4"
"species",88,88,1245,456,69.6078414916992,"4"
"species",89,89,1340,455,19.4944667816162,"2"
"species",90,90,1354,487,21.7184925079346,"2"
"species",91,91,1209,471,127.015380859375,"4"
"species",92,92,1329,452,20.9288349151611,"2"
"species",93,93,1342,464,41.5667114257812,"2"
"species",94,94,892,602,83.5130767822266,"1"
"species",95,95,1386,464,21.8033542633057,"2"
"species",96,96,1080,511,128.383529663086,"4"
"species",97,97,1421,504,16.0943336486816,"2"
"species",98,98,1107,474,70.8868255615234,"2"
"species",99,99,923,560,84.4146347045898,"1"
"species",100,100,1799,614,36.4315757751465,"2"
"species",101,101,1762,602,23.9018096923828,"2"
"species",102,102,1522,544,15.3538827896118,"2"
"species",103,103,1520,562,54.9546585083008,"4"
"species",104,104,1558,564,19.6327610015869,"4"
"species",105,105,1106,476,159.741821289062,"2"
"species",106,106,1557,524,8.32851314544678,"2"
"species",107,107,1289,476,164.26042175293,"4"
"species",108,108,1607,599,31.648380279541,"2"
"species",109,109,1556,622,31.6483783721924,"2"
"species",110,110,1198,497,12.2851085662842,"2"
"species",111,111,1594,581,30.2770385742188,"2"
"species",112,112,1796,633,47.2207565307617,"4"
"species",113,113,1798,638,47.2207565307617,"2"
"species",114,114,1544,594,13.5638847351074,"2"
"species",115,115,1106,505,17.3878040313721,"2"
"species",116,116,1089,498,146.596389770508,"2"
"species",117,117,1070,499,288.309143066406,"2"
"species",118,118,879,879,76.5618057250977,"1"
"species",119,119,938,558,434.030548095703,"1"
"species",120,120,1537,604,26.6780796051025,"2"
"species",121,121,1543,617,31.6483783721924,"2"
"species",122,122,1641,601,31.6483783721924,"4"
"species",123,123,1553,539,8.32851409912109,"4"
"species",124,124,1625,596,31.6483783721924,"1"
"species",125,125,1525,512,8.32851409912109,"2"
"species",126,126,1551,517,7.99457311630249,"2"
"species",127,127,1042,498,23.6892395019531,"1"
"species",128,128,1786,647,47.2207527160645,"4"
"species",129,129,1778,612,33.1794281005859,"2"
"species",130,130,1783,641,47.2207527160645,"4"
"species",131,131,1482,502,8.0025110244751,"2"
"species",132,132,1471,505,15.351731300354,"2"
"species",133,133,1863,661,28.7210865020752,"2"
"species",134,134,1335,566,37.4480628967285,"2"
"species",135,135,1108,494,46.1702079772949,"2"
"species",136,136,1121,457,105.932487487793,"1"
"species",137,137,1437,503,13.8752145767212,"2"
"species",138,138,1552,621,31.4635143280029,"4"
"species",139,139,1573,570,30.2770366668701,"4"
"species",140,140,1299,548,39.3066482543945,"3"
"species",141,141,1767,638,47.2207565307617,"2"
"species",142,142,1197,518,12.2851095199585,"2"
"species",143,143,1106,480,267.508117675781,"2"
"species",144,144,1126,472,70.8868255615234,"2"
"species",145,145,1023,504,38.1871681213379,"1"
"species",146,146,938,544,84.4146347045898,"1"
"species",147,147,1572,576,30.2770385742188,"4"
"species",148,148,958,705,69.2006530761719,"1"
"species",149,149,935,571,84.4146347045898,"1"
"species",150,150,883,605,83.513069152832,"4"
"species",151,151,979,620,73.5593795776367,"1"
"species",152,152,930,728,69.2006530761719,"1"
"species",153,153,1017,532,509.632080078125,"1"
"species",154,154,1176,472,684.615844726562,"4"
"species",155,155,937,543,827.052429199219,"1"
"species",156,156,960,604,159.050857543945,"4"
"species",157,157,1074,625,627.505310058594,"1"
"species",158,158,893,604,72.4451370239258,"1"
"species",159,159,826,916,76.5618057250977,"4"
"species",160,160,916,734,63.085376739502,"4"
"species",161,161,1759,633,24.975564956665,"2"
"species",162,162,1077,487,228.800033569336,"2"
"species",163,163,1231,452,79.292854309082,"1"
"species",164,164,1382,489,16.1109504699707,"2"
"species",165,165,1114,509,64.1746139526367,"1"
"species",166,166,1528,561,54.9546585083008,"5"
"species",167,167,922,569,84.4146347045898,"1"
"species",168,168,1058,473,62.365119934082,"2"
"species",169,169,1330,485,27.281063079834,"6"
"species",170,170,1108,482,27.3929615020752,"2"
"species",171,171,1079,491,146.625595092773,"4"
"species",172,172,1587,626,30.1923217773438,"4"
"species",173,173,1748,607,16.5530033111572,"2"
"species",174,174,1222,464,146.987838745117,"4"
"species",175,175,1545,519,8.32851409912109,"2"
"species",176,176,1530,622,31.648380279541,"2"
"species",177,177,1315,555,29.3296756744385,"2"
"species",178,178,972,591,195.55827331543,"4"
"species",179,179,936,650,69.2006454467773,"4"
"species",180,180,1164,596,268.058135986328,"4"
"species",181,181,1478,503,8.22598171234131,"2"
"species",182,182,1799,613,45.4605026245117,"2"
"species",183,183,1836,605,187.033157348633,"2"
"species",184,184,1644,633,31.6483783721924,"4"
"species",185,185,1766,609,36.4315719604492,"2"
"species",186,186,934,547,100.689987182617,"1"
"species",187,187,929,586,83.513069152832,"4"
"species",188,188,1076,480,38.774600982666,"2"
"species",189,189,1831,605,187.033157348633,"2"
"species",190,190,1369,455,21.8033542633057,"1"
"species",191,191,1174,510,55.0739784240723,"4"
"species",192,192,1108,478,30.9381942749023,"2"
"species",193,193,1151,458,62.9567565917969,"2"
"species",194,194,1001,532,271.643859863281,"4"
"species",195,195,1070,495,143.900543212891,"2"
"species",196,196,1740,610,11.5878553390503,"2"
"species",197,197,1630,625,31.6483783721924,"3"
"species",198,198,1044,512,310.038909912109,"1"
"species",199,199,1197,434,7641.16357421875,"5"
"species",200,200,939,565,120.189315795898,"4"
"species",201,201,966,547,158.686813354492,"4"
"species",202,202,1066,498,173.278213500977,"4"
"species",203,203,1099,466,59.4226303100586,"1"
"species",204,204,885,577,155.333251953125,"4"
"species",205,205,995,555,226.575698852539,"4"
"species",206,206,1107,475,158.619705200195,"2"
"species",207,207,1127,471,70.8868255615234,"2"
"species",208,208,1171,514,12.2851085662842,"2"
"species",209,209,1050,629,238.961776733398,"4"
"species",210,210,1776,645,48.4276313781738,"2"
"species",211,211,1809,641,47.2207527160645,"4"
"species",212,212,1830,597,187.641860961914,"4"
"species",213,213,1780,645,47.2207565307617,"4"
"species",214,214,1681,591,7.99457311630249,"2"
"species",215,215,1660,599,13.3724336624146,"2"
"species",216,216,1784,616,36.4315719604492,"4"
"species",217,217,1814,645,60.0151519775391,"4"
"species",218,218,1547,608,31.6483783721924,"2"
"species",219,219,1772,633,47.2207527160645,"4"
"species",220,220,1057,505,155.835739135742,"1"
"species",221,221,892,616,86.3022003173828,"1"
"species",222,222,1581,581,13.5638847351074,"4"
"species",223,223,1141,496,15.5990715026855,"2"
"species",224,224,1378,590,41.7708511352539,"4"
"species",225,225,1067,498,155.835739135742,"3"
"species",226,226,919,568,84.4146347045898,"1"
"species",227,227,893,605,111.445602416992,"1"
"species",228,228,1669,602,13.3724336624146,"2"
"species",229,229,1487,527,15.3533267974854,"1"
"species",230,230,1545,531,8.32851409912109,"2"
"species",231,231,1414,454,9.26984977722168,"2"
"species",232,232,1067,499,35.1086769104004,"3"
"species",233,233,907,813,76.5618057250977,"4"
"species",234,234,1756,607,23.9018096923828,"2"
"species",235,235,1779,634,47.2207565307617,"4"
"species",236,236,1405,493,15.6472902297974,"2"
"species",237,237,1060,507,258.074188232422,"4"
"species",238,238,938,581,72.4451446533203,"4"
"species",239,239,1777,643,47.2207527160645,"4"
"species",240,240,1798,612,79.7007675170898,"2"
"species",241,241,1618,556,45.9121856689453,"4"
"species",242,242,1342,486,16.1109504699707,"2"
"species",243,243,964,551,138.214370727539,"1"
"species",244,244,1010,654,55.1219329833984,"1"
"species",245,245,1010,495,131.272964477539,"1"
"species",246,246,1362,455,21.8033542633057,"4"
"species",247,247,1044,592,129.228149414062,"4"
"species",248,248,945,553,90.1486434936523,"1"
"species",249,249,1351,571,59.3752670288086,"4"
"species",250,250,1120,459,88.0344390869141,"4"
"species",251,251,887,608,95.7269744873047,"1"
"species",252,252,1179,509,12.2851095199585,"2"
"species",253,253,1097,466,88.0344390869141,"1"
"species",254,254,1097,482,163.580795288086,"4"
"species",255,255,985,499,130.632080078125,"1"
"species",256,256,1782,641,47.2207565307617,"4"
"species",257,257,1799,614,104.430213928223,"2"
"species",258,258,1750,608,24.2831153869629,"2"
"species",259,259,1337,481,16.1109504699707,"2"
"species",260,260,1614,553,8.32851409912109,"2"
"species",261,261,1592,552,8.32851409912109,"4"
"species",262,262,1038,523,332.797729492188,"4"
"species",263,263,1101,462,88.0344390869141,"1"
"species",264,264,1132,459,62.1432952880859,"2"
"species",265,265,1314,554,51.1525650024414,"3"
"species",266,266,1097,489,196.37907409668,"5"
"species",267,267,1550,524,8.32851409912109,"4"
"species",268,268,1098,465,88.0344390869141,"1"
"species",269,269,1110,507,12.2851085662842,"2"
"species",270,270,1073,509,35.1086807250977,"2"
"species",271,271,1073,505,35.1086769104004,"2"
"species",272,272,1111,472,62.365119934082,"4"
"species",273,273,1110,469,78.8164749145508,"2"
"species",274,274,1062,485,96.5451889038086,"4"
"species",275,275,892,568,83.7335510253906,"1"
"species",276,276,987,574,120.405693054199,"1"
"species",277,277,1592,584,34.1089019775391,"2"
"species",278,278,1034,565,89.748908996582,"1"
"species",279,279,1066,481,54.6680488586426,"1"
"species",280,280,991,724,44.0877685546875,"1"
"species",281,281,936,754,72.9573364257812,"1"
"species",282,282,849,833,67.9295196533203,"4"
"species",283,283,1235,459,1147.59704589844,"2"
"species",284,284,1030,566,88.3620681762695,"5"
"species",285,285,1642,592,45.3161163330078,"4"
"species",286,286,1501,545,15.3538837432861,"2"
"species",287,287,1175,458,104.665092468262,"2"
"species",288,288,1664,593,13.3724346160889,"2"
"species",289,289,1195,594,268.058135986328,"5"
"species",290,290,1115,472,77.8419342041016,"2"
"species",291,291,1179,459,104.665092468262,"4"
"species",292,292,1552,564,30.2770366668701,"4"
"species",293,293,1082,480,112.417007446289,"2"
"species",294,294,938,895,77.9810180664062,"1"
"species",295,295,925,981,59.1819381713867,"4"
"species",296,296,1530,532,14.5286293029785,"2"
"species",297,297,1712,636,24.975564956665,"4"
"species",298,298,1089,561,47.3731651306152,"1"
"species",299,299,990,763,39.7274856567383,"1"
"species",300,300,873,858,76.5618057250977,"1"
"species",301,301,1071,499,146.464599609375,"2"
"species",302,302,1076,473,54.6680526733398,"1"
"species",303,303,1086,538,62.1468391418457,"1"
"species",304,304,1106,474,88.0344390869141,"1"
"species",305,305,1274,497,39.9404716491699,"2"
"species",306,306,991,670,86.853271484375,"1"
"species",307,307,1115,546,48.7409248352051,"1"
"species",308,308,1351,478,16.1109504699707,"2"
"species",309,309,1081,486,54.6680488586426,"1"
"species",310,310,1128,499,66.4852676391602,"1"
"species",311,311,1198,464,80.5115737915039,"1"
"species",312,312,1063,596,129.609710693359,"1"
"species",313,313,1239,454,106.371536254883,"1"
"species",314,314,1261,480,28.0261325836182,"2"
"species",315,315,1479,508,7.99457311630249,"2"
"species",316,316,1836,615,49.4788665771484,"4"
"species",317,317,1236,454,87.0331344604492,"2"
"species",318,318,1509,558,54.8277740478516,"4"
"species",319,319,1254,455,105.474098205566,"1"
"species",320,320,1733,603,23.423942565918,"2"
"species",321,321,1749,600,23.9018096923828,"2"
"species",322,322,1698,613,13.3724336624146,"2"
"species",323,323,1659,564,45.912181854248,"4"
"species",324,324,1643,600,57.7711791992188,"4"
"species",325,325,1707,595,23.9018096923828,"2"
"species",326,326,1638,601,55.0335426330566,"2"
"species",327,327,1501,500,7.99457311630249,"2"
"species",328,328,1199,451,81.985107421875,"1"
"species",329,329,1524,520,8.72613334655762,"2"
"species",330,330,920,552,266.476287841797,"4"
"species",331,331,1835,621,126.113151550293,"4"
"species",332,332,1635,575,368.515075683594,"5"
"species",333,333,1164,447,935.370361328125,"2"
"species",334,334,1804,641,47.2207527160645,"4"
"species",335,335,963,752,144.425582885742,"4"
"species",336,336,1024,522,346.068939208984,"4"
"species",337,337,1204,451,2382.44482421875,"5"
"species",338,338,1388,454,21.803352355957,"4"
"species",339,339,938,561,97.0738906860352,"1"
"species",340,340,1064,469,201.625183105469,"4"
"species",341,341,1792,622,11.5878553390503,"2"
"species",342,342,1367,456,27.5398216247559,"2"
"species",343,343,1173,456,104.665092468262,"2"
"species",344,344,1311,474,39.9404716491699,"2"
"species",345,345,1549,533,8.32851409912109,"4"
"species",346,346,1222,478,31.4841175079346,"2"
"species",347,347,1066,491,331.923492431641,"4"
"species",348,348,933,630,153.254180908203,"1"
"species",349,349,1069,541,3867.49389648438,"4"
"species",350,350,1750,631,12.0262975692749,"4"
"species",351,351,1363,474,69.4097366333008,"4"
"species",352,352,1815,600,108.685287475586,"3"
"species",353,353,1717,622,17.8032131195068,"4"
"species",354,354,1490,551,15.3538837432861,"2"
"species",355,355,1647,606,13.2312936782837,"2"
"species",356,356,1467,511,15.3538837432861,"2"
"species",357,357,1611,579,45.3161163330078,"2"
"species",358,358,1523,507,7.99457311630249,"2"
"species",359,359,1702,585,47.5090103149414,"4"
"species",360,360,1170,453,83.1051940917969,"1"
"species",361,361,1351,574,13.5638847351074,"4"
"species",362,362,1318,550,27.9818267822266,"3"
"species",363,363,1485,494,7.99457311630249,"4"
"species",364,364,1605,633,31.648380279541,"4"
"species",365,365,1598,621,93.2638168334961,"2"
"species",366,366,1614,590,86.8862838745117,"2"
"species",367,367,1581,559,14.0853967666626,"2"
"species",368,368,1603,587,348.498840332031,"2"
"species",369,369,1844,617,45.2908706665039,"4"
"species",370,370,1204,441,7615.6962890625,"5"
"species",371,371,992,532,86.1829147338867,"4"
"species",372,372,1166,435,659.147399902344,"2"
"species",373,373,1369,456,21.8033542633057,"2"
"species",374,374,897,598,135.272064208984,"4"
"species",375,375,1146,500,192.811157226562,"5"
"species",376,376,1125,475,127.538475036621,"3"
"species",377,377,1133,466,68.913215637207,"2"
"species",378,378,1125,492,281.844116210938,"1"
"species",379,379,924,595,78.9452438354492,"1"
"species",380,380,1042,546,4841.74267578125,"5"
"species",381,381,1059,473,62.3651161193848,"5"
"species",382,382,1822,598,187.033157348633,"4"
"species",383,383,935,555,101.111183166504,"1"
"species",384,384,1683,586,47.5090103149414,"1"
"species",385,385,984,506,35.1086807250977,"2"
"species",386,386,1063,595,242.657012939453,"4"
"species",387,387,1179,479,66.4852600097656,"1"
"species",388,388,1012,566,195.669525146484,"1"
"species",389,389,1035,518,552.806030273438,"4"
"species",390,390,841,600,141.583236694336,"4"
"species",391,391,1813,601,212.872131347656,"4"
"species",392,392,1329,463,21.8033542633057,"4"
"species",393,393,1309,534,20.4771404266357,"2"
"species",394,394,1010,499,112.895240783691,"5"
"species",395,395,1308,456,21.8033542633057,"2"
"species",396,396,1131,510,595.196838378906,"1"
"species",397,397,1125,467,71.1256561279297,"2"
"species",398,398,1475,506,8.32851314544678,"2"
"species",399,399,1119,479,27.3929615020752,"2"
"species",400,400,1779,626,11.5878553390503,"1"
"species",401,401,1605,629,29.4081115722656,"4"
"species",402,402,1214,479,164.26042175293,"2"
"species",403,403,963,518,101.111190795898,"1"
"species",404,404,1161,540,67.3902816772461,"4"
"species",405,405,1064,499,22.6926345825195,"4"
"species",406,406,1339,454,90.6621017456055,"4"
"species",407,407,1448,492,15.8388786315918,"4"
"species",408,408,1608,617,31.6483783721924,"4"
"species",409,409,1059,509,155.835739135742,"1"
"species",410,410,1527,568,42.7215576171875,"4"
"species",411,411,1841,589,200.918731689453,"4"
"species",412,412,1713,626,13.3724336624146,"2"
"species",413,413,1821,619,163.65754699707,"4"
"species",414,414,1796,624,123.158958435059,"2"
"species",415,415,1807,644,79.4317092895508,"2"
"species",416,416,1834,586,182.781723022461,"4"
"species",417,417,1661,637,29.3746871948242,"4"
"species",418,418,1803,650,24.975564956665,"1"
"species",419,419,1220,457,140.540374755859,"2"
"species",420,420,1696,636,24.975564956665,"2"
"species",421,421,1482,516,8.01048278808594,"2"
"species",422,422,1831,591,186.989532470703,"2"
"species",423,423,1173,440,62.1432952880859,"2"
"species",424,424,1418,480,16.1109504699707,"4"
"species",425,425,1574,538,8.32851314544678,"2"
"species",426,426,1046,574,124.207229614258,"1"
"species",427,427,1145,443,62.1432991027832,"2"
"species",428,428,1065,509,155.835739135742,"1"
"species",429,429,945,548,97.1012878417969,"1"
"species",430,430,932,556,96.7551651000977,"1"
"species",431,431,1627,608,31.6483783721924,"2"
"species",432,432,1006,636,55.1219367980957,"1"
"species",433,433,906,712,69.1455078125,"4"
"species",434,434,895,610,146.653961181641,"1"
"species",435,435,1245,513,12.2851085662842,"2"
"species",436,436,1169,447,665.575256347656,"2"
"species",437,437,1173,456,1114.92114257812,"2"
"species",438,438,1081,622,1006.64916992188,"4"
"species",439,439,1135,468,263.444976806641,"3"
"species",440,440,1080,496,368.308044433594,"1"
"species",441,441,936,623,146.653945922852,"4"
"species",442,442,1097,490,173.278228759766,"1"
"species",443,443,1077,516,122.927871704102,"1"
"species",444,444,1236,477,31.4841175079346,"4"
"species",445,445,1430,605,29.3133430480957,"2"
"species",446,446,1372,463,21.8033542633057,"2"
"species",447,447,1642,565,56.4491729736328,"4"
"species",448,448,1105,513,192.811157226562,"2"
"species",449,449,1275,507,39.9404716491699,"4"
"species",450,450,1073,512,122.927871704102,"1"
"species",451,451,1008,502,35.1086807250977,"2"
"species",452,452,894,570,85.4021987915039,"1"
"species",453,453,1252,521,55.0739784240723,"3"
"species",454,454,1185,457,76.6893920898438,"2"
"species",455,455,1385,459,9.66579723358154,"2"
"species",456,456,1170,440,62.1432952880859,"2"
"species",457,457,1144,503,285.836822509766,"5"
"species",458,458,1102,498,173.043045043945,"4"
"species",459,459,952,521,93.1473617553711,"3"
"species",460,460,1006,654,55.1219367980957,"1"
"species",461,461,1771,624,13.3724336624146,"2"
"species",462,462,942,562,99.3551406860352,"1"
"species",463,463,1201,433,989.29736328125,"2"
"species",464,464,1577,536,8.32851409912109,"4"
"species",465,465,886,791,59.181941986084,"4"
"species",466,466,937,972,77.9810180664062,"1"
"species",467,467,963,987,77.9810180664062,"4"
"species",468,468,1333,626,29.3296756744385,"1"
"species",469,469,1192,460,104.665092468262,"3"
"species",470,470,1482,523,15.3538837432861,"2"
"species",471,471,1226,469,28.0261344909668,"2"
"species",472,472,1480,535,15.3538837432861,"2"
"species",473,473,1473,510,14.3602733612061,"4"
"species",474,474,1337,453,91.0330429077148,"2"
"species",475,475,1461,572,13.5638847351074,"2"
"species",476,476,1520,512,7.99457311630249,"2"
"species",477,477,977,692,97.1699829101562,"5"
"species",478,478,1054,491,109.22191619873,"1"
"species",479,479,1824,614,87.8582992553711,"4"
"species",480,480,1453,493,9.269850730896,"2"
"species",481,481,1210,438,8061.51025390625,"5"
"species",482,482,1529,622,36.5193023681641,"2"
"species",483,483,1857,652,83.8414916992188,"3"
"species",484,484,1120,472,27.3929615020752,"2"
"species",485,485,1341,481,16.1109504699707,"4"
"species",486,486,1759,620,13.3724336624146,"2"
"species",487,487,1827,595,107.568031311035,"4"
"species",488,488,1621,575,368.515045166016,"4"
"species",489,489,1377,455,9.269850730896,"4"
"species",490,490,1224,454,178.903701782227,"4"
"species",491,491,1464,492,9.269850730896,"2"
"species",492,492,922,582,71.5930709838867,"4"
"species",493,493,1040,508,155.835739135742,"4"
"species",494,494,1487,560,53.5546798706055,"4"
"species",495,495,1641,585,47.5090103149414,"2"
"species",496,496,1537,559,8.32851409912109,"2"
"species",497,497,936,569,84.1557693481445,"1"
"species",498,498,1170,456,153.972549438477,"5"
"species",499,499,1217,460,107.314193725586,"4"
"species",500,500,1501,603,26.2546710968018,"4"
"species",501,501,959,550,101.111183166504,"1"
"species",502,502,1170,453,87.5569686889648,"4"
"species",503,503,1163,461,104.788383483887,"2"
"species",504,504,1496,541,15.3538837432861,"4"
"species",505,505,1189,458,107.314193725586,"1"
"species",506,506,903,618,146.653961181641,"4"
"species",507,507,1816,620,73.4699630737305,"2"
"species",508,508,1549,550,8.32851409912109,"1"
"species",509,509,1776,629,23.914623260498,"2"
"species",510,510,1680,582,47.5090103149414,"4"
"species",511,511,1826,619,159.642501831055,"2"
"species",512,512,1825,602,187.033157348633,"4"
"species",513,513,1820,629,123.158958435059,"4"
"species",514,514,1829,595,75.6105728149414,"4"
"species",515,515,1634,576,368.515075683594,"4"
"species",516,516,1627,615,93.2638168334961,"2"
"species",517,517,1347,478,39.9404716491699,"2"
"species",518,518,1121,458,62.1432991027832,"2"
"species",519,519,1532,560,45.8973770141602,"2"
"species",520,520,893,1001,77.9810256958008,"1"
"species",521,521,1262,474,28.0254764556885,"4"
