"species","x","y","bio4","bio16","gpw2000_30_sec","simplelc2000"
"species",1,1,1183,472,765.849304199219,"1"
"species",2,2,1202,424,2584.28857421875,"5"
"species",3,3,959,546,266.476287841797,"1"
"species",4,4,942,940,77.9810180664062,"1"
"species",5,5,1517,514,7.99457311630249,"2"
"species",6,6,924,610,155.333251953125,"1"
"species",7,7,1169,442,931.858154296875,"2"
"species",8,8,1183,449,1043.12109375,"5"
"species",9,9,1222,478,31.4841175079346,"2"
"species",10,10,1051,505,155.835739135742,"1"
"species",11,11,1485,494,7.99457311630249,"4"
"species",12,12,1261,485,149.038482666016,"2"
"species",13,13,1078,544,4871.93212890625,"5"
"species",14,14,1365,445,14.2677574157715,"2"
"species",15,15,1232,456,178.903701782227,"2"
"species",16,16,1235,459,1147.59704589844,"2"
"species",17,17,1118,548,123.324485778809,"4"
"species",18,18,1213,447,7595.47021484375,"5"
"species",19,19,1204,451,2382.44482421875,"5"
"species",20,20,1382,439,21.6681728363037,"2"
"species",21,21,1065,574,192.811157226562,"1"
"species",22,22,1546,562,30.5128440856934,"2"
"species",23,23,1356,474,69.3124694824219,"4"
"species",24,24,1576,568,30.2770366668701,"2"
"species",25,25,1274,497,39.9404716491699,"2"
"species",26,26,1032,534,95.0354919433594,"4"
"species",27,27,1509,509,7.99457311630249,"2"
"species",28,28,938,561,97.0738906860352,"1"
"species",29,29,1383,476,64.6427383422852,"4"
"species",30,30,1334,459,21.8033542633057,"2"
"species",31,31,1368,455,21.8033542633057,"4"
"species",32,32,1146,455,62.1432991027832,"1"
"species",33,33,1804,641,47.2207527160645,"4"
"species",34,34,1042,674,374.790893554688,"4"
"species",35,35,1326,489,39.9404716491699,"2"
"species",36,36,1191,447,5515.67724609375,"5"
"species",37,37,1178,440,2465.0966796875,"5"
"species",38,38,1162,466,926.984252929688,"2"
"species",39,39,1559,534,8.32851409912109,"3"
"species",40,40,1188,465,822.035583496094,"1"
"species",41,41,1371,442,19.5668869018555,"2"
"species",42,42,1171,442,62.1432991027832,"4"
"species",43,43,1115,487,345.755889892578,"4"
"species",44,44,1357,452,10.6904935836792,"2"
"species",45,45,935,555,101.111183166504,"1"
"species",46,46,1057,505,155.835739135742,"1"
"species",47,47,1064,506,137.249862670898,"1"
"species",48,48,1362,442,10.410608291626,"2"
"species",49,49,935,571,84.4146347045898,"1"
"species",50,50,975,550,195.669509887695,"1"
"species",51,51,1203,468,159.563064575195,"4"
"species",52,52,1538,514,7.99457311630249,"2"
"species",53,53,1576,565,52.5121078491211,"4"
"species",54,54,1556,564,22.4365329742432,"2"
"species",55,55,1552,537,8.32851409912109,"2"
"species",56,56,1216,467,61.9662437438965,"4"
"species",57,57,1340,455,19.4944667816162,"2"
"species",58,58,1263,455,48.3201103210449,"4"
"species",59,59,1369,455,21.8033542633057,"1"
"species",60,60,1329,452,20.9288349151611,"2"
"species",61,61,1096,470,64.9709014892578,"2"
"species",62,62,1342,464,41.5667114257812,"2"
"species",63,63,1350,460,25.7251605987549,"2"
"species",64,64,1326,486,39.9404716491699,"2"
"species",65,65,892,602,83.5130767822266,"1"
"species",66,66,938,558,434.030548095703,"1"
"species",67,67,893,604,72.4451370239258,"1"
"species",68,68,1110,469,78.8164749145508,"2"
"species",69,69,1796,633,47.2207565307617,"4"
"species",70,70,1525,512,8.32851409912109,"2"
"species",71,71,1039,502,262.848358154297,"4"
"species",72,72,919,568,84.4146347045898,"1"
"species",73,73,1079,491,146.625595092773,"4"
"species",74,74,1027,562,101.09935760498,"1"
"species",75,75,1136,506,56.9827575683594,"3"
"species",76,76,893,605,111.445602416992,"1"
"species",77,77,1038,523,332.797729492188,"4"
"species",78,78,1141,496,15.5990715026855,"2"
"species",79,79,1144,503,285.836822509766,"5"
"species",80,80,904,599,107.036804199219,"4"
"species",81,81,1020,551,89.7815017700195,"5"
"species",82,82,1042,653,238.961776733398,"4"
"species",83,83,1077,509,142.360275268555,"1"
"species",84,84,1537,604,26.6780796051025,"2"
"species",85,85,1543,617,31.6483783721924,"2"
"species",86,86,1606,550,8.32851409912109,"2"
"species",87,87,1625,596,31.6483783721924,"1"
"species",88,88,1550,604,17.1533126831055,"2"
"species",89,89,1539,517,7.99457311630249,"1"
"species",90,90,1527,513,8.17764377593994,"4"
"species",91,91,1782,623,24.3189544677734,"2"
"species",92,92,1791,635,47.2207565307617,"2"
"species",93,93,1804,641,47.2207565307617,"2"
"species",94,94,1786,647,47.2207527160645,"4"
"species",95,95,1794,638,47.2207565307617,"2"
"species",96,96,1783,641,47.2207527160645,"4"
"species",97,97,1767,628,46.855354309082,"4"
"species",98,98,1477,503,11.0603828430176,"4"
"species",99,99,1482,502,8.0025110244751,"2"
"species",100,100,1711,599,23.9018096923828,"2"
"species",101,101,1582,574,19.6327610015869,"4"
"species",102,102,1536,535,15.3538837432861,"2"
"species",103,103,960,604,159.050857543945,"4"
"species",104,104,1027,649,223.690246582031,"4"
"species",105,105,1067,498,155.835739135742,"3"
"species",106,106,1045,484,70.8800277709961,"4"
"species",107,107,966,547,158.686813354492,"4"
"species",108,108,937,543,827.052429199219,"1"
"species",109,109,995,555,226.575698852539,"4"
"species",110,110,991,749,44.0877685546875,"4"
"species",111,111,1836,605,187.033157348633,"2"
"species",112,112,1076,480,38.774600982666,"2"
"species",113,113,1478,503,8.22598171234131,"2"
"species",114,114,1528,561,54.9546585083008,"5"
"species",115,115,1471,505,15.351731300354,"2"
"species",116,116,1641,601,31.6483783721924,"4"
"species",117,117,1552,621,31.4635143280029,"4"
"species",118,118,1556,589,13.5638847351074,"2"
"species",119,119,1245,456,69.6078414916992,"4"
"species",120,120,1197,518,12.2851095199585,"2"
"species",121,121,1575,572,30.2770385742188,"2"
"species",122,122,1653,609,11.5910015106201,"2"
"species",123,123,1545,561,24.6760349273682,"2"
"species",124,124,1573,570,30.2770366668701,"4"
"species",125,125,1126,472,70.8868255615234,"2"
"species",126,126,1070,499,288.309143066406,"2"
"species",127,127,1108,478,30.9381942749023,"2"
"species",128,128,1108,494,46.1702079772949,"2"
"species",129,129,1091,601,47.1806297302246,"4"
"species",130,130,1050,557,90.0100708007812,"1"
"species",131,131,1121,504,148.542556762695,"3"
"species",132,132,1024,505,174.73420715332,"3"
"species",133,133,1802,647,47.4549713134766,"2"
"species",134,134,1588,593,31.648380279541,"2"
"species",135,135,1299,548,39.3066482543945,"3"
"species",136,136,1553,539,8.32851409912109,"4"
"species",137,137,1618,556,45.9121856689453,"4"
"species",138,138,1803,643,47.2207565307617,"2"
"species",139,139,1107,481,253.322647094727,"1"
"species",140,140,1054,627,261.49072265625,"4"
"species",141,141,964,599,155.333251953125,"1"
"species",142,142,929,586,83.513069152832,"4"
"species",143,143,964,551,103.642074584961,"1"
"species",144,144,1615,540,35.7089538574219,"2"
"species",145,145,1083,500,150.107208251953,"1"
"species",146,146,1174,510,55.0739784240723,"4"
"species",147,147,1740,610,11.5878553390503,"2"
"species",148,148,1009,499,134.917068481445,"4"
"species",149,149,1338,463,39.9404716491699,"1"
"species",150,150,1767,638,47.2207565307617,"2"
"species",151,151,1592,584,34.1089019775391,"2"
"species",152,152,1197,434,7641.16357421875,"5"
"species",153,153,1744,619,17.7944240570068,"2"
"species",154,154,1077,487,228.800033569336,"2"
"species",155,155,1814,645,60.0151519775391,"4"
"species",156,156,1231,452,79.292854309082,"1"
"species",157,157,1198,497,12.2851085662842,"2"
"species",158,158,893,559,85.4169387817383,"4"
"species",159,159,1572,576,30.2770385742188,"4"
"species",160,160,1437,503,13.8752145767212,"2"
"species",161,161,1544,594,13.5638847351074,"2"
"species",162,162,892,568,83.7335510253906,"1"
"species",163,163,1057,475,88.0344390869141,"4"
"species",164,164,1051,502,170.378372192383,"1"
"species",165,165,832,1028,77.9810256958008,"1"
"species",166,166,985,499,130.632080078125,"1"
"species",167,167,1133,507,12.2851085662842,"3"
"species",168,168,974,608,73.5590972900391,"4"
"species",169,169,908,593,83.5130767822266,"4"
"species",170,170,1023,493,36.3793296813965,"2"
"species",171,171,1550,524,8.32851409912109,"4"
"species",172,172,1529,512,8.32851314544678,"2"
"species",173,173,1372,463,21.8033542633057,"2"
"species",174,174,1782,641,47.2207565307617,"4"
"species",175,175,1414,454,9.26984977722168,"2"
"species",176,176,1111,472,62.365119934082,"4"
"species",177,177,1777,643,47.2207527160645,"4"
"species",178,178,1779,634,47.2207565307617,"4"
"species",179,179,1798,612,79.7007675170898,"2"
"species",180,180,1342,486,16.1109504699707,"2"
"species",181,181,945,553,90.1486434936523,"1"
"species",182,182,1067,499,35.1086769104004,"3"
"species",183,183,881,653,72.5464324951172,"1"
"species",184,184,869,552,86.1257553100586,"4"
"species",185,185,1852,609,178.14533996582,"4"
"species",186,186,1766,609,36.4315719604492,"2"
"species",187,187,1787,643,47.2207527160645,"4"
"species",188,188,1337,481,16.1109504699707,"2"
"species",189,189,1863,661,28.7210865020752,"2"
"species",190,190,1179,509,12.2851095199585,"2"
"species",191,191,1073,509,35.1086807250977,"2"
"species",192,192,803,924,76.5618057250977,"4"
"species",193,193,1142,447,81.9949264526367,"4"
"species",194,194,1023,504,38.1871681213379,"1"
"species",195,195,894,593,79.883056640625,"1"
"species",196,196,925,637,69.2006454467773,"4"
"species",197,197,889,599,83.513069152832,"1"
"species",198,198,1378,590,41.7708511352539,"4"
"species",199,199,1596,582,30.7580738067627,"2"
"species",200,200,1099,477,164.787124633789,"1"
"species",201,201,1104,505,14.0660123825073,"2"
"species",202,202,1784,641,47.2207565307617,"4"
"species",203,203,1110,507,12.2851085662842,"2"
"species",204,204,1097,482,163.580795288086,"4"
"species",205,205,1831,657,28.7210865020752,"2"
"species",206,206,1777,612,36.4315757751465,"2"
"species",207,207,1620,586,45.2149467468262,"4"
"species",208,208,1799,614,104.430213928223,"2"
"species",209,209,1715,598,23.9018096923828,"3"
"species",210,210,1831,605,187.033157348633,"2"
"species",211,211,1151,506,12.2851085662842,"2"
"species",212,212,1530,510,8.32851314544678,"2"
"species",213,213,1772,633,24.975564956665,"2"
"species",214,214,1523,507,7.99457311630249,"2"
"species",215,215,1530,532,14.5286293029785,"2"
"species",216,216,1176,431,1164.94055175781,"2"
"species",217,217,1076,473,54.6680526733398,"1"
"species",218,218,1086,538,62.1468391418457,"1"
"species",219,219,1106,474,88.0344390869141,"1"
"species",220,220,991,670,86.853271484375,"1"
"species",221,221,1115,546,48.7409248352051,"1"
"species",222,222,1351,478,16.1109504699707,"2"
"species",223,223,1128,499,66.4852676391602,"1"
"species",224,224,1198,464,80.5115737915039,"1"
"species",225,225,1063,596,129.609710693359,"1"
"species",226,226,1239,454,106.371536254883,"1"
"species",227,227,929,606,155.193725585938,"4"
"species",228,228,1018,502,101.425010681152,"3"
"species",229,229,919,598,102.726890563965,"4"
"species",230,230,1064,469,201.625183105469,"4"
"species",231,231,1367,456,27.5398216247559,"2"
"species",232,232,1642,565,56.4491729736328,"4"
"species",233,233,1612,546,7.99457311630249,"3"
"species",234,234,1061,492,146.464599609375,"3"
"species",235,235,933,630,153.254180908203,"1"
"species",236,236,1620,616,93.2638168334961,"4"
"species",237,237,1750,631,12.0262975692749,"4"
"species",238,238,1473,508,9.27183532714844,"2"
"species",239,239,951,891,171.856338500977,"4"
"species",240,240,1680,582,47.5090103149414,"4"
"species",241,241,1612,552,45.9121856689453,"2"
"species",242,242,1358,454,21.8033542633057,"2"
"species",243,243,1700,589,47.5090103149414,"2"
"species",244,244,1798,605,187.033157348633,"4"
"species",245,245,1639,583,47.5090103149414,"4"
"species",246,246,1173,456,104.665092468262,"2"
"species",247,247,854,604,151.631805419922,"4"
"species",248,248,1069,541,3867.49389648438,"4"
"species",249,249,1494,502,7.99457263946533,"2"
"species",250,250,1093,613,249.174423217773,"4"
"species",251,251,1801,623,75.6264038085938,"2"
"species",252,252,1635,575,368.515075683594,"5"
"species",253,253,1535,533,8.32851409912109,"2"
"species",254,254,1641,579,151.088470458984,"2"
"species",255,255,1563,532,8.32851409912109,"2"
"species",256,256,1363,474,69.4097366333008,"4"
"species",257,257,1370,449,21.8033542633057,"2"
"species",258,258,1813,601,212.872131347656,"4"
"species",259,259,1342,459,9.269850730896,"4"
"species",260,260,1369,456,21.8033542633057,"2"
"species",261,261,1064,490,129.688812255859,"1"
"species",262,262,1702,612,11.5878553390503,"2"
"species",263,263,1502,505,7.99457311630249,"1"
"species",264,264,1006,650,55.1219367980957,"1"
"species",265,265,1083,576,183.593200683594,"1"
"species",266,266,1826,613,272.296600341797,"4"
"species",267,267,1088,494,172.944702148438,"1"
"species",268,268,1117,478,143.299713134766,"1"
"species",269,269,1146,500,192.811157226562,"5"
"species",270,270,1490,551,15.3538837432861,"2"
"species",271,271,1318,550,27.9818267822266,"3"
"species",272,272,1058,497,109.22191619873,"1"
"species",273,273,1524,558,54.9546585083008,"4"
"species",274,274,1777,644,47.2207565307617,"4"
"species",275,275,1268,488,143.433135986328,"2"
"species",276,276,1527,568,42.7215576171875,"4"
"species",277,277,1645,554,45.5455169677734,"4"
"species",278,278,1792,617,23.9018096923828,"2"
"species",279,279,1699,602,47.5090103149414,"2"
"species",280,280,1603,587,348.498840332031,"2"
"species",281,281,1343,459,21.8033542633057,"4"
"species",282,282,1477,513,15.3538837432861,"2"
"species",283,283,1170,440,62.1432952880859,"2"
"species",284,284,1529,524,11.3748712539673,"2"
"species",285,285,1631,558,9.53620433807373,"2"
"species",286,286,1647,607,73.7905044555664,"2"
"species",287,287,1683,586,47.5090103149414,"1"
"species",288,288,1116,468,27.3929615020752,"2"
"species",289,289,1064,499,22.6926345825195,"4"
"species",290,290,1040,508,155.835739135742,"4"
"species",291,291,1251,443,8061.51025390625,"5"
"species",292,292,1059,473,62.3651161193848,"5"
"species",293,293,1821,636,77.5378799438477,"2"
"species",294,294,1309,534,20.4771404266357,"2"
"species",295,295,1526,522,8.32851314544678,"2"
"species",296,296,1482,516,8.01048278808594,"2"
"species",297,297,1574,538,8.32851314544678,"2"
"species",298,298,1099,482,292.693481445312,"3"
"species",299,299,1831,591,186.989532470703,"2"
"species",300,300,1818,626,123.158958435059,"2"
"species",301,301,1608,617,31.6483783721924,"4"
"species",302,302,1627,608,31.6483783721924,"2"
"species",303,303,990,763,39.7274856567383,"1"
"species",304,304,895,610,146.653961181641,"1"
"species",305,305,1081,532,122.911354064941,"1"
"species",306,306,1077,516,122.927871704102,"1"
"species",307,307,926,603,155.333251953125,"1"
"species",308,308,980,678,63.4815444946289,"4"
"species",309,309,1125,492,281.844116210938,"1"
"species",310,310,873,858,76.5618057250977,"1"
"species",311,311,1089,561,47.3731651306152,"1"
"species",312,312,964,546,234.305709838867,"1"
"species",313,313,1100,602,47.1806297302246,"1"
"species",314,314,1103,496,174.172302246094,"4"
"species",315,315,1210,438,8061.51025390625,"5"
"species",316,316,1040,535,62.2483367919922,"5"
"species",317,317,1085,496,181.311569213867,"4"
"species",318,318,973,528,101.425018310547,"1"
"species",319,319,1135,544,59.2672119140625,"4"
"species",320,320,1587,560,14.4165287017822,"2"
"species",321,321,1627,585,30.2770366668701,"2"
"species",322,322,1605,633,31.648380279541,"4"
"species",323,323,1483,495,7.99457311630249,"2"
"species",324,324,1702,585,47.5090103149414,"4"
"species",325,325,1080,600,187.962844848633,"1"
"species",326,326,992,532,86.1829147338867,"4"
"species",327,327,1181,561,56.8976173400879,"1"
"species",328,328,995,561,83.513069152832,"4"
"species",329,329,920,607,78.6185455322266,"4"
"species",330,330,923,560,84.4146347045898,"1"
"species",331,331,1048,522,69.7099914550781,"4"
"species",332,332,854,601,153.254180908203,"5"
"species",333,333,891,606,141.598220825195,"1"
"species",334,334,1077,566,48.7409248352051,"4"
"species",335,335,1467,511,15.3538837432861,"2"
"species",336,336,1097,490,173.278228759766,"1"
"species",337,337,1127,538,122.927864074707,"1"
"species",338,338,1217,457,1260.83813476562,"3"
"species",339,339,1617,544,7.99457311630249,"2"
"species",340,340,1625,580,368.515075683594,"2"
"species",341,341,1800,618,78.4938507080078,"4"
"species",342,342,1217,519,55.073974609375,"3"
"species",343,343,925,981,59.1819381713867,"4"
"species",344,344,1236,519,55.0739784240723,"3"
"species",345,345,1128,453,62.1432952880859,"2"
"species",346,346,1453,493,9.269850730896,"2"
"species",347,347,1591,581,45.3161163330078,"4"
"species",348,348,1109,529,219.839935302734,"1"
"species",349,349,1614,590,86.8862838745117,"2"
"species",350,350,1881,614,64.8330078125,"4"
"species",351,351,1532,560,45.8973770141602,"2"
"species",352,352,1815,600,108.685287475586,"3"
"species",353,353,1268,524,12.2851085662842,"3"
"species",354,354,1005,507,59.8506851196289,"4"
"species",355,355,1556,566,19.6327610015869,"2"
"species",356,356,1100,587,188.625381469727,"4"
"species",357,357,1339,454,90.6621017456055,"4"
"species",358,358,1074,625,627.505310058594,"1"
"species",359,359,1623,559,45.9121856689453,"4"
