"species","x","y","bio4","bio16","gpw2000_30_sec","swa_2000lulc_2km"
"species",1,1,1191,447,4778.3535200576,"13"
"species",2,2,1061,492,146.464593266447,"9"
"species",3,3,990,530,277.744457829451,"8"
"species",4,4,1176,490,12.3009483870196,"2"
"species",5,5,1509,509,7.99457306601107,"2"
"species",6,6,1204,451,2899.69592447146,"13"
"species",7,7,1329,463,21.8033535815775,"8"
"species",8,8,883,586,81.4365999391549,"21"
"species",9,9,1204,441,7778.8624656381,"13"
"species",10,10,1290,491,41.3220803814454,"2"
"species",11,11,973,819,176.495577305555,"1"
"species",12,12,1016,497,324.136080184699,"21"
"species",13,13,1045,544,96.865690998733,"21"
"species",14,14,1222,460,102.334177702354,"21"
"species",15,15,1383,476,64.6627370566046,"8"
"species",16,16,905,612,112.94025001015,"21"
"species",17,17,1059,508,125.539439551812,"8"
"species",18,18,1143,574,256.848129989195,"8"
"species",19,19,1013,552,838.323408968824,"13"
"species",20,20,943,602,136.262894426567,"8"
"species",21,21,966,542,159.212645187976,"8"
"species",22,22,1078,544,4871.93225622177,"13"
"species",23,23,926,603,155.333251997828,"1"
"species",24,24,1061,473,62.3651189655065,"2"
"species",25,25,950,708,69.2006495445967,"1"
"species",26,26,1000,594,268.481857370876,"21"
"species",27,27,1100,587,188.625379964709,"8"
"species",28,28,919,598,104.534336426432,"8"
"species",29,29,1072,621,941.803051925394,"8"
"species",30,30,771,1043,76.5618060777585,"31"
"species",31,31,942,940,77.9810211881995,"1"
"species",32,32,929,606,155.190992087121,"8"
"species",33,33,1032,534,94.8997115465162,"8"
"species",34,34,960,590,152.907446213477,"1"
"species",35,35,1070,545,4731.86116542809,"13"
"species",36,36,892,592,90.0132536812548,"21"
"species",37,37,1060,476,70.5282521932162,"2"
"species",38,38,920,609,151.918412939029,"1"
"species",39,39,1115,487,427.014916744046,"8"
"species",40,40,1241,470,164.26042021811,"2"
"species",41,41,1099,464,87.4592547860021,"1"
"species",42,42,1125,492,282.603847504154,"21"
"species",43,43,962,716,51.0278341449138,"1"
"species",44,44,1027,669,206.148770035575,"8"
"species",45,45,952,565,139.5452786244,"21"
"species",46,46,1103,496,174.158336484659,"8"
"species",47,47,1091,527,122.927872166038,"21"
"species",48,48,1028,546,204.184598244666,"21"
"species",49,49,954,572,83.5130711123347,"21"
"species",50,50,1026,495,133.166006989701,"8"
"species",51,51,940,602,203.470295206973,"8"
"species",52,52,1605,633,31.6483796369284,"8"
"species",53,53,1528,525,7.99457287183031,"2"
"species",54,54,1583,573,45.316116809845,"8"
"species",55,55,1183,449,1311.08139530855,"13"
"species",56,56,881,592,137.263175637642,"21"
"species",57,57,1163,489,623.758380052214,"21"
"species",58,58,930,579,182.136685357281,"8"
"species",59,59,997,577,223.203464791287,"8"
"species",60,60,1010,499,111.208333699697,"13"
"species",61,61,1517,514,7.9945729165338,"2"
"species",62,62,924,610,155.304796770209,"1"
"species",63,63,1034,632,139.744405514668,"8"
"species",64,64,1051,507,152.263857223348,"21"
"species",65,65,1806,616,156.273425629923,"8"
"species",66,66,1367,479,107.224513940169,"2"
"species",67,67,1083,576,183.451147564766,"1"
"species",68,68,1005,563,178.737688198686,"8"
"species",69,69,885,577,167.774179012318,"8"
"species",70,70,1202,456,66.0381500872769,"2"
"species",71,71,1244,488,40.0303696058698,"2"
"species",72,72,959,546,266.476282685995,"1"
"species",73,73,1329,464,21.8033534791321,"8"
"species",74,74,1261,485,151.775659394757,"2"
"species",75,75,1337,469,64.642567962408,"8"
"species",76,76,1340,484,163.927407868204,"2"
"species",77,77,1013,484,130.632072657347,"2"
"species",78,78,1081,532,122.922781407837,"21"
"species",79,79,1365,445,14.3563949386647,"2"
"species",80,80,1615,583,30.2770381625742,"2"
"species",81,81,1065,509,155.835730493069,"21"
"species",82,82,980,676,97.1699872240424,"9"
"species",83,83,1333,626,29.3296746928245,"21"
"species",84,84,1002,720,41.8599400778827,"8"
"species",85,85,989,496,477.128816991956,"8"
"species",86,86,1236,477,31.4841168373823,"8"
"species",87,87,849,601,105.064281515131,"8"
"species",88,88,1213,447,6978.69307396515,"13"
"species",89,89,1732,608,23.8277202267142,"2"
"species",90,90,1239,456,93.0460819974542,"8"
"species",91,91,984,547,266.476282298565,"13"
"species",92,92,1251,443,8061.15866708758,"13"
"species",93,93,895,610,146.653956130147,"1"
"species",94,94,1078,542,4830.73824167899,"13"
"species",95,95,1256,463,64.6427337378263,"2"
"species",96,96,1330,482,132.076144234049,"8"
"species",97,97,969,936,77.5169917493481,"21"
"species",98,98,1382,439,21.2338626394598,"2"
"species",99,99,1222,478,31.484117180109,"2"
"species",100,100,1064,469,197.070185326738,"8"
"species",101,101,919,550,165.108220991303,"21"
"species",102,102,1065,574,192.685141548506,"21"
"species",103,103,1523,507,7.9945728671737,"2"
"species",104,104,1521,510,7.99457291234285,"3"
"species",105,105,1478,502,8.32851387560368,"2"
"species",106,106,1165,441,62.1432958431542,"2"
"species",107,107,1178,440,2209.05704646396,"13"
"species",108,108,1051,502,169.435833811696,"21"
"species",109,109,955,556,262.068325386097,"8"
"species",110,110,1035,657,248.969121516933,"8"
"species",111,111,1333,472,62.6776542666429,"8"
"species",112,112,1056,521,124.421352700346,"8"
"species",113,113,1804,641,47.2207539305091,"8"
"species",114,114,1342,464,42.8121437061452,"2"
"species",115,115,969,610,155.333251908421,"21"
"species",116,116,936,559,176.334273830108,"8"
"species",117,117,1094,486,142.104758255336,"2"
"species",118,118,912,613,146.653954640031,"21"
"species",119,119,1206,502,12.2851089891046,"2"
"species",120,120,1371,442,18.8938369400052,"2"
"species",121,121,854,601,153.254181489348,"13"
"species",122,122,1363,434,18.1734616498672,"2"
"species",123,123,1334,473,63.6416183190615,"8"
"species",124,124,1334,459,21.8033543378115,"2"
"species",125,125,1284,453,92.778250226898,"31"
"species",126,126,1369,461,21.8033545296639,"2"
"species",127,127,789,1026,76.6201695204042,"8"
"species",128,128,964,546,223.088214527917,"1"
"species",129,129,1625,576,368.515059024095,"13"
"species",130,130,1102,498,170.878170349744,"8"
"species",131,131,943,721,69.1285022124596,"21"
"species",132,132,1252,479,164.260419428349,"8"
"species",133,133,1483,495,7.99457299849018,"2"
"species",134,134,1316,481,39.9404726475477,"2"
"species",135,135,942,562,99.2289076820806,"21"
"species",136,136,1343,459,21.8033540546894,"8"
"species",137,137,1065,578,96.9637683704985,"21"
"species",138,138,928,577,180.454835669883,"8"
"species",139,139,925,580,174.671046369969,"21"
"species",140,140,1146,455,62.1432976163924,"1"
"species",141,141,1313,473,71.4919497122715,"2"
"species",142,142,1171,442,62.1432974562049,"8"
"species",143,143,1171,436,76.4113837253055,"8"
"species",144,144,1089,579,48.74092342332,"1"
"species",145,145,1500,513,7.99457290675491,"2"
"species",146,146,1143,464,902.169060565247,"8"
"species",147,147,1365,475,64.6427340209484,"2"
"species",148,148,937,595,171.601001664815,"21"
"species",149,149,1068,494,173.204806238458,"8"
"species",150,150,978,683,61.4570070505726,"1"
"species",151,151,1069,541,3633.39075254886,"8"
"species",152,152,987,574,116.694539615059,"21"
"species",153,153,1332,489,89.8841723280545,"15"
"species",154,154,1040,573,124.207227878273,"21"
"species",155,155,1047,553,192.811162680388,"8"
"species",156,156,1109,464,88.0344365239143,"21"
"species",157,157,1485,494,7.99457300733775,"8"
"species",158,158,1201,494,12.2851090952754,"2"
"species",159,159,870,857,59.1819380074739,"8"
"species",160,160,1098,493,61.7469085194964,"21"
"species",161,161,1483,524,15.2969871480044,"2"
"species",162,162,1273,454,22.3190345599195,"2"
"species",163,163,1018,549,1761.18813641886,"8"
"species",164,164,1020,547,362.110653240838,"8"
"species",165,165,1048,674,38.5946505069733,"21"
"species",166,166,1013,635,44.0877673700452,"13"
"species",167,167,1092,604,129.609714508057,"8"
"species",168,168,988,540,135.166865187138,"21"
"species",169,169,1303,499,46.2745325757257,"2"
"species",170,170,992,672,97.1699863448739,"8"
"species",171,171,1171,458,136.295200319692,"21"
"species",172,172,950,575,175.877343886563,"9"
"species",173,173,1052,528,613.436958909687,"8"
"species",174,174,931,608,110.779029302299,"21"
"species",175,175,1508,508,7.99457297986373,"2"
"species",176,176,1197,492,12.285108868964,"8"
"species",177,177,1073,535,62.2483343593776,"1"
"species",178,178,1120,459,88.0351059287786,"8"
"species",179,179,961,606,159.139607503772,"8"
"species",180,180,1038,523,322.500504433583,"8"
"species",181,181,1203,468,151.212776261441,"8"
"species",182,182,1538,514,8.00364848133137,"2"
"species",183,183,975,550,201.99499681437,"21"
"species",184,184,1087,607,47.180631801486,"21"
"species",185,185,1070,499,281.125082717739,"2"
"species",186,186,1550,562,31.4579442919344,"2"
"species",187,187,1174,466,58.0392146259296,"21"
"species",188,188,1432,502,16.1109280027449,"2"
"species",189,189,1491,503,7.99457292305306,"2"
"species",190,190,1553,570,30.2770376913249,"8"
"species",191,191,1749,610,36.3695965055229,"2"
"species",192,192,924,578,216.888581028021,"13"
"species",193,193,1027,550,79.7171423872964,"8"
"species",194,194,898,587,83.8812415821134,"21"
"species",195,195,1571,525,8.01475648255087,"2"
"species",196,196,860,886,76.5618063732982,"21"
"species",197,197,1289,476,164.260418027639,"8"
"species",198,198,1284,477,161.988638661702,"2"
"species",199,199,1001,532,320.914435354739,"8"
"species",200,200,1339,469,40.553137313683,"8"
"species",201,201,1237,459,65.116795867708,"8"
"species",202,202,1245,456,68.9325003330428,"8"
"species",203,203,1340,455,18.6894852829376,"2"
"species",204,204,1063,476,62.3651190288365,"8"
"species",205,205,1354,487,20.0439532551325,"2"
"species",206,206,1257,476,164.260421603918,"2"
"species",207,207,1158,462,73.5834420149098,"21"
"species",208,208,1263,455,49.6696919531807,"8"
"species",209,209,1209,471,118.144051387773,"8"
"species",210,210,1329,452,20.8072509515311,"2"
"species",211,211,1362,455,21.8033541217446,"8"
"species",212,212,1222,464,141.325771882022,"8"
"species",213,213,1096,470,65.1531857777462,"2"
"species",214,214,1135,452,86.6512643981629,"21"
"species",215,215,1143,454,82.9319154401086,"8"
"species",216,216,1142,460,92.2636155126109,"21"
"species",217,217,1110,471,69.8037960088878,"2"
"species",218,218,892,602,83.5130732506514,"1"
"species",219,219,1181,451,83.3537518313927,"21"
"species",220,220,1386,464,21.8033547643572,"2"
"species",221,221,836,897,64.3407682667558,"21"
"species",222,222,1111,469,101.206646912848,"21"
"species",223,223,974,608,73.5591972321272,"8"
"species",224,224,893,604,72.4451400637627,"21"
"species",225,225,1139,469,68.7355045456626,"21"
"species",226,226,1077,509,142.070050978245,"21"
"species",227,227,1170,453,83.115742855328,"21"
"species",228,228,1077,487,217.830595209639,"2"
"species",229,229,1421,504,16.0536745572473,"2"
"species",230,230,1107,474,70.8868269920349,"2"
"species",231,231,923,560,84.4146348908544,"21"
"species",232,232,907,648,83.6362812817097,"21"
"species",233,233,1114,509,88.6079752309707,"21"
"species",234,234,1799,614,36.4315745793283,"2"
"species",235,235,929,586,83.5130716860294,"8"
"species",236,236,1108,494,47.3733411873915,"2"
"species",237,237,1314,554,54.4523578163545,"9"
"species",238,238,1762,602,23.9018103219569,"2"
"species",239,239,1522,544,15.3538834210485,"2"
"species",240,240,1520,562,54.9546584673226,"8"
"species",241,241,1558,564,20.3424272836825,"8"
"species",242,242,1106,476,165.491937591492,"2"
"species",243,243,1557,524,8.32851368654519,"2"
"species",244,244,1607,599,31.6483797542751,"2"
"species",245,245,1556,622,31.6483791917562,"2"
"species",246,246,1200,451,81.9851063638925,"21"
"species",247,247,1198,497,12.2851085942239,"2"
"species",248,248,1594,581,30.2770377900451,"2"
"species",249,249,1796,633,47.1156765409048,"8"
"species",250,250,1066,498,173.193332225074,"8"
"species",251,251,1798,638,47.2207547165453,"2"
"species",252,252,891,835,76.5618059709668,"1"
"species",253,253,958,705,69.2006492391229,"21"
"species",254,254,1042,653,238.961779713631,"8"
"species",255,255,1022,501,39.0017192774239,"21"
"species",256,256,935,571,84.4146363884211,"21"
"species",257,257,919,568,84.4146356284618,"21"
"species",258,258,1315,555,29.3296754080802,"2"
"species",259,259,1510,615,29.2809253037079,"8"
"species",260,260,1552,621,31.2509430814643,"8"
"species",261,261,1076,480,38.7746027521789,"2"
"species",262,262,928,757,66.2816986043284,"21"
"species",263,263,1544,594,13.5638846801594,"2"
"species",264,264,1611,574,22.6161896511557,"2"
"species",265,265,1106,505,16.9536442208603,"2"
"species",266,266,929,554,832.238651196728,"1"
"species",267,267,1050,629,238.961779773235,"8"
"species",268,268,922,711,59.2467420361776,"9"
"species",269,269,933,708,69.2006505727768,"8"
"species",270,270,907,813,76.5618053823709,"8"
"species",271,271,960,698,67.0719827149039,"8"
"species",272,272,1068,479,38.7746027298272,"2"
"species",273,273,938,558,384.186366996856,"21"
"species",274,274,832,1028,77.9810227453709,"1"
"species",275,275,933,632,69.2006479650736,"1"
"species",276,276,1070,495,142.621888868988,"2"
"species",277,277,1067,498,155.235805992122,"9"
"species",278,278,1074,497,149.23346924104,"9"
"species",279,279,1048,495,146.560784539041,"9"
"species",280,280,1098,496,173.230301633486,"21"
"species",281,281,1017,532,509.054742744705,"21"
"species",282,282,894,593,79.7593071087815,"21"
"species",283,283,859,593,84.2636711448699,"21"
"species",284,284,893,620,72.7790123521987,"8"
"species",285,285,894,630,75.4984040404407,"8"
"species",286,286,899,607,72.4451398402452,"21"
"species",287,287,901,660,83.6258058771504,"1"
"species",288,288,872,663,79.1897194166153,"21"
"species",289,289,1019,494,38.7746017388999,"8"
"species",290,290,1023,504,37.7663246187685,"21"
"species",291,291,885,607,83.6663882136193,"8"
"species",292,292,893,605,111.454305238983,"21"
"species",293,293,995,555,264.831413880411,"8"
"species",294,294,1004,519,880.332499528608,"8"
"species",295,295,1016,568,124.194099321966,"21"
"species",296,296,1027,562,101.15508795874,"21"
"species",297,297,1097,497,146.579504907124,"2"
"species",298,298,960,546,722.521425147392,"21"
"species",299,299,938,581,75.8178708851853,"8"
"species",300,300,1141,496,15.7846008691268,"2"
"species",301,301,1537,604,26.9378393491442,"2"
"species",302,302,1543,617,31.6483792159706,"2"
"species",303,303,1625,596,31.1201393381406,"15"
"species",304,304,1553,539,8.32851382251829,"8"
"species",305,305,1622,617,23.1447554003815,"8"
"species",306,306,1550,604,17.2328880637665,"2"
"species",307,307,1525,512,8.32848954293877,"2"
"species",308,308,1551,517,7.99457296496257,"2"
"species",309,309,1539,515,7.99457286531106,"2"
"species",310,310,1505,505,7.99457298824564,"2"
"species",311,311,1536,517,8.0032497518704,"8"
"species",312,312,1479,508,7.9961726991468,"2"
"species",313,313,1782,623,25.0666630806725,"2"
"species",314,314,1791,635,47.220755752176,"2"
"species",315,315,1042,498,24.8780285513535,"15"
"species",316,316,1058,497,23.4588152169539,"8"
"species",317,317,1804,641,47.2207561284304,"2"
"species",318,318,1840,613,140.049897649613,"8"
"species",319,319,1800,645,47.2207541689277,"2"
"species",320,320,1786,647,47.2207546718419,"8"
"species",321,321,1799,614,101.414596638837,"2"
"species",322,322,1798,612,75.9409369685989,"2"
"species",323,323,1778,612,33.5646222542391,"2"
"species",324,324,1785,637,47.2207560911775,"8"
"species",325,325,1783,641,47.2207547947764,"8"
"species",326,326,1767,628,46.4422699732876,"8"
"species",327,327,1477,503,10.9468449388441,"8"
"species",328,328,1482,502,8.52397247350706,"2"
"species",329,329,1864,616,123.175350718202,"8"
"species",330,330,1714,600,23.9018094632775,"2"
"species",331,331,1582,574,19.6327607054263,"8"
"species",332,332,1471,505,15.2223088237981,"2"
"species",333,333,1107,481,239.115293767649,"21"
"species",334,334,883,605,83.5352247953402,"8"
"species",335,335,979,620,73.5568572878833,"21"
"species",336,336,930,728,69.1809894964076,"1"
"species",337,337,900,580,84.4146357998252,"21"
"species",338,338,1051,482,96.3607927570876,"21"
"species",339,339,934,755,59.1819376274943,"1"
"species",340,340,809,938,76.5618040189147,"21"
"species",341,341,960,604,163.581839501492,"8"
"species",342,342,1027,649,217.486190343265,"8"
"species",343,343,1045,484,71.2146034564411,"8"
"species",344,344,966,547,158.220933534444,"8"
"species",345,345,937,543,806.290589398189,"21"
"species",346,346,991,749,44.0877668559551,"8"
"species",347,347,1836,605,187.03316347301,"2"
"species",348,348,964,599,155.333253622055,"1"
"species",349,349,1041,506,179.622125939599,"8"
"species",350,350,1740,610,11.5878555672243,"2"
"species",351,351,1369,455,21.8033539541066,"15"
"species",352,352,1126,507,104.619238411493,"9"
"species",353,353,952,555,159.644566685021,"8"
"species",354,354,1478,503,8.27811791016837,"2"
"species",355,355,1528,561,54.9546588212252,"13"
"species",356,356,1641,601,31.3791554253244,"8"
"species",357,357,1013,635,238.961773350835,"8"
"species",358,358,1530,510,8.32851371541619,"2"
"species",359,359,1014,494,38.7746020145714,"21"
"species",360,360,1091,601,47.1806311607361,"8"
"species",361,361,1231,452,74.4995024999836,"21"
"species",362,362,1367,461,21.8033550940454,"2"
"species",363,363,1102,502,129.264272027116,"13"
"species",364,364,993,604,194.859587028565,"8"
"species",365,365,1164,596,268.058144281308,"8"
"species",366,366,1167,474,692.858120685398,"9"
"species",367,367,960,557,203.936984311972,"8"
"species",368,368,1083,500,150.197226125967,"21"
"species",369,369,1030,569,99.2831960332118,"8"
"species",370,370,938,565,167.324439927331,"1"
"species",371,371,1107,475,156.562285086921,"2"
"species",372,372,1097,482,164.250395149305,"8"
"species",373,373,1197,518,12.2851089350879,"2"
"species",374,374,1382,489,16.1109503395855,"2"
"species",375,375,922,569,84.4146358892321,"21"
"species",376,376,1058,473,62.3651200346649,"2"
"species",377,377,1330,485,27.7750494815295,"99"
"species",378,378,1108,482,27.3929609376937,"2"
"species",379,379,1079,491,146.607969124202,"8"
"species",380,380,1126,472,70.8868263587355,"2"
"species",381,381,1587,626,30.4875175636739,"8"
"species",382,382,1748,607,15.7905758681388,"2"
"species",383,383,1545,519,8.32851388026029,"2"
"species",384,384,1530,622,31.6483789402991,"2"
"species",385,385,1575,572,30.2770376130939,"2"
"species",386,386,1074,569,124.207231774926,"8"
"species",387,387,1176,472,696.131098663919,"8"
"species",388,388,997,544,223.137207591665,"21"
"species",389,389,870,615,95.7044690623879,"8"
"species",390,390,980,688,55.1473946757625,"1"
"species",391,391,916,585,96.6923481762123,"8"
"species",392,392,1490,506,7.99457290908322,"2"
"species",393,393,1150,485,414.276147470314,"8"
"species",394,394,1556,589,13.5787339424716,"2"
"species",395,395,1630,625,30.7887418289421,"3"
"species",396,396,1099,466,60.6637783270477,"1"
"species",397,397,863,635,83.5857031643493,"1"
"species",398,398,1545,561,24.9279500663015,"2"
"species",399,399,1731,610,11.5878555905074,"2"
"species",400,400,892,568,83.7265672609595,"1"
"species",401,401,877,621,95.6671184897242,"8"
"species",402,402,1197,434,7474.92333781734,"13"
"species",403,403,1572,576,30.2770382035524,"8"
"species",404,404,1030,566,87.980780850567,"13"
"species",405,405,972,591,193.808026984435,"8"
"species",406,406,920,607,78.618545204401,"8"
"species",407,407,1020,490,130.632074847817,"8"
"species",408,408,964,551,105.407848768402,"21"
"species",409,409,1019,559,96.2434502991351,"21"
"species",410,410,1085,481,37.5100969382055,"2"
"species",411,411,1080,480,28.1680328809834,"2"
"species",412,412,1007,505,28.3009966116024,"21"
"species",413,413,1089,474,55.8107089511529,"21"
"species",414,414,1005,627,61.3334203579116,"1"
"species",415,415,1108,478,31.108424272952,"2"
"species",416,416,1573,570,30.277037570253,"8"
"species",417,417,1803,643,47.221097562462,"2"
"species",418,418,1779,634,47.220755033195,"8"
"species",419,419,1367,588,37.4480638019741,"8"
"species",420,420,1216,467,85.1830618775173,"8"
"species",421,421,1353,582,51.1996510445387,"8"
"species",422,422,914,603,155.333251208067,"21"
"species",423,423,1799,613,45.4506750443276,"2"
"species",424,424,1644,633,31.6483791377395,"8"
"species",425,425,1766,609,35.9207258988501,"2"
"species",426,426,1039,561,93.7089612894669,"1"
"species",427,427,1530,532,14.5972302178993,"2"
"species",428,428,934,547,100.886460632116,"21"
"species",429,429,1097,489,197.977926503695,"13"
"species",430,430,1050,512,35.1086775176227,"8"
"species",431,431,913,562,599.255589684786,"1"
"species",432,432,1655,632,31.6483788639307,"8"
"species",433,433,1467,508,15.3538835244253,"2"
"species",434,434,1787,637,24.9755647704005,"8"
"species",435,435,1044,512,281.862869057784,"21"
"species",436,436,1044,472,452.665139279202,"8"
"species",437,437,1744,619,17.7944249156862,"2"
"species",438,438,1814,645,60.1243311558026,"8"
"species",439,439,905,590,72.8253206760072,"8"
"species",440,440,919,576,89.3912675160567,"21"
"species",441,441,1125,454,102.998431366746,"21"
"species",442,442,1028,569,79.143013320012,"8"
"species",443,443,1115,503,12.2851081324475,"9"
"species",444,444,942,549,84.5051026269419,"21"
"species",445,445,882,556,157.769562458555,"21"
"species",446,446,1174,510,55.0739765118372,"8"
"species",447,447,1151,458,62.8593610934766,"2"
"species",448,448,1437,503,13.725075202376,"2"
"species",449,449,1024,505,173.138619818934,"3"
"species",450,450,1037,556,85.4057031543799,"1"
"species",451,451,1137,516,12.2851087148612,"2"
"species",452,452,1338,583,58.7414499559409,"8"
"species",453,453,1069,482,145.582661472453,"2"
"species",454,454,964,545,159.741824761033,"21"
"species",455,455,1097,466,88.0344362929463,"21"
"species",456,456,1043,610,87.0073734805623,"9"
"species",457,457,1050,557,90.0100734457374,"21"
"species",458,458,1607,595,31.6483786981553,"2"
"species",459,459,1482,516,8.04668484489577,"2"
"species",460,460,1776,645,48.2943199057934,"2"
"species",461,461,1618,556,45.9121840372682,"8"
"species",462,462,1060,477,509.759284925461,"9"
"species",463,463,1669,602,13.3724338272586,"2"
"species",464,464,1487,527,15.3481042506192,"15"
"species",465,465,919,580,83.5130714699626,"8"
"species",466,466,1757,610,23.9018094725907,"2"
"species",467,467,1067,499,35.1086770743132,"9"
"species",468,468,887,608,95.7361176684459,"21"
"species",469,469,1545,531,8.32851396035403,"2"
"species",470,470,1414,454,9.26985036861151,"2"
"species",471,471,1756,607,23.9018097147346,"2"
"species",472,472,1863,661,28.7210868895054,"2"
"species",473,473,1405,493,15.7690338735744,"2"
"species",474,474,1299,548,38.232684130132,"9"
"species",475,475,976,615,73.5593874976039,"8"
"species",476,476,1073,630,238.961775648925,"21"
"species",477,477,1025,623,72.3452824388922,"8"
"species",478,478,946,562,84.4146366715431,"21"
"species",479,479,1110,507,12.315577311445,"2"
"species",480,480,1111,472,62.3651204891503,"8"
"species",481,481,1335,566,37.4480629190803,"2"
"species",482,482,1831,605,186.501428291161,"2"
"species",483,483,1023,493,35.4062486123486,"2"
"species",484,484,1051,568,88.7184446230162,"21"
"species",485,485,889,599,83.5130732804537,"21"
"species",486,486,925,565,283.198778331035,"8"
"species",487,487,1059,568,44.1074104644296,"1"
"species",488,488,928,712,53.7288855937985,"1"
"species",489,489,1057,487,104.15111945563,"1"
"species",490,490,1235,459,1655.78411858037,"2"
"species",491,491,985,499,130.557835750315,"21"
"species",492,492,934,575,297.845926164903,"21"
"species",493,493,869,552,86.102535225461,"8"
"species",494,494,1011,514,171.82033892101,"8"
"species",495,495,1110,469,78.3151115960733,"2"
"species",496,496,1782,641,43.6482142359052,"8"
"species",497,497,1550,524,8.32851373869926,"8"
"species",498,498,1529,512,8.32851381134242,"2"
"species",499,499,1372,463,21.8033544383943,"2"
"species",500,500,1777,643,47.2207546718419,"8"
"species",501,501,1342,486,16.1109505742788,"2"
"species",502,502,1029,577,69.1010578315338,"8"
"species",503,503,898,623,73.1341437475174,"1"
"species",504,504,1083,479,54.6680491827428,"21"
"species",505,505,1257,537,55.0739775672555,"8"
"species",506,506,1612,584,32.4823103976354,"2"
"species",507,507,924,595,78.8029174729844,"1"
"species",508,508,908,578,88.9876207397227,"8"
"species",509,509,899,585,281.397367030396,"21"
"species",510,510,952,560,244.402515282201,"8"
"species",511,511,1096,468,87.8447625712442,"15"
"species",512,512,1080,505,35.1086798943579,"2"
"species",513,513,1094,476,70.8868271112442,"2"
"species",514,514,1032,502,35.1086777485907,"15"
"species",515,515,1088,600,129.609715282917,"8"
"species",516,516,964,551,137.205789723637,"21"
"species",517,517,1010,654,61.3606121771674,"21"
"species",518,518,1080,478,54.6680502146482,"1"
"species",519,519,1030,538,62.248334441334,"8"
"species",520,520,879,598,134.630768888697,"8"
"species",521,521,1010,495,131.284500077586,"21"
"species",522,522,1179,509,12.2851088391617,"2"
"species",523,523,1073,509,35.1086794473231,"2"
"species",524,524,1035,485,130.632072091103,"21"
"species",525,525,1057,475,88.0344379469752,"8"
"species",526,526,1824,645,81.2161396423768,"2"
"species",527,527,1059,479,39.1093251928977,"2"
"species",528,528,1379,577,14.2855168310653,"2"
"species",529,529,803,924,76.5618063360453,"8"
"species",530,530,1018,593,44.087767444551,"21"
"species",531,531,1044,592,127.906619898768,"8"
"species",532,532,1066,481,54.6680496074259,"21"
"species",533,533,1073,500,171.199940815926,"21"
"species",534,534,980,682,97.1699835732579,"8"
"species",535,535,1018,588,44.0877669081092,"8"
"species",536,536,1378,590,42.4965386908885,"8"
"species",537,537,966,700,69.2006483003497,"1"
"species",538,538,958,675,72.9078511441952,"1"
"species",539,539,904,599,107.715783923677,"8"
"species",540,540,1524,619,31.5578547418258,"2"
"species",541,541,873,858,76.5618061572313,"1"
"species",542,542,991,724,44.0877671539783,"1"
"species",543,543,936,650,69.1843178346737,"8"
"species",544,544,1784,641,47.2207553908229,"8"
"species",545,545,1787,643,47.2207545414567,"8"
"species",546,546,1831,657,28.9378965683554,"2"
"species",547,547,1777,612,36.4315739683807,"2"
"species",548,548,1620,586,44.971824854659,"8"
"species",549,549,1101,462,88.0344356298447,"21"
"species",550,550,1338,463,39.9404727965593,"15"
"species",551,551,1086,586,125.47870058582,"21"
"species",552,552,920,594,312.835780113746,"8"
"species",553,553,1108,457,107.925045762844,"21"
"species",554,554,1750,608,24.4314819929286,"2"
"species",555,555,1780,645,47.2216140590608,"8"
"species",556,556,1337,481,16.1109504252672,"2"
"species",557,557,1487,518,8.72250377250379,"2"
"species",558,558,1133,451,153.972560629249,"21"
"species",559,559,884,834,76.5618062838912,"1"
"species",560,560,1065,600,129.609714254737,"21"
"species",561,561,981,504,71.7779768137585,"8"
"species",562,562,1241,474,164.260423123837,"8"
"species",563,563,1034,565,89.7320844903139,"21"
"species",564,564,1614,553,8.32851389609277,"2"
"species",565,565,1592,552,8.32851370051503,"8"
"species",566,566,1132,459,62.1448011659086,"2"
"species",567,567,1596,582,32.292541336323,"2"
"species",568,568,1098,465,88.0344363674521,"21"
"species",569,569,1073,505,35.1086786463857,"2"
"species",570,570,1062,485,96.4677910872733,"8"
"species",571,571,1802,647,47.8568566887797,"2"
"species",572,572,1151,506,12.2851088801399,"2"
"species",573,573,880,624,92.1938558145873,"13"
"species",574,574,890,647,81.9596977683783,"8"
"species",575,575,920,747,62.004003896807,"1"
"species",576,576,1346,574,59.3752662464976,"8"
"species",577,577,1739,606,36.283638048983,"8"
"species",578,578,1262,474,27.929917577666,"8"
"species",579,579,1104,574,47.9977731481575,"21"
"species",580,580,1089,577,47.1806308440864,"1"
"species",581,581,1162,466,906.548761773835,"2"
"species",582,582,870,578,155.442969158265,"8"
"species",583,583,913,967,59.181937965254,"21"
"species",584,584,1356,474,68.7133447733556,"8"
"species",585,585,951,910,77.9810213446617,"1"
"species",586,586,886,598,78.6544271707534,"21"
"species",587,587,1006,619,73.3765832781458,"1"
"species",588,588,1082,480,115.097683270647,"2"
"species",589,589,938,895,77.9810216426849,"1"
"species",590,590,925,981,59.1819366216659,"8"
"species",591,591,1204,443,62.1432970426977,"2"
"species",592,592,1119,479,27.3929609619081,"2"
"species",593,593,1007,522,116.969169214368,"13"
"species",594,594,1037,541,123.452787442428,"8"
"species",595,595,1089,561,48.3054570219383,"1"
"species",596,596,990,763,39.9390476902274,"21"
"species",597,597,1372,448,21.803354434669,"8"
"species",598,598,1489,514,7.99457294121385,"2"
"species",599,599,1071,499,146.464595861487,"2"
"species",600,600,1125,496,149.048023102075,"2"
"species",601,601,1000,507,135.336141452204,"13"
"species",602,602,1053,557,192.811163723469,"2"
"species",603,603,1068,619,188.624616429209,"8"
"species",604,604,1077,459,28.3541641065646,"2"
"species",605,605,1473,508,9.2698502605781,"2"
"species",606,606,930,559,96.7557483911517,"21"
"species",607,607,976,530,878.581631792193,"13"
"species",608,608,1011,646,55.1219360530376,"1"
"species",609,609,1101,518,132.669809156399,"21"
"species",610,610,938,561,97.1797563583181,"21"
"species",611,611,1109,564,188.625378683209,"8"
"species",612,612,1043,528,192.811158910394,"2"
"species",613,613,873,580,111.93872281909,"8"
"species",614,614,890,591,105.770236693547,"21"
"species",615,615,1156,480,397.623471839557,"21"
"species",616,616,1035,521,155.782311573625,"8"
"species",617,617,1146,500,192.811159670353,"13"
"species",618,618,1063,470,213.825139823764,"8"
"species",619,619,1182,451,148.174097219368,"2"
"species",620,620,1144,503,285.836834281683,"13"
"species",621,621,1175,458,104.665092557669,"2"
"species",622,622,1093,469,111.351491041481,"8"
"species",623,623,1107,475,57.9572630934417,"8"
"species",624,624,1036,534,381.258250840695,"8"
"species",625,625,905,559,263.193194775176,"8"
"species",626,626,1227,481,160.471183933861,"2"
"species",627,627,1097,490,173.278222680092,"21"
"species",628,628,1159,512,801.00029429928,"21"
"species",629,629,1066,475,485.077340875202,"8"
"species",630,630,1005,507,61.617795797561,"8"
"species",631,631,899,726,59.1819387078285,"21"
"species",632,632,1130,476,343.591795807625,"8"
"species",633,633,970,521,197.645421754154,"8"
"species",634,634,1066,682,1551.17246044599,"8"
"species",635,635,966,581,305.493793487109,"8"
"species",636,636,1047,580,57.5062714032829,"1"
"species",637,637,1173,458,99.7781884891606,"2"
"species",638,638,897,598,132.184007048677,"8"
"species",639,639,908,598,115.966193102984,"8"
"species",640,640,911,591,78.7122615277782,"21"
"species",641,641,965,577,194.86802792556,"21"
"species",642,642,931,609,155.333249986172,"21"
"species",643,643,1105,609,188.625377982855,"8"
"species",644,644,933,599,166.613704350885,"1"
"species",645,645,1096,547,192.811154022813,"13"
"species",646,646,1064,468,235.292408138513,"2"
"species",647,647,903,618,146.653957471251,"8"
"species",648,648,1067,503,173.278223991394,"21"
"species",649,649,1073,509,129.686609700728,"21"
"species",650,650,1135,544,59.2315187569933,"8"
"species",651,651,1165,544,67.3524701034932,"13"
"species",652,652,1197,540,68.3031039834023,"21"
"species",653,653,1080,465,29.1385933890601,"2"
"species",654,654,1053,513,35.1086789630353,"2"
"species",655,655,1307,555,54.9003765405994,"13"
"species",656,656,1320,571,29.3296744022518,"21"
"species",657,657,1034,529,283.173933547759,"8"
"species",658,658,1306,566,29.3296745792031,"13"
"species",659,659,1035,558,195.669516474009,"8"
"species",660,660,1027,492,130.725811958361,"8"
"species",661,661,951,891,168.42186944731,"8"
"species",662,662,936,568,104.241862602805,"8"
"species",663,663,1159,530,56.9827611967921,"21"
"species",664,664,918,608,126.309612341241,"8"
"species",665,665,1066,563,195.669518053532,"21"
"species",666,666,1179,479,66.4852619692683,"21"
"species",667,667,1105,508,66.4852627366781,"21"
"species",668,668,887,600,78.6185436323285,"21"
"species",669,669,1140,466,76.3998681232333,"8"
"species",670,670,1092,595,188.62537831068,"21"
"species",671,671,1117,478,135.423115963124,"21"
"species",672,672,1165,478,66.4852626398206,"21"
"species",673,673,993,672,79.0075445317395,"8"
"species",674,674,997,655,44.2412162534221,"21"
"species",675,675,1060,685,1380.90002424994,"13"
"species",676,676,977,692,97.1699838712811,"78"
"species",677,677,1169,480,66.4852628111839,"21"
"species",678,678,1146,468,76.3998695015907,"21"
"species",679,679,1076,473,54.6680506318808,"1"
"species",680,680,1086,538,62.1468408405781,"1"
"species",681,681,1106,474,88.0344391837716,"1"
"species",682,682,1274,497,39.9404731355608,"2"
"species",683,683,991,670,85.847209631669,"1"
"species",684,684,1115,546,48.7409245334566,"1"
"species",685,685,1351,478,16.1109505612403,"2"
"species",686,686,1081,486,54.6694134548314,"1"
"species",687,687,1128,499,66.4852636307478,"1"
"species",688,688,1198,464,83.3472274008163,"21"
"species",689,689,1063,596,129.609715506434,"1"
"species",690,690,1239,454,104.970841154939,"21"
"species",691,691,1185,421,1273.83647620652,"13"
"species",692,692,978,603,71.6069178655772,"1"
"species",693,693,1086,534,62.2483336552977,"1"
"species",694,694,912,606,110.779029019177,"21"
"species",695,695,1077,499,61.5994122848652,"21"
"species",696,696,1036,669,38.5946508869529,"21"
"species",697,697,1181,461,147.182055457371,"21"
"species",698,698,1095,491,22.6926350742578,"2"
"species",699,699,1098,475,51.415074139567,"2"
"species",700,700,1111,468,27.3929608669132,"2"
"species",701,701,1533,619,30.1758500208183,"9"
"species",702,702,1051,505,155.835734989781,"21"
"species",703,703,999,763,176.495579040051,"8"
"species",704,704,945,548,97.3638028503618,"21"
"species",705,705,1024,522,323.655341917328,"8"
"species",706,706,1087,551,120.577222399776,"1"
"species",707,707,1106,576,48.7409229762852,"8"
"species",708,708,1199,457,1153.95251106834,"8"
"species",709,709,1388,454,21.8033532146364,"8"
"species",710,710,949,795,176.495575234294,"1"
"species",711,711,1362,442,11.4750003006649,"2"
"species",712,712,1046,516,84.6622892979372,"8"
"species",713,713,1792,622,11.5878555756062,"2"
"species",714,714,1095,535,1252.72971254574,"13"
"species",715,715,1367,456,23.2486138931231,"2"
"species",716,716,1532,560,45.827599678444,"2"
"species",717,717,1173,456,104.903654135792,"2"
"species",718,718,1311,474,39.9404707811773,"2"
"species",719,719,1124,532,192.811156243086,"2"
"species",720,720,1183,472,766.073963344166,"21"
"species",721,721,1059,473,62.3651180937886,"13"
"species",722,722,985,533,94.3341322616573,"21"
"species",723,723,1261,480,28.0261333286762,"2"
"species",724,724,1549,533,8.32851371448487,"8"
"species",725,725,933,630,153.254177317023,"1"
"species",726,726,1202,424,2541.33152061048,"13"
"species",727,727,910,593,153.373407151017,"8"
"species",728,728,807,605,132.464333601325,"8"
"species",729,729,1309,534,21.3910472183798,"2"
"species",730,730,1467,534,15.353883636184,"2"
"species",731,731,1498,548,15.3538833521306,"8"
"species",732,732,1524,558,54.9196268990522,"8"
"species",733,733,1351,574,13.5638850610703,"8"
"species",734,734,1100,602,47.1806308813393,"1"
"species",735,735,893,602,154.901583760935,"21"
"species",736,736,962,531,101.111183777452,"8"
"species",737,737,878,550,85.3066874519484,"8"
"species",738,738,1147,447,153.219720557002,"21"
"species",739,739,1090,590,242.657010346651,"8"
"species",740,740,1027,526,152.06326478771,"8"
"species",741,741,1213,460,950.866661417607,"8"
"species",742,742,1750,631,12.0281213867487,"8"
"species",743,743,1363,474,69.8443288405964,"8"
"species",744,744,1815,600,108.537523950151,"9"
"species",745,745,1717,622,17.962627187285,"8"
"species",746,746,1524,520,8.54500515107038,"2"
"species",747,747,1093,613,260.558396669216,"8"
"species",748,748,960,687,56.4230341464864,"21"
"species",749,749,1005,647,55.121935762465,"1"
"species",750,750,1490,551,15.3538834964856,"2"
"species",751,751,1647,606,13.2285397276406,"2"
"species",752,752,1467,511,15.353883607313,"2"
"species",753,753,1611,579,45.3161173127592,"2"
"species",754,754,1813,601,208.561102695262,"8"
"species",755,755,1792,617,23.9018094595522,"2"
"species",756,756,926,880,77.9810217544436,"1"
"species",757,757,1591,581,45.316117528826,"8"
"species",758,758,1603,587,339.511108735423,"2"
"species",759,759,1036,686,38.5946506746113,"8"
"species",760,760,969,820,38.5946502052248,"21"
"species",761,761,926,792,88.3544986928212,"8"
"species",762,762,1844,617,44.1872628453217,"8"
"species",763,763,1717,632,24.9755647405982,"2"
"species",764,764,987,626,188.625377804041,"8"
"species",765,765,1369,456,21.8033536616713,"2"
"species",766,766,706,1042,76.5618032167355,"8"
"species",767,767,1211,446,178.903696050247,"3"
"species",768,768,935,555,100.991320170463,"21"
"species",769,769,1683,586,47.5090106390417,"25"
"species",770,770,1478,558,27.1947069271724,"8"
"species",771,771,1187,446,62.1432970277965,"8"
"species",772,772,1498,500,7.9945729621686,"2"
"species",773,773,963,752,147.334807742857,"6"
"species",774,774,779,1054,76.5618049502373,"31"
"species",775,775,910,639,83.6362799182534,"8"
"species",776,776,1028,499,131.043813422829,"21"
"species",777,777,945,610,155.333248704672,"8"
"species",778,778,1317,477,128.83013041877,"8"
"species",779,779,1250,456,90.8218683747587,"8"
"species",780,780,1617,585,368.515054285526,"2"
"species",781,781,1494,517,7.99457280477509,"2"
"species",782,782,1349,456,46.0304888073748,"2"
"species",783,783,1586,556,7.99457292817533,"2"
"species",784,784,1044,487,130.63207384944,"21"
"species",785,785,1064,499,22.6926351059228,"8"
"species",786,786,1268,524,12.2851083208289,"9"
"species",787,787,1039,490,35.3848283284283,"9"
"species",788,788,992,532,86.1829177811742,"8"
"species",789,789,925,580,180.147149281279,"8"
"species",790,790,979,509,35.1086788251996,"2"
"species",791,791,1080,600,184.574490365929,"21"
"species",792,792,1252,521,55.0739769637585,"9"
"species",793,793,1444,598,29.2032630853355,"2"
"species",794,794,1362,455,42.3054869301212,"2"
"species",795,795,1318,550,29.9439172729775,"9"
"species",796,796,1176,431,1166.66547977839,"2"
"species",797,797,1577,563,20.4747775807468,"2"
"species",798,798,1054,491,109.221915505826,"1"
"species",799,799,1577,536,8.32851378899068,"8"
"species",800,800,1365,454,90.7219319045806,"8"
"species",801,801,1871,613,107.452083505724,"2"
"species",802,802,1848,606,187.126201932619,"8"
"species",803,803,1131,510,598.404038678792,"21"
"species",804,804,1077,516,122.927870079875,"21"
"species",805,805,1116,468,27.3929609656334,"2"
"species",806,806,1800,618,76.3803678768808,"8"
"species",807,807,1278,506,18.4613004905735,"13"
"species",808,808,935,576,168.516099060626,"8"
"species",809,809,1339,454,90.8156102687284,"8"
"species",810,810,1200,469,803.260038006306,"2"
"species",811,811,1754,632,11.5878554778174,"8"
"species",812,812,1012,566,195.669521152973,"21"
"species",813,813,1061,467,231.549300550968,"8"
"species",814,814,1614,590,87.67247442167,"2"
"species",815,815,1188,465,815.557825428853,"21"
"species",816,816,1188,493,12.2851083995774,"9"
"species",817,817,1640,623,17.8687501810463,"2"
"species",818,818,1032,494,37.8001907338072,"21"
"species",819,819,1474,512,15.3538834461942,"8"
"species",820,820,1217,519,55.0739765839699,"9"
"species",821,821,953,1000,77.3352283188887,"21"
"species",822,822,1125,467,70.5098244287056,"2"
"species",823,823,1475,506,8.32851377967745,"2"
"species",824,824,1821,636,84.3064445737497,"2"
"species",825,825,1779,626,11.5878555327654,"15"
"species",826,826,1807,644,81.103418759127,"2"
"species",827,827,1133,468,38.251528314021,"2"
"species",828,828,1238,455,93.0460816174745,"31"
"species",829,829,1135,466,73.3356642396764,"1"
"species",830,830,1052,526,163.354866535163,"8"
"species",831,831,958,550,221.259510103372,"8"
"species",832,832,1605,629,29.3949967936231,"8"
"species",833,833,1042,546,4663.09425785681,"13"
"species",834,834,1025,561,88.2954225556457,"21"
"species",835,835,1060,511,54.6680513322353,"8"
"species",836,836,1019,590,225.581105894134,"78"
"species",837,837,1214,479,164.260420277715,"2"
"species",838,838,963,518,101.111187823117,"21"
"species",839,839,1161,540,67.1114914676226,"8"
"species",840,840,1448,492,15.8179813054016,"8"
"species",841,841,1608,617,31.6483794748783,"8"
"species",842,842,1059,509,155.827440619469,"21"
"species",843,843,1527,568,42.7215577438474,"8"
"species",844,844,952,521,93.9750591426943,"9"
"species",845,845,1063,595,241.844744250128,"8"
"species",846,846,957,615,188.625376090407,"1"
"species",847,847,1036,506,35.1086782552302,"2"
"species",848,848,895,610,146.653959110379,"21"
"species",849,849,1044,504,277.491355446753,"21"
"species",850,850,1777,644,48.0556841193639,"8"
"species",851,851,1268,488,134.360761276646,"2"
"species",852,852,1645,554,44.9027944617213,"8"
"species",853,853,1699,602,47.4783361479704,"2"
"species",854,854,1166,435,688.487962215296,"2"
"species",855,855,913,607,152.971058637214,"8"
"species",856,856,881,644,72.8252282365483,"21"
"species",857,857,1099,482,289.570079011629,"9"
"species",858,858,1598,621,93.2638180553913,"2"
"species",859,859,974,622,178.979433597029,"21"
"species",860,860,1803,650,24.9755651317537,"15"
"species",861,861,1220,457,140.738053198994,"2"
"species",862,862,936,623,146.653951853514,"8"
"species",863,863,1696,636,24.9755647126585,"2"
"species",864,864,918,610,107.270290466631,"21"
"species",865,865,1831,591,186.757497209567,"2"
"species",866,866,1418,480,16.1109500844032,"8"
"species",867,867,1173,440,62.1432967409492,"2"
"species",868,868,1574,538,8.3285136660561,"2"
"species",869,869,1676,610,93.2214072346565,"2"
"species",870,870,1046,574,124.20722990483,"21"
"species",871,871,964,707,123.500653503649,"8"
"species",872,872,965,556,248.195110320256,"8"
"species",873,873,878,610,138.431741661958,"21"
"species",874,874,1055,534,132.242842886761,"21"
"species",875,875,1635,575,368.515058219433,"13"
"species",876,876,1194,462,107.314191691577,"21"
"species",877,877,1639,583,47.5090109109879,"8"
"species",878,878,1869,596,79.7208841506023,"8"
"species",879,879,1680,582,47.5090122371912,"8"
"species",880,880,1493,489,8.17949471204019,"2"
"species",881,881,1084,607,47.1806319318712,"8"
"species",882,882,1621,575,365.307030349714,"8"
"species",883,883,1040,535,62.2483361624181,"13"
"species",884,884,1799,608,96.394489836002,"2"
"species",885,885,1625,578,201.308149716194,"8"
"species",886,886,1210,438,8061.5103550324,"13"
"species",887,887,1033,514,35.1086789220571,"2"
"species",888,888,1818,626,122.990949448252,"2"
"species",889,889,1092,483,54.6680503338575,"1"
"species",890,890,989,633,55.121936969459,"21"
"species",891,891,1627,608,31.6483794655651,"2"
"species",892,892,1625,580,368.515061944723,"2"
"species",893,893,1787,624,75.6105696558952,"2"
"species",894,894,980,678,62.3216744589537,"8"
"species",895,895,1712,614,11.5878556407988,"2"
"species",896,896,1587,560,14.6417983726458,"2"
"species",897,897,1477,513,15.3538835654035,"2"
"species",898,898,1627,585,30.2770378198475,"2"
"species",899,899,1213,518,55.0739762624105,"9"
"species",900,900,1173,456,1105.4778934441,"2"
"species",901,901,1634,605,62.3725639817463,"8"
"species",902,902,1797,619,123.859642358437,"8"
"species",903,903,1201,433,1195.91580642503,"2"
"species",904,904,1791,629,11.5878554349765,"2"
"species",905,905,1035,518,527.306888743712,"8"
"species",906,906,1186,446,62.1432967111468,"2"
"species",907,907,973,528,101.572750024574,"21"
"species",908,908,993,621,188.625378921628,"21"
"species",909,909,1702,585,47.5090115703642,"8"
"species",910,910,1161,442,749.019567365992,"13"
"species",911,911,1841,589,200.918732985854,"8"
"species",912,912,1495,515,7.99457278707996,"2"
"species",913,913,1346,463,28.9081475445069,"2"
"species",914,914,935,551,99.8575193137276,"21"
"species",915,915,1025,504,38.6174132954198,"13"
"species",916,916,929,620,146.653955951333,"8"
"species",917,917,1088,494,171.569678992211,"21"
"species",918,918,1079,514,62.1468424871564,"21"
"species",919,919,970,841,176.495575340344,"8"
"species",920,920,932,563,84.414634861052,"21"
"species",921,921,1034,574,124.207227297127,"8"
"species",922,922,946,576,86.8294813631476,"1"
"species",923,923,1058,506,183.086589289857,"2"
"species",924,924,1185,457,76.3400405351394,"2"
"species",925,925,1385,459,9.5856479013796,"2"
"species",926,926,1170,440,62.1432962603867,"2"
"species",927,927,1771,624,13.3724336819723,"2"
"species",928,928,1023,503,35.1086792089045,"2"
"species",929,929,1032,546,62.2483346313238,"8"
"species",930,930,1010,530,159.741826474667,"21"
"species",931,931,1192,460,104.665094532073,"3"
"species",932,932,1482,523,15.3538834815845,"2"
"species",933,933,1226,469,28.0261338762939,"2"
"species",934,934,1480,535,15.353883610107,"2"
"species",935,935,1473,510,13.3748521375617,"8"
"species",936,936,1337,453,91.2736179843693,"2"
"species",937,937,1461,572,13.5638846941292,"2"
"species",938,938,1520,512,7.99457297800109,"2"
"species",939,939,943,725,48.6673308315645,"1"
"species",940,940,965,728,44.0877672433853,"1"
"species",941,941,936,773,76.5618055313825,"21"
"species",942,942,916,734,63.2983389752379,"8"
"species",943,943,1058,477,73.26043041262,"21"
"species",944,944,1109,529,350.22767753572,"21"
"species",945,945,1021,570,124.141595222089,"1"
"species",946,946,1092,528,122.927871868014,"21"
"species",947,947,906,712,69.1228164508863,"8"
"species",948,948,1116,515,58.0375978761024,"8"
"species",949,949,1109,579,124.207229882479,"8"
"species",950,950,1125,475,116.225207842332,"9"
"species",951,951,900,588,92.9390417194704,"21"
"species",952,952,1081,622,964.787410510709,"8"
"species",953,953,977,511,60.5792528155677,"9"
"species",954,954,1704,611,17.7944248355925,"8"
"species",955,955,1533,562,49.9080638630287,"8"
"species",956,956,1512,509,7.99457298079505,"2"
"species",957,957,1402,590,38.4576480722768,"8"
"species",958,958,1066,557,268.05814486742,"21"
"species",959,959,960,607,73.5593882352114,"21"
"species",960,960,1549,550,8.32851382065564,"15"
"species",961,961,956,695,66.7527652085594,"21"
"species",962,962,969,833,50.3966886507618,"1"
"species",963,963,1048,730,38.601460064356,"21"
"species",964,964,1039,565,178.737686440349,"8"
"species",965,965,1224,454,178.903700500727,"8"
"species",966,966,1005,584,71.5930681973696,"21"
"species",967,967,1176,455,129.361909048683,"3"
"species",968,968,948,678,97.1699844673276,"21"
"species",969,969,1003,1115,77.9810220118273,"8"
"species",970,970,1145,458,70.8868244960904,"2"
"species",971,971,1025,648,238.96178338329,"13"
"species",972,972,979,590,71.5930672287941,"21"
"species",973,973,1003,667,97.1699882447719,"1"
"species",974,974,1011,675,44.0877671390772,"8"
"species",975,975,842,1011,77.9212169721766,"21"
"species",976,976,1118,471,75.774165109723,"2"
"species",977,977,939,708,69.2006478905678,"1"
"species",978,978,1127,464,70.8868258967996,"2"
"species",979,979,1020,653,43.8117855153307,"21"
"species",980,980,1062,602,190.194786458971,"8"
"species",981,981,936,599,93.2650130831419,"8"
"species",982,982,1114,481,83.0627653987265,"2"
"species",983,983,1138,581,258.992019578112,"8"
"species",984,984,1111,480,72.8602489762839,"2"
"species",985,985,1133,467,63.3250151412987,"8"
"species",986,986,1095,601,188.625380024314,"8"
"species",987,987,1030,609,71.1485716551401,"8"
"species",988,988,1030,522,73.413419046822,"21"
"species",989,989,974,688,59.0976192500016,"8"
"species",990,990,999,562,75.103475689888,"21"
"species",991,991,912,583,308.481000691723,"8"
"species",992,992,872,626,148.12880404242,"8"
"species",993,993,1090,470,62.3651195466518,"2"
"species",994,994,938,554,84.4146359488368,"21"
"species",995,995,1094,497,62.1443084999932,"8"
"species",996,996,894,570,85.3952187002982,"21"
"species",997,997,894,564,115.51800293547,"21"
"species",998,998,1549,582,13.5638849269599,"8"
"species",999,999,1141,507,192.811159819365,"2"
"species",1000,1000,1078,485,54.6680503226817,"8"
"species",1001,1001,1061,489,106.946646318159,"21"
"species",1002,1002,1441,607,29.2032634261996,"2"
"species",1003,1003,1262,486,40.0076621025812,"2"
"species",1004,1004,1392,457,9.26985036302358,"8"
"species",1005,1005,1520,629,36.5193015746772,"8"
"species",1006,1006,1479,500,8.32851381599903,"2"
"species",1007,1007,1355,578,13.5638851681724,"8"
"species",1008,1008,1524,642,36.4488137513411,"2"
"species",1009,1009,1426,464,9.26985029689968,"8"
"species",1010,1010,1461,511,15.3538837013766,"2"
"species",1011,1011,1642,565,50.3564276984964,"14"
"species",1012,1012,1602,636,31.6483792122453,"8"
"species",1013,1013,1670,566,45.9121835157275,"8"
"species",1014,1014,1768,631,47.2207567840815,"8"
"species",1015,1015,1808,648,47.2207556888461,"8"
"species",1016,1016,1805,654,47.5502996817322,"2"
"species",1017,1017,1815,616,107.894001051784,"8"
"species",1018,1018,1826,619,159.692389638656,"2"
"species",1019,1019,1845,615,50.0415045910998,"2"
"species",1020,1020,1038,589,216.729945083981,"8"
"species",1021,1021,1047,489,146.464591407776,"9"
"species",1022,1022,1347,478,39.9404726289213,"2"
"species",1023,1023,1040,508,155.835737884045,"8"
"species",1024,1024,1121,458,62.1432975009084,"2"
"species",1025,1025,1356,478,64.6427350267768,"2"
