"species","x","y","bio4","bio16","gpw2000_30_sec","swa_2000lulc_2km"
"species",1,1,1191,447,5515.67724609375,"13"
"species",2,2,919,598,102.726890563965,"8"
"species",3,3,1509,509,7.99457311630249,"2"
"species",4,4,1583,573,45.3161163330078,"8"
"species",5,5,1286,501,39.9404716491699,"2"
"species",6,6,1083,576,183.593200683594,"1"
"species",7,7,1178,440,2465.0966796875,"13"
"species",8,8,1078,544,4871.93212890625,"13"
"species",9,9,1356,478,64.6427307128906,"2"
"species",10,10,883,586,82.5017166137695,"21"
"species",11,11,1478,502,8.32851409912109,"2"
"species",12,12,1546,562,30.5128440856934,"2"
"species",13,13,1363,474,69.4097366333008,"8"
"species",14,14,1333,472,62.169319152832,"8"
"species",15,15,1625,576,368.515075683594,"13"
"species",16,16,1343,459,21.8033542633057,"8"
"species",17,17,1146,455,62.1432991027832,"1"
"species",18,18,1171,442,62.1432991027832,"8"
"species",19,19,1500,513,7.99457311630249,"2"
"species",20,20,1100,602,47.1806297302246,"1"
"species",21,21,1241,474,164.26042175293,"8"
"species",22,22,1432,502,16.1109504699707,"2"
"species",23,23,1491,503,7.99457311630249,"2"
"species",24,24,1556,564,22.4365329742432,"2"
"species",25,25,1553,570,30.2770385742188,"8"
"species",26,26,1151,468,74.0196762084961,"2"
"species",27,27,1284,477,164.049240112305,"2"
"species",28,28,1245,456,69.6078414916992,"8"
"species",29,29,893,604,72.4451370239258,"21"
"species",30,30,1369,455,21.8033542633057,"15"
"species",31,31,1522,544,15.3538827896118,"2"
"species",32,32,1568,572,30.2770366668701,"8"
"species",33,33,930,551,84.4146347045898,"21"
"species",34,34,1126,472,70.8868255615234,"2"
"species",35,35,1538,514,7.99457311630249,"2"
"species",36,36,1544,594,13.5638847351074,"2"
"species",37,37,1543,617,31.6483783721924,"2"
"species",38,38,1625,596,31.6483783721924,"15"
"species",39,39,1539,517,7.99457311630249,"15"
"species",40,40,1537,604,26.6780796051025,"2"
"species",41,41,1042,498,23.6892395019531,"15"
"species",42,42,1482,502,8.0025110244751,"2"
"species",43,43,1477,503,11.0603828430176,"8"
"species",44,44,1471,505,15.351731300354,"2"
"species",45,45,1796,633,47.2207565307617,"8"
"species",46,46,1556,589,13.5638847351074,"2"
"species",47,47,1197,518,12.2851095199585,"2"
"species",48,48,1108,494,46.1702079772949,"2"
"species",49,49,1108,478,30.9381942749023,"2"
"species",50,50,966,547,158.686813354492,"8"
"species",51,51,1096,470,64.9709014892578,"2"
"species",52,52,1083,479,54.6680488586426,"21"
"species",53,53,1553,539,8.32851409912109,"8"
"species",54,54,1315,555,29.3296756744385,"2"
"species",55,55,1573,570,30.2770366668701,"8"
"species",56,56,1106,476,159.741821289062,"2"
"species",57,57,1552,621,31.4635143280029,"8"
"species",58,58,1525,512,8.32851409912109,"2"
"species",59,59,1592,584,34.1089019775391,"2"
"species",60,60,1176,472,684.615844726562,"8"
"species",61,61,934,547,100.689987182617,"21"
"species",62,62,1164,596,268.058135986328,"8"
"species",63,63,929,586,83.513069152832,"8"
"species",64,64,1330,485,27.281063079834,"99"
"species",65,65,935,571,84.4146347045898,"21"
"species",66,66,1077,487,228.800033569336,"2"
"species",67,67,1299,548,39.3066482543945,"9"
"species",68,68,1076,480,38.774600982666,"2"
"species",69,69,893,605,111.445602416992,"21"
"species",70,70,1766,609,36.4315719604492,"2"
"species",71,71,1669,602,13.3724336624146,"2"
"species",72,72,1487,527,15.3533267974854,"15"
"species",73,73,1572,576,30.2770385742188,"8"
"species",74,74,1437,503,13.8752145767212,"2"
"species",75,75,1545,531,8.32851409912109,"2"
"species",76,76,1414,454,9.26984977722168,"2"
"species",77,77,1067,499,35.1086769104004,"9"
"species",78,78,922,569,84.4146347045898,"21"
"species",79,79,907,813,76.5618057250977,"8"
"species",80,80,1023,504,38.1871681213379,"21"
"species",81,81,1596,582,30.7580738067627,"2"
"species",82,82,1111,472,62.365119934082,"8"
"species",83,83,900,580,84.4146347045898,"21"
"species",84,84,916,585,92.9564437866211,"8"
"species",85,85,974,608,73.5590972900391,"8"
"species",86,86,1179,509,12.2851095199585,"2"
"species",87,87,1073,509,35.1086807250977,"2"
"species",88,88,803,924,76.5618057250977,"8"
"species",89,89,1044,592,129.228149414062,"8"
"species",90,90,1142,447,81.9949264526367,"8"
"species",91,91,1798,612,79.7007675170898,"2"
"species",92,92,1338,463,39.9404716491699,"15"
"species",93,93,1073,505,35.1086769104004,"2"
"species",94,94,1110,507,12.2851085662842,"2"
"species",95,95,1216,467,61.9662437438965,"8"
"species",96,96,1644,633,31.6483783721924,"8"
"species",97,97,1405,493,15.6472902297974,"2"
"species",98,98,1782,641,47.2207565307617,"8"
"species",99,99,990,763,39.7274856567383,"21"
"species",100,100,873,858,76.5618057250977,"1"
"species",101,101,1076,473,54.6680526733398,"1"
"species",102,102,1086,538,62.1468391418457,"1"
"species",103,103,1106,474,88.0344390869141,"1"
"species",104,104,1274,497,39.9404716491699,"2"
"species",105,105,1115,546,48.7409248352051,"1"
"species",106,106,1351,478,16.1109504699707,"2"
"species",107,107,1081,486,54.6680488586426,"1"
"species",108,108,1198,464,80.5115737915039,"21"
"species",109,109,1063,596,129.609710693359,"1"
"species",110,110,1239,454,106.371536254883,"21"
"species",111,111,1024,522,346.068939208984,"8"
"species",112,112,1371,442,19.5668869018555,"2"
"species",113,113,1085,571,48.7409248352051,"8"
"species",114,114,1362,442,10.410608291626,"2"
"species",115,115,1072,505,58.6734275817871,"8"
"species",116,116,1268,488,143.433135986328,"2"
"species",117,117,1087,551,120.52010345459,"1"
"species",118,118,951,891,171.856338500977,"8"
"species",119,119,1490,551,15.3538837432861,"2"
"species",120,120,1647,606,13.2312936782837,"2"
"species",121,121,1467,511,15.3538837432861,"2"
"species",122,122,1329,452,20.9288349151611,"2"
"species",123,123,1611,579,45.3161163330078,"2"
"species",124,124,1523,507,7.99457311630249,"2"
"species",125,125,1146,500,192.811157226562,"13"
"species",126,126,1116,468,27.3929615020752,"2"
"species",127,127,1115,487,345.755889892578,"8"
"species",128,128,1014,500,35.1086807250977,"2"
"species",129,129,1369,456,21.8033542633057,"2"
"species",130,130,1520,559,47.8940200805664,"8"
"species",131,131,1628,600,93.2638244628906,"15"
"species",132,132,1226,469,28.0261344909668,"2"
"species",133,133,1213,447,7595.47021484375,"13"
"species",134,134,1090,573,48.7409248352051,"1"
"species",135,135,1080,489,146.464599609375,"2"
"species",136,136,1318,550,27.9818267822266,"9"
"species",137,137,1061,492,146.464599609375,"9"
"species",138,138,1332,489,71.7386245727539,"15"
"species",139,139,1059,473,62.3651161193848,"13"
"species",140,140,1277,498,39.9404716491699,"2"
"species",141,141,1608,617,31.6483783721924,"8"
"species",142,142,1804,641,47.2207527160645,"8"
"species",143,143,1477,513,15.3538837432861,"2"
"species",144,144,1170,440,62.1432952880859,"2"
"species",145,145,1529,524,11.3748712539673,"2"
"species",146,146,1631,558,9.53620433807373,"2"
"species",147,147,1647,607,73.7905044555664,"2"
"species",148,148,1683,586,47.5090103149414,"25"
"species",149,149,1105,472,115.217002868652,"21"
"species",150,150,1125,492,281.844116210938,"21"
"species",151,151,1235,459,1147.59704589844,"2"
"species",152,152,1064,499,22.6926345825195,"8"
"species",153,153,969,936,77.794807434082,"21"
"species",154,154,1309,534,20.4771404266357,"2"
"species",155,155,1144,503,285.836822509766,"13"
"species",156,156,925,981,59.1819381713867,"8"
"species",157,157,1102,498,173.043045043945,"8"
"species",158,158,952,521,93.1473617553711,"9"
"species",159,159,1063,595,242.657012939453,"8"
"species",160,160,992,532,86.1829147338867,"8"
"species",161,161,1485,494,7.99457311630249,"8"
"species",162,162,1771,624,13.3724336624146,"2"
"species",163,163,942,562,99.3551406860352,"21"
"species",164,164,1220,457,140.540374755859,"2"
"species",165,165,1333,626,29.3296756744385,"21"
"species",166,166,1107,475,158.619705200195,"2"
"species",167,167,1192,460,104.665092468262,"3"
"species",168,168,1482,523,15.3538837432861,"2"
"species",169,169,1614,590,86.8862838745117,"2"
"species",170,170,1480,535,15.3538837432861,"2"
"species",171,171,1577,536,8.32851409912109,"8"
"species",172,172,1473,510,14.3602733612061,"8"
"species",173,173,1337,453,91.0330429077148,"2"
"species",174,174,1461,572,13.5638847351074,"2"
"species",175,175,1520,512,7.99457311630249,"2"
"species",176,176,1054,491,109.22191619873,"1"
"species",177,177,1251,443,8061.51025390625,"13"
"species",178,178,1603,587,348.498840332031,"2"
"species",179,179,1532,560,45.8973770141602,"2"
