"species","x","y","bio4","bio16","gpw2000_30_sec","simplelc2000"
"species",1,1,1016,497,333.760406494141,"1"
"species",2,2,1013,552,531.619750976562,"5"
"species",3,3,943,602,120.175727844238,"4"
"species",4,4,926,603,155.333251953125,"1"
"species",5,5,950,708,69.2006454467773,"1"
"species",6,6,1100,587,188.625381469727,"4"
"species",7,7,919,598,102.726890563965,"4"
"species",8,8,1070,545,4781.9638671875,"5"
"species",9,9,962,716,50.7844047546387,"1"
"species",10,10,952,565,127.936836242676,"1"
"species",11,11,1103,496,174.172302246094,"4"
"species",12,12,954,572,83.513069152832,"1"
"species",13,13,931,612,83.6362762451172,"1"
"species",14,14,942,940,77.9810180664062,"1"
"species",15,15,1163,489,647.445556640625,"1"
"species",16,16,930,579,192.635498046875,"4"
"species",17,17,997,577,222.451919555664,"4"
"species",18,18,1010,499,112.895240783691,"5"
"species",19,19,1005,563,178.737686157227,"4"
"species",20,20,885,577,155.333251953125,"4"
"species",21,21,980,676,97.1699905395508,"3"
"species",22,22,1239,456,93.0460815429688,"4"
"species",23,23,984,547,266.476287841797,"5"
"species",24,24,1115,487,345.755889892578,"4"
"species",25,25,955,556,264.542755126953,"4"
"species",26,26,1035,657,248.812072753906,"4"
"species",27,27,936,559,178.660491943359,"4"
"species",28,28,1094,486,137.720108032227,"2"
"species",29,29,1102,498,173.043045043945,"4"
"species",30,30,949,723,69.1341400146484,"1"
"species",31,31,1026,495,134.922729492188,"4"
"species",32,32,892,592,84.3945083618164,"1"
"species",33,33,1059,508,127.341445922852,"4"
"species",34,34,937,595,167.163467407227,"1"
"species",35,35,1068,494,173.278228759766,"4"
"species",36,36,1143,454,82.9152374267578,"4"
"species",37,37,860,886,76.5618057250977,"1"
"species",38,38,938,558,434.030548095703,"1"
"species",39,39,832,1028,77.9810256958008,"1"
"species",40,40,922,711,59.1819381713867,"3"
"species",41,41,933,632,69.2006454467773,"1"
"species",42,42,1070,495,143.900543212891,"2"
"species",43,43,1074,497,155.835739135742,"3"
"species",44,44,1098,496,173.115921020508,"1"
"species",45,45,1017,532,509.632080078125,"1"
"species",46,46,894,593,79.883056640625,"1"
"species",47,47,859,593,84.1681900024414,"1"
"species",48,48,893,620,72.784309387207,"4"
"species",49,49,894,630,75.0208587646484,"4"
"species",50,50,901,660,83.6288299560547,"1"
"species",51,51,872,663,79.6872024536133,"1"
"species",52,52,1022,501,38.7746047973633,"1"
"species",53,53,1023,504,38.1871681213379,"1"
"species",54,54,885,607,83.6338500976562,"4"
"species",55,55,893,605,111.445602416992,"1"
"species",56,56,995,555,226.575698852539,"4"
"species",57,57,1004,519,884.409729003906,"4"
"species",58,58,1087,607,47.1806335449219,"1"
"species",59,59,898,587,83.9077835083008,"1"
"species",60,60,960,557,195.198379516602,"4"
"species",61,61,1083,500,150.107208251953,"1"
"species",62,62,892,602,83.5130767822266,"1"
"species",63,63,893,604,72.4451370239258,"1"
"species",64,64,929,586,83.513069152832,"4"
"species",65,65,1030,569,98.2231369018555,"4"
"species",66,66,870,615,95.7044677734375,"4"
"species",67,67,936,759,60.5284652709961,"4"
"species",68,68,889,599,83.513069152832,"1"
"species",69,69,1073,509,35.1086807250977,"2"
"species",70,70,900,580,84.4146347045898,"1"
"species",71,71,964,545,159.741821289062,"1"
"species",72,72,938,565,198.090774536133,"1"
"species",73,73,974,608,73.5590972900391,"4"
"species",74,74,1040,508,155.835739135742,"4"
"species",75,75,1076,473,54.6680526733398,"1"
"species",76,76,1086,538,62.1468391418457,"1"
"species",77,77,991,670,86.853271484375,"1"
"species",78,78,1115,546,48.7409248352051,"1"
"species",79,79,1128,499,66.4852676391602,"1"
"species",80,80,1198,464,80.5115737915039,"1"
"species",81,81,1239,454,106.371536254883,"1"
"species",82,82,1063,596,129.609710693359,"1"
"species",83,83,1106,576,48.7409210205078,"4"
"species",84,84,1078,542,4871.93212890625,"5"
"species",85,85,706,1042,76.5618057250977,"4"
"species",86,86,1021,570,124.098052978516,"1"
"species",87,87,928,577,188.271255493164,"4"
"species",88,88,1092,528,122.927871704102,"1"
"species",89,89,906,712,69.1455078125,"4"
"species",90,90,1078,544,4871.93212890625,"5"
"species",91,91,924,610,155.333251953125,"1"
"species",92,92,897,598,135.272064208984,"4"
"species",93,93,1064,499,22.6926345825195,"4"
"species",94,94,964,546,234.305709838867,"1"
"species",95,95,992,532,86.1829147338867,"4"
