"species","x","y","bio4","bio16","gpw2000_30_sec","simplelc2000"
"species",1,1,1061,492,146.464599609375,"3"
"species",2,2,990,530,283.663452148438,"4"
"species",3,3,883,586,82.5017166137695,"1"
"species",4,4,1016,497,333.760406494141,"1"
"species",5,5,1059,508,127.341445922852,"4"
"species",6,6,1013,552,531.619750976562,"5"
"species",7,7,943,602,120.175727844238,"4"
"species",8,8,926,603,155.333251953125,"1"
"species",9,9,950,708,69.2006454467773,"1"
"species",10,10,1000,594,264.156219482422,"1"
"species",11,11,1100,587,188.625381469727,"4"
"species",12,12,919,598,102.726890563965,"4"
"species",13,13,771,1043,76.5618057250977,"2"
"species",14,14,1191,447,5515.67724609375,"5"
"species",15,15,1032,534,95.0354919433594,"4"
"species",16,16,1070,545,4781.9638671875,"5"
"species",17,17,959,546,266.476287841797,"1"
"species",18,18,962,716,50.7844047546387,"1"
"species",19,19,1078,544,4871.93212890625,"5"
"species",20,20,952,565,127.936836242676,"1"
"species",21,21,1103,496,174.172302246094,"4"
"species",22,22,1028,546,224.358245849609,"1"
"species",23,23,954,572,83.513069152832,"1"
"species",24,24,931,612,83.6362762451172,"1"
"species",25,25,1045,544,96.8656921386719,"1"
"species",26,26,942,940,77.9810180664062,"1"
"species",27,27,881,592,141.79670715332,"1"
"species",28,28,1163,489,647.445556640625,"1"
"species",29,29,930,579,192.635498046875,"4"
"species",30,30,997,577,222.451919555664,"4"
"species",31,31,1010,499,112.895240783691,"5"
"species",32,32,984,547,266.476287841797,"5"
"species",33,33,924,610,155.333251953125,"1"
"species",34,34,1005,563,178.737686157227,"4"
"species",35,35,885,577,155.333251953125,"4"
"species",36,36,1178,440,2465.0966796875,"5"
"species",37,37,1329,464,21.8033542633057,"4"
"species",38,38,1013,484,130.632064819336,"2"
"species",39,39,980,676,97.1699905395508,"3"
"species",40,40,1239,456,93.0460815429688,"4"
"species",41,41,1383,476,64.6427383422852,"4"
"species",42,42,1030,586,88.2002716064453,"1"
"species",43,43,895,610,146.653961181641,"1"
"species",44,44,1274,465,64.6427307128906,"4"
"species",45,45,929,606,155.193725585938,"4"
"species",46,46,919,550,160.944412231445,"1"
"species",47,47,951,555,248.258056640625,"4"
"species",48,48,1115,487,345.755889892578,"4"
"species",49,49,955,556,264.542755126953,"4"
"species",50,50,1035,657,248.812072753906,"4"
"species",51,51,936,559,178.660491943359,"4"
"species",52,52,1094,486,137.720108032227,"2"
"species",53,53,1006,619,73.5313034057617,"1"
"species",54,54,1068,494,173.278228759766,"4"
"species",55,55,1102,498,173.043045043945,"4"
"species",56,56,949,723,69.1341400146484,"1"
"species",57,57,1083,576,183.593200683594,"1"
"species",58,58,1252,479,164.26042175293,"4"
"species",59,59,892,592,84.3945083618164,"1"
"species",60,60,1026,495,134.922729492188,"4"
"species",61,61,928,577,188.271255493164,"4"
"species",62,62,933,630,153.254180908203,"1"
"species",63,63,1060,476,64.4457702636719,"2"
"species",64,64,1143,464,1007.06805419922,"4"
"species",65,65,937,595,167.163467407227,"1"
"species",66,66,1100,488,337.363342285156,"1"
"species",67,67,898,623,73.2598342895508,"1"
"species",68,68,938,558,434.030548095703,"1"
"species",69,69,1237,459,64.6427307128906,"4"
"species",70,70,1063,476,62.365119934082,"4"
"species",71,71,1203,468,159.563064575195,"4"
"species",72,72,1143,454,82.9152374267578,"4"
"species",73,73,1158,462,73.7972106933594,"1"
"species",74,74,892,602,83.5130767822266,"1"
"species",75,75,893,604,72.4451370239258,"1"
"species",76,76,880,642,83.6362762451172,"1"
"species",77,77,1369,455,21.8033542633057,"1"
"species",78,78,1522,544,15.3538827896118,"2"
"species",79,79,1568,572,30.2770366668701,"4"
"species",80,80,930,551,84.4146347045898,"1"
"species",81,81,1126,472,70.8868255615234,"2"
"species",82,82,900,580,84.4146347045898,"1"
"species",83,83,870,615,95.7044677734375,"4"
"species",84,84,1003,612,73.1865692138672,"1"
"species",85,85,860,886,76.5618057250977,"1"
"species",86,86,832,1028,77.9810256958008,"1"
"species",87,87,922,711,59.1819381713867,"3"
"species",88,88,933,632,69.2006454467773,"1"
"species",89,89,1070,495,143.900543212891,"2"
"species",90,90,1074,497,155.835739135742,"3"
"species",91,91,1048,495,146.563049316406,"3"
"species",92,92,1098,496,173.115921020508,"1"
"species",93,93,1017,532,509.632080078125,"1"
"species",94,94,894,593,79.883056640625,"1"
"species",95,95,898,587,83.9077835083008,"1"
"species",96,96,859,593,84.1681900024414,"1"
"species",97,97,893,620,72.784309387207,"4"
"species",98,98,894,630,75.0208587646484,"4"
"species",99,99,899,607,72.4451370239258,"1"
"species",100,100,907,648,83.6362838745117,"1"
"species",101,101,901,660,83.6288299560547,"1"
"species",102,102,872,663,79.6872024536133,"1"
"species",103,103,1022,501,38.7746047973633,"1"
"species",104,104,1019,494,38.774600982666,"4"
"species",105,105,1023,504,38.1871681213379,"1"
"species",106,106,885,607,83.6338500976562,"4"
"species",107,107,893,605,111.445602416992,"1"
"species",108,108,995,555,226.575698852539,"4"
"species",109,109,1004,519,884.409729003906,"4"
"species",110,110,1016,568,124.19694519043,"1"
"species",111,111,1027,562,101.09935760498,"1"
"species",112,112,960,546,738.201599121094,"1"
"species",113,113,1087,607,47.1806335449219,"1"
"species",114,114,1625,596,31.6483783721924,"1"
"species",115,115,1543,617,31.6483783721924,"2"
"species",116,116,1550,604,17.1533126831055,"2"
"species",117,117,1539,515,7.99457311630249,"2"
"species",118,118,1536,517,7.99457311630249,"4"
"species",119,119,1782,623,24.3189544677734,"2"
"species",120,120,1791,635,47.2207565307617,"2"
"species",121,121,1814,645,60.0151519775391,"4"
"species",122,122,1778,612,33.1794281005859,"2"
"species",123,123,1471,505,15.351731300354,"2"
"species",124,124,1477,503,11.0603828430176,"4"
"species",125,125,989,570,84.0649108886719,"4"
"species",126,126,883,605,83.513069152832,"4"
"species",127,127,964,599,155.333251953125,"1"
"species",128,128,1113,471,67.9526977539062,"2"
"species",129,129,1164,596,268.058135986328,"4"
"species",130,130,966,547,158.686813354492,"4"
"species",131,131,863,635,83.6362762451172,"1"
"species",132,132,891,835,76.5618057250977,"1"
"species",133,133,960,604,159.050857543945,"4"
"species",134,134,1538,514,7.99457311630249,"2"
"species",135,135,1740,610,11.5878553390503,"2"
"species",136,136,1126,507,103.315734863281,"3"
"species",137,137,952,555,159.741821289062,"4"
"species",138,138,960,557,195.198379516602,"4"
"species",139,139,1083,500,150.107208251953,"1"
"species",140,140,929,586,83.513069152832,"4"
"species",141,141,1030,569,98.2231369018555,"4"
"species",142,142,1701,592,23.9018096923828,"2"
"species",143,143,1796,633,47.2207565307617,"4"
"species",144,144,1545,561,24.6760349273682,"2"
"species",145,145,1525,512,8.32851409912109,"2"
"species",146,146,935,571,84.4146347045898,"1"
"species",147,147,1108,478,30.9381942749023,"2"
"species",148,148,1069,482,146.261444091797,"2"
"species",149,149,1115,480,57.8004035949707,"2"
"species",150,150,1553,539,8.32851409912109,"4"
"species",151,151,1176,472,684.615844726562,"4"
"species",152,152,1107,475,158.619705200195,"2"
"species",153,153,1066,498,173.278213500977,"4"
"species",154,154,1050,629,238.961776733398,"4"
"species",155,155,1167,474,677.532653808594,"3"
"species",156,156,972,591,195.55827331543,"4"
"species",157,157,1787,637,24.975564956665,"4"
"species",158,158,913,562,602.742553710938,"1"
"species",159,159,934,547,100.689987182617,"1"
"species",160,160,1077,487,228.800033569336,"2"
"species",161,161,1572,576,30.2770385742188,"4"
"species",162,162,1556,589,13.5638847351074,"2"
"species",163,163,1076,480,38.774600982666,"2"
"species",164,164,1437,503,13.8752145767212,"2"
"species",165,165,1080,480,28.3115653991699,"2"
"species",166,166,1014,494,38.774600982666,"1"
"species",167,167,933,708,69.2006530761719,"4"
"species",168,168,1478,503,8.22598171234131,"2"
"species",169,169,1779,634,47.2207565307617,"4"
"species",170,170,1852,609,178.14533996582,"4"
"species",171,171,1798,612,79.7007675170898,"2"
"species",172,172,1798,638,47.2207565307617,"2"
"species",173,173,1097,466,88.0344390869141,"1"
"species",174,174,985,499,130.632080078125,"1"
"species",175,175,1045,485,94.8721542358398,"1"
"species",176,176,916,585,92.9564437866211,"4"
"species",177,177,1025,623,72.7703094482422,"4"
"species",178,178,1051,568,88.8038024902344,"1"
"species",179,179,1011,514,168.966522216797,"4"
"species",180,180,1073,505,35.1086769104004,"2"
"species",181,181,925,637,69.2006454467773,"4"
"species",182,182,1010,654,55.1219329833984,"1"
"species",183,183,1136,591,267.348358154297,"4"
"species",184,184,1120,459,88.0344390869141,"4"
"species",185,185,1074,471,88.0344390869141,"1"
"species",186,186,945,553,90.1486434936523,"1"
"species",187,187,980,869,56.5530471801758,"1"
"species",188,188,889,599,83.513069152832,"1"
"species",189,189,920,594,313.878051757812,"4"
"species",190,190,1787,643,47.2207527160645,"4"
"species",191,191,1110,507,12.2851085662842,"2"
"species",192,192,1109,464,88.0344390869141,"1"
"species",193,193,1330,485,27.281063079834,"6"
"species",194,194,1863,661,28.7210865020752,"2"
"species",195,195,1198,497,12.2851085662842,"2"
"species",196,196,1782,641,47.2207565307617,"4"
"species",197,197,1558,564,19.6327610015869,"4"
"species",198,198,1216,467,61.9662437438965,"4"
"species",199,199,1097,489,196.37907409668,"5"
"species",200,200,937,543,827.052429199219,"1"
"species",201,201,1133,509,12.2851085662842,"2"
"species",202,202,924,578,201.977874755859,"5"
"species",203,203,981,542,119.67359161377,"1"
"species",204,204,1042,653,238.961776733398,"4"
"species",205,205,1023,493,36.3793296813965,"2"
"species",206,206,1002,674,80.1623229980469,"4"
"species",207,207,1231,452,79.292854309082,"1"
"species",208,208,974,608,73.5590972900391,"4"
"species",209,209,1034,565,89.748908996582,"1"
"species",210,210,1005,552,62.2483329772949,"1"
"species",211,211,1003,659,188.154495239258,"4"
"species",212,212,1027,649,223.690246582031,"4"
"species",213,213,873,858,76.5618057250977,"1"
"species",214,214,920,747,61.9351005554199,"1"
"species",215,215,936,759,60.5284652709961,"4"
"species",216,216,1073,509,35.1086807250977,"2"
"species",217,217,964,545,159.741821289062,"1"
"species",218,218,938,565,198.090774536133,"1"
"species",219,219,1104,574,47.9212760925293,"1"
"species",220,220,1125,492,281.844116210938,"1"
"species",221,221,1100,602,47.1806297302246,"1"
"species",222,222,1089,561,47.3731651306152,"1"
"species",223,223,990,763,39.7274856567383,"1"
"species",224,224,1040,508,155.835739135742,"4"
"species",225,225,1076,473,54.6680526733398,"1"
"species",226,226,1086,538,62.1468391418457,"1"
"species",227,227,1106,474,88.0344390869141,"1"
"species",228,228,1274,497,39.9404716491699,"2"
"species",229,229,991,670,86.853271484375,"1"
"species",230,230,1115,546,48.7409248352051,"1"
"species",231,231,1081,486,54.6680488586426,"1"
"species",232,232,1351,478,16.1109504699707,"2"
"species",233,233,1128,499,66.4852676391602,"1"
"species",234,234,1198,464,80.5115737915039,"1"
"species",235,235,1063,596,129.609710693359,"1"
"species",236,236,1239,454,106.371536254883,"1"
"species",237,237,1051,505,155.835739135742,"1"
"species",238,238,965,616,187.061538696289,"1"
"species",239,239,1106,576,48.7409210205078,"4"
"species",240,240,1509,509,7.99457311630249,"2"
"species",241,241,1066,491,331.923492431641,"4"
"species",242,242,1371,442,19.5668869018555,"2"
"species",243,243,905,612,111.781425476074,"1"
"species",244,244,920,609,153.234954833984,"1"
"species",245,245,1078,542,4871.93212890625,"5"
"species",246,246,1093,613,249.174423217773,"4"
"species",247,247,1490,551,15.3538837432861,"2"
"species",248,248,957,615,188.625381469727,"1"
"species",249,249,1777,644,47.2207565307617,"4"
"species",250,250,964,546,234.305709838867,"1"
"species",251,251,925,981,59.1819381713867,"4"
"species",252,252,1097,490,173.278228759766,"1"
"species",253,253,1482,516,8.01048278808594,"2"
"species",254,254,960,590,155.333251953125,"1"
"species",255,255,935,555,101.111183166504,"1"
"species",256,256,966,700,69.2006454467773,"1"
"species",257,257,1608,617,31.6483783721924,"4"
"species",258,258,1068,619,188.625381469727,"4"
"species",259,259,1213,447,7595.47021484375,"5"
"species",260,260,1146,455,62.1432991027832,"1"
"species",261,261,1512,509,7.99457311630249,"2"
"species",262,262,1524,558,54.9546585083008,"4"
"species",263,263,1485,494,7.99457311630249,"4"
"species",264,264,1166,435,659.147399902344,"2"
"species",265,265,1628,582,19.6327610015869,"4"
"species",266,266,1804,641,47.2207527160645,"4"
"species",267,267,1176,431,1164.94055175781,"2"
"species",268,268,1047,684,1551.17248535156,"4"
"species",269,269,1116,468,27.3929615020752,"2"
"species",270,270,1014,500,35.1086807250977,"2"
"species",271,271,1369,456,21.8033542633057,"2"
"species",272,272,1520,559,47.8940200805664,"4"
"species",273,273,1628,600,93.2638244628906,"1"
"species",274,274,1226,469,28.0261344909668,"2"
"species",275,275,908,598,114.025398254395,"4"
"species",276,276,1500,516,13.2728681564331,"2"
"species",277,277,952,521,93.1473617553711,"3"
"species",278,278,919,568,84.4146347045898,"1"
"species",279,279,1807,644,79.4317092895508,"2"
"species",280,280,1792,617,23.9018096923828,"2"
"species",281,281,1125,474,126.51261138916,"2"
"species",282,282,1598,621,93.2638168334961,"2"
"species",283,283,1064,499,22.6926345825195,"4"
"species",284,284,943,627,153.254180908203,"4"
"species",285,285,925,580,190.429168701172,"4"
"species",286,286,985,614,61.534481048584,"4"
"species",287,287,926,880,77.9810180664062,"1"
"species",288,288,1006,654,55.1219367980957,"1"
"species",289,289,1105,472,115.217002868652,"1"
"species",290,290,1033,514,35.1086769104004,"2"
"species",291,291,1625,580,368.515075683594,"2"
"species",292,292,1159,530,56.9762306213379,"1"
"species",293,293,1683,586,47.5090103149414,"1"
"species",294,294,1370,449,21.8033542633057,"2"
"species",295,295,1577,536,8.32851409912109,"4"
"species",296,296,1125,475,127.538475036621,"3"
"species",297,297,1251,443,8061.51025390625,"5"
"species",298,298,1059,542,142.866058349609,"1"
"species",299,299,1169,447,665.575256347656,"2"
"species",300,300,1173,456,1114.92114257812,"2"
"species",301,301,1081,622,1006.64916992188,"4"
"species",302,302,1135,468,263.444976806641,"3"
"species",303,303,936,623,146.653945922852,"4"
"species",304,304,1844,617,45.2908706665039,"4"
"species",305,305,1524,520,8.72613334655762,"2"
"species",306,306,1750,631,12.0262975692749,"4"
"species",307,307,1477,513,15.3538837432861,"2"
"species",308,308,1268,524,12.2851085662842,"3"
"species",309,309,1144,503,285.836822509766,"5"
"species",310,310,706,1042,76.5618057250977,"4"
"species",311,311,1021,570,124.098052978516,"1"
"species",312,312,1092,528,122.927871704102,"1"
"species",313,313,906,712,69.1455078125,"4"
"species",314,314,897,598,135.272064208984,"4"
"species",315,315,992,532,86.1829147338867,"4"
"species",316,316,1035,518,552.806030273438,"4"
"species",317,317,984,506,35.1086807250977,"2"
"species",318,318,965,556,253.033309936523,"4"
"species",319,319,1086,586,125.806167602539,"1"
"species",320,320,910,639,83.6362838745117,"4"
"species",321,321,1088,494,172.944702148438,"1"
"species",322,322,891,606,141.598220825195,"1"
"species",323,323,1183,449,1043.12109375,"5"
"species",324,324,1313,485,42.1458206176758,"2"
