"species","x","y","bio4","bio16","gpw2000_30_sec","simplelc2000"
"species",1,1,1191,447,5515.67724609375,"5"
"species",2,2,990,530,283.663452148438,"4"
"species",3,3,1089,579,48.7409248352051,"1"
"species",4,4,1176,490,12.2851085662842,"2"
"species",5,5,1509,509,7.99457311630249,"2"
"species",6,6,1153,431,722.71435546875,"4"
"species",7,7,1355,474,65.0076217651367,"4"
"species",8,8,1357,452,10.6904935836792,"2"
"species",9,9,883,586,82.5017166137695,"1"
"species",10,10,897,598,135.272064208984,"4"
"species",11,11,1328,490,158.605010986328,"2"
"species",12,12,1026,495,134.922729492188,"4"
"species",13,13,1045,544,96.8656921386719,"1"
"species",14,14,1016,497,333.760406494141,"1"
"species",15,15,1383,476,64.6427383422852,"4"
"species",16,16,1848,606,187.033157348633,"4"
"species",17,17,1183,472,765.849304199219,"1"
"species",18,18,905,612,111.781425476074,"1"
"species",19,19,1075,534,195.669525146484,"1"
"species",20,20,1143,574,261.376983642578,"4"
"species",21,21,923,590,78.6185455322266,"1"
"species",22,22,1096,495,173.278213500977,"1"
"species",23,23,1013,552,531.619750976562,"5"
"species",24,24,1013,484,130.632064819336,"2"
"species",25,25,1251,443,8061.51025390625,"5"
"species",26,26,943,602,120.175727844238,"4"
"species",27,27,1109,529,219.839935302734,"1"
"species",28,28,1066,505,109.22191619873,"4"
"species",29,29,966,542,159.209167480469,"4"
"species",30,30,1061,492,146.464599609375,"3"
"species",31,31,959,546,266.476287841797,"1"
"species",32,32,1078,544,4871.93212890625,"5"
"species",33,33,926,603,155.333251953125,"1"
"species",34,34,950,708,69.2006454467773,"1"
"species",35,35,1000,594,264.156219482422,"1"
"species",36,36,1052,563,263.471435546875,"1"
"species",37,37,1100,587,188.625381469727,"4"
"species",38,38,919,598,102.726890563965,"4"
"species",39,39,942,940,77.9810180664062,"1"
"species",40,40,771,1043,76.5618057250977,"2"
"species",41,41,1141,507,192.811157226562,"2"
"species",42,42,929,606,155.193725585938,"4"
"species",43,43,1328,459,21.8033542633057,"2"
"species",44,44,1032,534,95.0354919433594,"4"
"species",45,45,960,590,155.333251953125,"1"
"species",46,46,1070,545,4781.9638671875,"5"
"species",47,47,892,592,84.3945083618164,"1"
"species",48,48,1060,476,64.4457702636719,"2"
"species",49,49,1222,478,31.4841175079346,"2"
"species",50,50,1072,621,1064.81335449219,"4"
"species",51,51,1517,514,7.99457311630249,"2"
"species",52,52,924,610,155.333251953125,"1"
"species",53,53,1115,487,345.755889892578,"4"
"species",54,54,881,592,141.79670715332,"1"
"species",55,55,1125,492,281.844116210938,"1"
"species",56,56,962,716,50.7844047546387,"1"
"species",57,57,999,763,176.495590209961,"4"
"species",58,58,952,565,127.936836242676,"1"
"species",59,59,1117,478,143.299713134766,"1"
"species",60,60,1103,496,174.172302246094,"4"
"species",61,61,1028,546,224.358245849609,"1"
"species",62,62,954,572,83.513069152832,"1"
"species",63,63,931,612,83.6362762451172,"1"
"species",64,64,1080,549,96.8656921386719,"1"
"species",65,65,1163,489,647.445556640625,"1"
"species",66,66,930,579,192.635498046875,"4"
"species",67,67,997,577,222.451919555664,"4"
"species",68,68,1010,499,112.895240783691,"5"
"species",69,69,1018,506,143.149276733398,"1"
"species",70,70,1006,619,73.5313034057617,"1"
"species",71,71,1063,522,122.927871704102,"4"
"species",72,72,1213,447,7595.47021484375,"5"
"species",73,73,1141,469,62.1432952880859,"2"
"species",74,74,1016,529,86.1829147338867,"1"
"species",75,75,1051,507,152.490707397461,"1"
"species",76,76,984,547,266.476287841797,"5"
"species",77,77,1088,494,172.944702148438,"1"
"species",78,78,1005,563,178.737686157227,"4"
"species",79,79,841,891,59.1819381713867,"4"
"species",80,80,885,577,155.333251953125,"4"
"species",81,81,1089,498,146.596389770508,"2"
"species",82,82,919,550,160.944412231445,"1"
"species",83,83,1194,455,96.5851974487305,"4"
"species",84,84,935,555,101.111183166504,"1"
"species",85,85,1178,440,2465.0966796875,"5"
"species",86,86,1329,464,21.8033542633057,"4"
"species",87,87,1337,469,64.6427383422852,"4"
"species",88,88,869,552,86.1257553100586,"4"
"species",89,89,1081,532,122.911354064941,"1"
"species",90,90,1365,445,14.2677574157715,"2"
"species",91,91,908,598,114.025398254395,"4"
"species",92,92,1274,465,64.6427307128906,"4"
"species",93,93,1316,463,64.5624847412109,"4"
"species",94,94,1561,521,8.27779102325439,"2"
"species",95,95,1235,459,1147.59704589844,"2"
"species",96,96,1118,548,123.324485778809,"4"
"species",97,97,1038,552,62.2483329772949,"1"
"species",98,98,1040,508,155.835739135742,"4"
"species",99,99,1071,473,62.365119934082,"2"
"species",100,100,964,546,234.305709838867,"1"
"species",101,101,980,676,97.1699905395508,"3"
"species",102,102,1062,545,140.808197021484,"1"
"species",103,103,989,496,469.486389160156,"4"
"species",104,104,849,601,103.036224365234,"4"
"species",105,105,1626,604,31.6483783721924,"2"
"species",106,106,1093,596,47.1806335449219,"1"
"species",107,107,1239,456,93.0460815429688,"4"
"species",108,108,1030,586,88.2002716064453,"1"
"species",109,109,1204,451,2382.44482421875,"5"
"species",110,110,895,610,146.653961181641,"1"
"species",111,111,969,936,77.794807434082,"1"
"species",112,112,1078,542,4871.93212890625,"5"
"species",113,113,1329,479,64.6427307128906,"2"
"species",114,114,1367,479,111.174736022949,"2"
"species",115,115,1334,473,64.6427307128906,"4"
"species",116,116,1382,439,21.6681728363037,"2"
"species",117,117,1361,477,125.834373474121,"2"
"species",118,118,886,598,78.6430969238281,"1"
"species",119,119,1064,469,201.625183105469,"4"
"species",120,120,925,580,190.429168701172,"4"
"species",121,121,912,613,146.653961181641,"1"
"species",122,122,1067,524,76.7963638305664,"1"
"species",123,123,1501,506,7.99457311630249,"4"
"species",124,124,1051,502,170.378372192383,"1"
"species",125,125,955,556,264.542755126953,"4"
"species",126,126,1035,657,248.812072753906,"4"
"species",127,127,1576,568,30.2770366668701,"2"
"species",128,128,926,880,77.9810180664062,"1"
"species",129,129,936,559,178.660491943359,"4"
"species",130,130,1094,486,137.720108032227,"2"
"species",131,131,1022,544,253.810424804688,"1"
"species",132,132,1371,442,19.5668869018555,"2"
"species",133,133,1206,502,12.2851085662842,"2"
"species",134,134,1241,470,164.26042175293,"2"
"species",135,135,1059,473,62.3651161193848,"5"
"species",136,136,854,601,153.254180908203,"5"
"species",137,137,1106,480,267.508117675781,"2"
"species",138,138,1342,464,41.5667114257812,"2"
"species",139,139,1356,474,69.3124694824219,"4"
"species",140,140,1014,649,44.0877647399902,"1"
"species",141,141,1077,566,48.7409248352051,"4"
"species",142,142,1369,461,21.8033542633057,"2"
"species",143,143,1071,471,292.078918457031,"4"
"species",144,144,1102,498,173.043045043945,"4"
"species",145,145,949,723,69.1341400146484,"1"
"species",146,146,1083,576,183.593200683594,"1"
"species",147,147,945,581,71.5930709838867,"1"
"species",148,148,1252,479,164.26042175293,"4"
"species",149,149,1489,514,7.99457311630249,"2"
"species",150,150,1545,527,8.32851409912109,"2"
"species",151,151,1086,567,48.7409248352051,"1"
"species",152,152,942,562,99.3551406860352,"1"
"species",153,153,913,607,155.333251953125,"4"
"species",154,154,1360,460,30.2803955078125,"2"
"species",155,155,1106,576,48.7409210205078,"4"
"species",156,156,1248,488,39.9634628295898,"2"
"species",157,157,920,609,153.234954833984,"1"
"species",158,158,1065,578,96.8656921386719,"1"
"species",159,159,1047,553,192.811157226562,"4"
"species",160,160,1122,543,188.625381469727,"4"
"species",161,161,928,577,188.271255493164,"4"
"species",162,162,925,580,183.14533996582,"1"
"species",163,163,1523,507,7.99457311630249,"2"
"species",164,164,1313,473,70.8796997070312,"2"
"species",165,165,1188,465,822.035583496094,"1"
"species",166,166,1164,434,62.1432991027832,"4"
"species",167,167,1110,535,62.9203605651855,"1"
"species",168,168,1051,505,155.835739135742,"1"
"species",169,169,1256,463,64.6427307128906,"2"
"species",170,170,1143,464,1007.06805419922,"4"
"species",171,171,938,728,44.0877647399902,"4"
"species",172,172,1059,508,127.341445922852,"4"
"species",173,173,937,595,167.163467407227,"1"
"species",174,174,1237,459,64.6427307128906,"4"
"species",175,175,1171,442,62.1432991027832,"4"
"species",176,176,963,987,77.9810180664062,"4"
"species",177,177,1202,424,2584.28857421875,"5"
"species",178,178,1075,561,95.0469284057617,"4"
"species",179,179,1068,494,173.278228759766,"4"
"species",180,180,1057,505,155.835739135742,"1"
"species",181,181,1362,442,10.410608291626,"2"
"species",182,182,1261,485,149.038482666016,"2"
"species",183,183,987,574,120.405693054199,"1"
"species",184,184,1339,557,33.204475402832,"3"
"species",185,185,1014,701,38.5946502685547,"4"
"species",186,186,1626,542,31.4807415008545,"2"
"species",187,187,1073,500,172.041046142578,"1"
"species",188,188,1629,557,8.72253131866455,"4"
"species",189,189,1708,606,14.6039686203003,"2"
"species",190,190,1313,557,29.3296756744385,"3"
"species",191,191,1712,597,41.2943458557129,"4"
"species",192,192,1332,489,71.7386245727539,"1"
"species",193,193,1524,558,54.9546585083008,"4"
"species",194,194,1032,589,57.5062713623047,"4"
"species",195,195,1036,539,930.166320800781,"1"
"species",196,196,1484,514,7.99457311630249,"2"
"species",197,197,1409,448,9.269850730896,"4"
"species",198,198,1098,493,62.1266174316406,"1"
"species",199,199,1414,603,35.281436920166,"4"
"species",200,200,1043,528,192.811157226562,"2"
"species",201,201,1073,535,62.2483329772949,"1"
"species",202,202,1485,520,15.3538837432861,"2"
"species",203,203,1162,466,926.984252929688,"2"
"species",204,204,964,510,35.1086769104004,"4"
"species",205,205,1222,475,31.4841175079346,"4"
"species",206,206,1067,542,192.811157226562,"2"
"species",207,207,1485,494,7.99457311630249,"4"
"species",208,208,1618,556,45.9121856689453,"2"
"species",209,209,1096,547,192.811157226562,"5"
"species",210,210,1733,629,13.3724336624146,"2"
"species",211,211,1530,510,8.32851314544678,"2"
"species",212,212,1040,573,124.207229614258,"1"
"species",213,213,1810,614,36.4315757751465,"2"
"species",214,214,1525,558,53.6655921936035,"5"
"species",215,215,1516,508,7.99457311630249,"2"
"species",216,216,1549,543,7.99457311630249,"2"
"species",217,217,1059,497,22.6926345825195,"2"
"species",218,218,1101,487,27.3929615020752,"2"
"species",219,219,1114,507,148.542572021484,"1"
"species",220,220,1626,609,92.9136734008789,"4"
"species",221,221,1109,464,88.0344390869141,"1"
"species",222,222,1285,453,91.8849029541016,"4"
"species",223,223,1808,624,11.5878553390503,"2"
"species",224,224,1201,494,12.2851085662842,"2"
"species",225,225,1711,599,23.9018096923828,"2"
"species",226,226,1494,517,7.99457311630249,"2"
"species",227,227,1070,583,57.5062713623047,"1"
"species",228,228,1436,597,29.2032623291016,"4"
"species",229,229,958,510,35.1086807250977,"2"
"species",230,230,1020,547,355.078277587891,"4"
"species",231,231,1599,626,31.6483783721924,"2"
"species",232,232,1615,629,31.6483783721924,"4"
"species",233,233,1701,617,13.3724346160889,"1"
"species",234,234,1588,583,55.9056510925293,"4"
"species",235,235,1587,540,7.99457311630249,"1"
"species",236,236,1183,586,267.615631103516,"1"
"species",237,237,1755,627,11.5878553390503,"2"
"species",238,238,1080,511,128.383529663086,"4"
"species",239,239,1329,556,29.3296756744385,"2"
"species",240,240,1529,524,11.3748712539673,"2"
"species",241,241,1213,468,40.0368194580078,"2"
"species",242,242,1483,524,15.2950458526611,"2"
"species",243,243,1369,455,21.8033542633057,"1"
"species",244,244,1273,454,21.803352355957,"2"
"species",245,245,1398,449,9.26984977722168,"5"
"species",246,246,1018,549,1828.87744140625,"4"
"species",247,247,1473,508,9.27183532714844,"2"
"species",248,248,1184,451,81.985107421875,"1"
"species",249,249,1068,585,119.044006347656,"1"
"species",250,250,1672,564,45.9121856689453,"3"
"species",251,251,1027,696,38.5946502685547,"4"
"species",252,252,1019,590,223.80924987793,"5"
"species",253,253,1318,561,59.3752632141113,"2"
"species",254,254,1048,674,38.5946502685547,"1"
"species",255,255,999,610,73.5593872070312,"4"
"species",256,256,1276,454,92.3831558227539,"2"
"species",257,257,1647,607,73.7905044555664,"2"
"species",258,258,1013,635,44.0877685546875,"5"
"species",259,259,1634,605,61.9592552185059,"4"
"species",260,260,1827,617,36.5317573547363,"2"
"species",261,261,1092,604,129.609710693359,"4"
"species",262,262,1144,485,173.704483032227,"2"
"species",263,263,1626,605,82.8126449584961,"4"
"species",264,264,1659,591,7.99457311630249,"2"
"species",265,265,1632,576,368.515045166016,"2"
"species",266,266,1729,597,23.9018096923828,"2"
"species",267,267,988,540,133.009780883789,"1"
"species",268,268,1291,543,55.0739784240723,"4"
"species",269,269,1124,532,192.811157226562,"2"
"species",270,270,1615,540,35.7089538574219,"2"
"species",271,271,1589,536,8.32851409912109,"2"
"species",272,272,1303,499,48.3470115661621,"2"
"species",273,273,992,672,97.1699905395508,"4"
"species",274,274,1562,625,31.648380279541,"2"
"species",275,275,1171,458,142.400497436523,"1"
"species",276,276,929,580,104.814964294434,"1"
"species",277,277,1052,528,618.718444824219,"4"
"species",278,278,1267,454,23.7438354492188,"4"
"species",279,279,931,608,110.779029846191,"1"
"species",280,280,874,570,111.93872833252,"4"
"species",281,281,1017,706,38.5946502685547,"4"
"species",282,282,1757,628,11.5878553390503,"2"
"species",283,283,1508,508,7.99457311630249,"2"
"species",284,284,1197,492,12.2851085662842,"4"
"species",285,285,1487,518,8.51985454559326,"2"
"species",286,286,1120,459,88.0344390869141,"4"
"species",287,287,961,606,158.039993286133,"4"
"species",288,288,935,571,84.4146347045898,"1"
"species",289,289,900,580,84.4146347045898,"1"
"species",290,290,1038,523,332.797729492188,"4"
"species",291,291,929,554,845.626220703125,"1"
"species",292,292,938,558,434.030548095703,"1"
"species",293,293,913,562,602.742553710938,"1"
"species",294,294,1538,514,7.99457311630249,"2"
"species",295,295,975,550,195.669509887695,"1"
"species",296,296,1100,602,47.1806297302246,"1"
"species",297,297,1143,463,87.2459716796875,"1"
"species",298,298,1557,530,8.32851409912109,"2"
"species",299,299,892,602,83.5130767822266,"1"
"species",300,300,1025,547,62.2483367919922,"1"
"species",301,301,1030,552,62.8781204223633,"1"
"species",302,302,1025,542,62.2483329772949,"4"
"species",303,303,1106,476,159.741821289062,"2"
"species",304,304,1576,565,52.5121078491211,"4"
"species",305,305,1174,466,57.9572639465332,"1"
"species",306,306,1339,469,40.3470268249512,"4"
"species",307,307,1338,463,39.9404716491699,"1"
"species",308,308,1560,569,30.2770385742188,"2"
"species",309,309,924,578,201.977874755859,"5"
"species",310,310,958,550,228.859909057617,"4"
"species",311,311,898,587,83.9077835083008,"1"
"species",312,312,1203,468,159.563064575195,"4"
"species",313,313,1151,468,74.0196762084961,"2"
"species",314,314,860,886,76.5618057250977,"1"
"species",315,315,1527,513,8.17764377593994,"4"
"species",316,316,1216,467,61.9662437438965,"4"
"species",317,317,1257,476,164.26042175293,"2"
"species",318,318,1245,456,69.6078414916992,"4"
"species",319,319,1087,607,47.1806335449219,"1"
"species",320,320,1340,455,19.4944667816162,"2"
"species",321,321,1063,476,62.365119934082,"4"
"species",322,322,1107,472,62.3679466247559,"2"
"species",323,323,1074,473,62.3651161193848,"2"
"species",324,324,1136,469,80.9754791259766,"4"
"species",325,325,1326,486,39.9404716491699,"2"
"species",326,326,1209,471,127.015380859375,"4"
"species",327,327,1329,452,20.9288349151611,"2"
"species",328,328,1110,471,67.9299163818359,"2"
"species",329,329,1222,464,146.987838745117,"4"
"species",330,330,1350,460,25.7251605987549,"2"
"species",331,331,1143,454,82.9152374267578,"4"
"species",332,332,1142,460,89.3080291748047,"1"
"species",333,333,1143,467,58.5686721801758,"1"
"species",334,334,1174,463,58.1512489318848,"1"
"species",335,335,893,604,72.4451370239258,"1"
"species",336,336,872,607,83.513069152832,"1"
"species",337,337,1016,568,124.19694519043,"1"
"species",338,338,1139,469,66.9710540771484,"1"
"species",339,339,1115,480,57.8004035949707,"2"
"species",340,340,1077,509,142.360275268555,"1"
"species",341,341,1059,511,296.967590332031,"1"
"species",342,342,891,835,76.5618057250977,"1"
"species",343,343,1159,513,12.2851085662842,"2"
"species",344,344,964,545,159.741821289062,"1"
"species",345,345,974,608,73.5590972900391,"4"
"species",346,346,916,585,92.9564437866211,"4"
"species",347,347,1114,509,64.1746139526367,"1"
"species",348,348,1552,621,31.4635143280029,"4"
"species",349,349,919,568,84.4146347045898,"1"
"species",350,350,1231,452,79.292854309082,"1"
"species",351,351,1728,600,23.9018096923828,"2"
"species",352,352,1492,539,15.3538837432861,"2"
"species",353,353,1050,479,38.774600982666,"2"
"species",354,354,1042,653,238.961776733398,"4"
"species",355,355,1550,528,8.32851409912109,"2"
"species",356,356,985,499,130.632080078125,"1"
"species",357,357,1787,643,47.2207527160645,"4"
"species",358,358,1010,484,130.632064819336,"4"
"species",359,359,1831,605,187.033157348633,"2"
"species",360,360,1757,610,23.9018096923828,"2"
"species",361,361,922,569,84.4146347045898,"1"
"species",362,362,1062,496,172.617172241211,"4"
"species",363,363,1004,519,884.409729003906,"4"
"species",364,364,941,581,83.8386993408203,"4"
"species",365,365,1022,501,38.7746047973633,"1"
"species",366,366,1108,494,46.1702079772949,"2"
"species",367,367,995,555,226.575698852539,"4"
"species",368,368,1005,584,71.5930709838867,"1"
"species",369,369,1021,565,123.49641418457,"4"
"species",370,370,960,604,159.050857543945,"4"
"species",371,371,1522,544,15.3538827896118,"2"
"species",372,372,1568,572,30.2770366668701,"4"
"species",373,373,930,551,84.4146347045898,"1"
"species",374,374,1126,472,70.8868255615234,"2"
"species",375,375,1079,504,279.806182861328,"4"
"species",376,376,1070,499,288.309143066406,"2"
"species",377,377,1076,480,38.774600982666,"2"
"species",378,378,1125,474,126.51261138916,"2"
"species",379,379,1072,507,343.131683349609,"4"
"species",380,380,1101,548,140.928848266602,"1"
"species",381,381,1037,556,83.4574279785156,"1"
"species",382,382,983,519,101.425010681152,"4"
"species",383,383,935,550,101.425010681152,"4"
"species",384,384,929,586,83.513069152832,"4"
"species",385,385,1107,481,253.322647094727,"1"
"species",386,386,1070,496,146.464599609375,"2"
"species",387,387,1097,482,163.580795288086,"4"
"species",388,388,1077,487,228.800033569336,"2"
"species",389,389,1055,618,344.721862792969,"4"
"species",390,390,922,711,59.1819381713867,"3"
"species",391,391,933,708,69.2006530761719,"4"
"species",392,392,1172,459,94.6349411010742,"2"
"species",393,393,971,706,86.7594833374023,"1"
"species",394,394,918,580,81.8882064819336,"1"
"species",395,395,1013,635,238.961761474609,"4"
"species",396,396,910,799,59.1819381713867,"1"
"species",397,397,832,1028,77.9810256958008,"1"
"species",398,398,899,737,59.1819381713867,"4"
"species",399,399,933,632,69.2006454467773,"1"
"species",400,400,1070,495,143.900543212891,"2"
"species",401,401,1074,497,155.835739135742,"3"
"species",402,402,1098,496,173.115921020508,"1"
"species",403,403,1017,532,509.632080078125,"1"
"species",404,404,894,593,79.883056640625,"1"
"species",405,405,859,593,84.1681900024414,"1"
"species",406,406,893,620,72.784309387207,"4"
"species",407,407,894,630,75.0208587646484,"4"
"species",408,408,899,607,72.4451370239258,"1"
"species",409,409,909,635,83.6362762451172,"4"
"species",410,410,907,648,83.6362838745117,"1"
"species",411,411,901,660,83.6288299560547,"1"
"species",412,412,872,663,79.6872024536133,"1"
"species",413,413,1019,494,38.774600982666,"4"
"species",414,414,1023,504,38.1871681213379,"1"
"species",415,415,885,607,83.6338500976562,"4"
"species",416,416,893,605,111.445602416992,"1"
"species",417,417,1027,562,101.09935760498,"1"
"species",418,418,1110,581,258.219543457031,"1"
"species",419,419,946,562,84.4146347045898,"1"
"species",420,420,968,542,101.425018310547,"1"
"species",421,421,1097,497,146.587432861328,"2"
"species",422,422,1048,495,146.563049316406,"3"
"species",423,423,960,546,738.201599121094,"1"
"species",424,424,938,581,72.4451446533203,"4"
"species",425,425,938,565,198.090774536133,"1"
"species",426,426,1852,609,178.14533996582,"4"
"species",427,427,1088,621,47.1806297302246,"4"
"species",428,428,826,916,76.5618057250977,"4"
"species",429,429,1537,604,26.6780796051025,"2"
"species",430,430,1543,617,31.6483783721924,"2"
"species",431,431,1625,596,31.6483783721924,"1"
"species",432,432,1641,601,31.6483783721924,"4"
"species",433,433,1541,605,31.1843223571777,"1"
"species",434,434,1550,604,17.1533126831055,"2"
"species",435,435,1525,512,8.32851409912109,"2"
"species",436,436,1551,517,7.99457311630249,"2"
"species",437,437,1539,515,7.99457311630249,"2"
"species",438,438,1505,505,7.99457311630249,"2"
"species",439,439,1782,623,24.3189544677734,"2"
"species",440,440,1028,492,22.6926345825195,"4"
"species",441,441,1840,613,138.096252441406,"4"
"species",442,442,1864,616,123.598777770996,"4"
"species",443,443,1800,645,47.2207527160645,"2"
"species",444,444,1799,614,104.430213928223,"2"
"species",445,445,1798,612,79.7007675170898,"2"
"species",446,446,1778,612,33.1794281005859,"2"
"species",447,447,1783,641,47.2207527160645,"4"
"species",448,448,1767,628,46.855354309082,"4"
"species",449,449,1786,640,47.2207565307617,"2"
"species",450,450,1780,643,24.975564956665,"4"
"species",451,451,1482,502,8.0025110244751,"2"
"species",452,452,1477,503,11.0603828430176,"4"
"species",453,453,1585,602,28.571870803833,"2"
"species",454,454,1528,600,13.5638856887817,"2"
"species",455,455,1714,600,23.9018096923828,"2"
"species",456,456,1536,535,15.3538837432861,"2"
"species",457,457,1863,661,28.7210865020752,"2"
"species",458,458,1335,566,37.4480628967285,"2"
"species",459,459,1121,457,105.932487487793,"1"
"species",460,460,1437,503,13.8752145767212,"2"
"species",461,461,1573,570,30.2770366668701,"4"
"species",462,462,1299,548,39.3066482543945,"3"
"species",463,463,1767,638,47.2207565307617,"2"
"species",464,464,1544,594,13.5638847351074,"2"
"species",465,465,1197,518,12.2851095199585,"2"
"species",466,466,938,544,84.4146347045898,"1"
"species",467,467,1572,576,30.2770385742188,"4"
"species",468,468,1051,482,99.9957809448242,"1"
"species",469,469,928,757,66.4790725708008,"1"
"species",470,470,943,721,69.1540679931641,"1"
"species",471,471,934,755,59.1819343566895,"1"
"species",472,472,809,938,76.5618057250977,"1"
"species",473,473,1111,472,70.8868255615234,"2"
"species",474,474,1176,472,684.615844726562,"4"
"species",475,475,937,543,827.052429199219,"1"
"species",476,476,1074,625,627.505310058594,"1"
"species",477,477,1150,485,410.988037109375,"4"
"species",478,478,1097,466,88.0344390869141,"1"
"species",479,479,1096,470,64.9709014892578,"2"
"species",480,480,1030,566,88.3620681762695,"5"
"species",481,481,919,576,84.4146347045898,"1"
"species",482,482,877,621,95.6770935058594,"4"
"species",483,483,870,615,95.7044677734375,"4"
"species",484,484,1091,601,47.1806297302246,"4"
"species",485,485,1005,553,64.0821533203125,"4"
"species",486,486,966,547,158.686813354492,"4"
"species",487,487,1096,606,129.609710693359,"4"
"species",488,488,898,631,81.9517974853516,"5"
"species",489,489,1044,472,439.188049316406,"4"
"species",490,490,1740,610,11.5878553390503,"2"
"species",491,491,1126,507,103.315734863281,"3"
"species",492,492,952,555,159.741821289062,"4"
"species",493,493,1796,633,47.2207565307617,"4"
"species",494,494,1046,509,35.1086807250977,"2"
"species",495,495,883,605,83.513069152832,"4"
"species",496,496,1102,502,122.553199768066,"5"
"species",497,497,993,604,193.726867675781,"4"
"species",498,498,1164,596,268.058135986328,"4"
"species",499,499,1001,515,101.713645935059,"1"
"species",500,500,1060,505,165.478118896484,"1"
"species",501,501,1067,498,155.835739135742,"3"
"species",502,502,1167,474,677.532653808594,"3"
"species",503,503,1044,512,310.038909912109,"1"
"species",504,504,960,557,195.198379516602,"4"
"species",505,505,1083,500,150.107208251953,"1"
"species",506,506,1030,569,98.2231369018555,"4"
"species",507,507,1575,572,30.2770385742188,"2"
"species",508,508,1653,609,11.5910015106201,"2"
"species",509,509,1545,561,24.6760349273682,"2"
"species",510,510,1471,505,15.351731300354,"2"
"species",511,511,936,650,69.2006454467773,"4"
"species",512,512,1066,491,331.923492431641,"4"
"species",513,513,884,834,76.5618057250977,"1"
"species",514,514,972,591,195.55827331543,"4"
"species",515,515,1116,510,146.121566772461,"4"
"species",516,516,1382,489,16.1109504699707,"2"
"species",517,517,1528,561,54.9546585083008,"5"
"species",518,518,1058,473,62.365119934082,"2"
"species",519,519,1330,485,27.281063079834,"6"
"species",520,520,1108,482,27.3929615020752,"2"
"species",521,521,1079,491,146.625595092773,"4"
"species",522,522,1009,499,134.917068481445,"4"
"species",523,523,881,653,72.5464324951172,"1"
"species",524,524,1036,654,238.961791992188,"1"
"species",525,525,924,626,146.653961181641,"1"
"species",526,526,1045,484,70.8800277709961,"4"
"species",527,527,1074,471,88.0344390869141,"1"
"species",528,528,1111,513,66.4852600097656,"1"
"species",529,529,934,547,100.689987182617,"1"
"species",530,530,1197,434,7641.16357421875,"5"
"species",531,531,939,565,120.189315795898,"4"
"species",532,532,952,624,98.3564910888672,"1"
"species",533,533,997,544,208.110961914062,"1"
"species",534,534,1039,559,90.0100784301758,"1"
"species",535,535,1074,569,124.207229614258,"4"
"species",536,536,826,1042,77.2446212768555,"1"
"species",537,537,1802,647,47.4549713134766,"2"
"species",538,538,1119,473,70.8868255615234,"2"
"species",539,539,1099,466,59.4226303100586,"1"
"species",540,540,1069,482,146.261444091797,"2"
"species",541,541,1107,475,158.619705200195,"2"
"species",542,542,1027,649,223.690246582031,"4"
"species",543,543,1066,498,173.278213500977,"4"
"species",544,544,920,607,78.6185455322266,"4"
"species",545,545,1020,490,130.632080078125,"4"
"species",546,546,964,551,103.642074584961,"1"
"species",547,547,1019,559,96.3691711425781,"1"
"species",548,548,991,749,44.0877685546875,"4"
"species",549,549,1085,481,37.1308708190918,"2"
"species",550,550,1080,480,28.3115653991699,"2"
"species",551,551,1007,505,28.8584899902344,"1"
"species",552,552,1108,478,30.9381942749023,"2"
"species",553,553,996,685,44.0877647399902,"1"
"species",554,554,964,599,155.333251953125,"1"
"species",555,555,1001,532,271.643859863281,"4"
"species",556,556,1378,590,41.7708511352539,"4"
"species",557,557,1094,476,70.8868255615234,"2"
"species",558,558,1766,609,36.4315719604492,"2"
"species",559,559,1174,510,55.0739784240723,"4"
"species",560,560,880,642,83.6362762451172,"1"
"species",561,561,1198,497,12.2851085662842,"2"
"species",562,562,914,603,155.333251953125,"1"
"species",563,563,936,623,146.653945922852,"4"
"species",564,564,1490,506,7.99457311630249,"2"
"species",565,565,935,563,157.221115112305,"1"
"species",566,566,1594,581,30.2770385742188,"2"
"species",567,567,1614,554,8.32851409912109,"2"
"species",568,568,1825,602,187.033157348633,"4"
"species",569,569,1556,589,13.5638847351074,"2"
"species",570,570,1553,539,8.32851409912109,"4"
"species",571,571,1135,509,56.9827575683594,"1"
"species",572,572,1530,532,14.5286293029785,"2"
"species",573,573,1655,632,31.6483783721924,"4"
"species",574,574,1798,638,47.2207565307617,"2"
"species",575,575,1054,627,261.49072265625,"4"
"species",576,576,1025,623,72.7703094482422,"4"
"species",577,577,1133,451,153.972564697266,"1"
"species",578,578,1118,482,78.1542816162109,"2"
"species",579,579,1078,471,62.365119934082,"2"
"species",580,580,1818,656,83.8414916992188,"4"
"species",581,581,836,897,64.5519256591797,"1"
"species",582,582,1056,507,287.305694580078,"2"
"species",583,583,1132,459,62.1432952880859,"2"
"species",584,584,1059,483,38.774600982666,"2"
"species",585,585,1137,516,12.2851085662842,"2"
"species",586,586,1338,583,58.9720649719238,"4"
"species",587,587,1127,471,70.8868255615234,"2"
"species",588,588,1024,505,174.73420715332,"3"
"species",589,589,1108,457,108.471771240234,"1"
"species",590,590,914,558,84.4146347045898,"1"
"species",591,591,919,580,83.513069152832,"4"
"species",592,592,1782,641,47.2207565307617,"4"
"species",593,593,889,599,83.513069152832,"1"
"species",594,594,924,595,78.9452438354492,"1"
"species",595,595,790,1009,76.5618057250977,"1"
"species",596,596,1039,640,238.961776733398,"4"
"species",597,597,1005,552,62.2483329772949,"1"
"species",598,598,1054,491,109.22191619873,"1"
"species",599,599,986,657,94.9552383422852,"4"
"species",600,600,1030,645,55.1219367980957,"3"
"species",601,601,1011,514,168.966522216797,"4"
"species",602,602,1023,493,36.3793296813965,"2"
"species",603,603,925,637,69.2006454467773,"4"
"species",604,604,934,575,297.986083984375,"1"
"species",605,605,997,693,54.3131523132324,"4"
"species",606,606,1133,470,80.9754791259766,"2"
"species",607,607,1044,592,129.228149414062,"4"
"species",608,608,1110,469,78.8164749145508,"2"
"species",609,609,934,565,271.949188232422,"4"
"species",610,610,989,620,69.7657241821289,"4"
"species",611,611,867,623,93.7014236450195,"4"
"species",612,612,1002,642,55.1219367980957,"1"
"species",613,613,892,568,83.7335510253906,"1"
"species",614,614,1057,475,88.0344390869141,"4"
"species",615,615,1133,507,12.2851085662842,"3"
"species",616,616,908,593,83.5130767822266,"4"
"species",617,617,1592,584,34.1089019775391,"2"
"species",618,618,1620,586,45.2149467468262,"4"
"species",619,619,1059,568,44.0877685546875,"1"
"species",620,620,1011,505,38.774600982666,"1"
"species",621,621,1023,569,47.9713973999023,"1"
"species",622,622,976,615,73.5184631347656,"4"
"species",623,623,1073,630,238.961776733398,"1"
"species",624,624,1060,507,258.074188232422,"4"
"species",625,625,1077,517,366.729125976562,"4"
"species",626,626,1777,612,36.4315757751465,"2"
"species",627,627,1085,504,34.2568588256836,"4"
"species",628,628,898,623,73.2598342895508,"1"
"species",629,629,952,560,240.650283813477,"4"
"species",630,630,1057,565,124.042289733887,"1"
"species",631,631,920,594,313.878051757812,"4"
"species",632,632,1073,505,35.1086769104004,"2"
"species",633,633,1110,507,12.2851085662842,"2"
"species",634,634,982,674,97.1699829101562,"1"
"species",635,635,945,553,90.1486434936523,"1"
"species",636,636,1086,586,125.806167602539,"1"
"species",637,637,1141,496,15.5990715026855,"2"
"species",638,638,1111,472,62.365119934082,"4"
"species",639,639,1051,568,88.8038024902344,"1"
"species",640,640,925,565,283.227844238281,"4"
"species",641,641,966,608,177.652282714844,"1"
"species",642,642,1057,487,103.760345458984,"1"
"species",643,643,905,590,72.4451370239258,"4"
"species",644,644,1099,477,164.787124633789,"1"
"species",645,645,1029,577,69.0961303710938,"4"
"species",646,646,899,585,281.397827148438,"1"
"species",647,647,1010,654,55.1219329833984,"1"
"species",648,648,1138,505,148.542556762695,"3"
"species",649,649,1101,462,88.0344390869141,"1"
"species",650,650,1083,479,54.6680488586426,"1"
"species",651,651,1337,481,16.1109504699707,"2"
"species",652,652,1034,565,89.748908996582,"1"
"species",653,653,1080,505,35.1086807250977,"2"
"species",654,654,1043,610,82.2531967163086,"3"
"species",655,655,1088,600,129.609710693359,"4"
"species",656,656,979,684,97.1699829101562,"4"
"species",657,657,1095,615,47.1806335449219,"4"
"species",658,658,964,551,138.214370727539,"1"
"species",659,659,986,587,84.7478408813477,"4"
"species",660,660,1111,469,106.265213012695,"1"
"species",661,661,1052,564,120.118934631348,"1"
"species",662,662,1030,494,130.290756225586,"4"
"species",663,663,1034,539,64.647087097168,"4"
"species",664,664,1777,643,47.2207527160645,"4"
"species",665,665,1080,478,54.6680526733398,"1"
"species",666,666,1030,538,62.2483329772949,"4"
"species",667,667,879,598,129.470123291016,"4"
"species",668,668,1179,509,12.2851095199585,"2"
"species",669,669,1073,509,35.1086807250977,"2"
"species",670,670,1027,492,130.697265625,"4"
"species",671,671,1059,479,39.131893157959,"2"
"species",672,672,1379,577,14.4033937454224,"2"
"species",673,673,803,924,76.5618057250977,"4"
"species",674,674,1029,597,44.0877685546875,"4"
"species",675,675,939,577,181.335418701172,"3"
"species",676,676,1033,591,44.0877685546875,"1"
"species",677,677,965,556,183.697875976562,"4"
"species",678,678,1351,571,59.3752670288086,"4"
"species",679,679,969,610,155.333251953125,"1"
"species",680,680,887,608,95.7269744873047,"1"
"species",681,681,1524,619,31.5118579864502,"2"
"species",682,682,873,858,76.5618057250977,"1"
"species",683,683,1831,657,28.7210865020752,"2"
"species",684,684,1032,515,35.1086769104004,"4"
"species",685,685,956,679,68.6711578369141,"1"
"species",686,686,1101,505,148.542572021484,"3"
"species",687,687,930,728,69.2006530761719,"1"
"species",688,688,908,589,139.114105224609,"1"
"species",689,689,1026,598,195.669525146484,"1"
"species",690,690,1558,564,19.6327610015869,"4"
"species",691,691,1120,494,377.468475341797,"4"
"species",692,692,1612,584,32.9270286560059,"2"
"species",693,693,849,833,67.9295196533203,"4"
"species",694,694,929,568,96.7551651000977,"1"
"species",695,695,892,616,86.3022003173828,"1"
"species",696,696,936,754,72.9573364257812,"1"
"species",697,697,960,698,66.825927734375,"4"
"species",698,698,1550,524,8.32851409912109,"4"
"species",699,699,1098,465,88.0344390869141,"1"
"species",700,700,1779,634,47.2207565307617,"4"
"species",701,701,1062,485,96.5451889038086,"4"
"species",702,702,977,692,97.1699829101562,"5"
"species",703,703,918,578,158.970718383789,"1"
"species",704,704,1097,489,196.37907409668,"5"
"species",705,705,880,624,94.3283538818359,"5"
"species",706,706,890,647,81.6398696899414,"4"
"species",707,707,1003,659,188.154495239258,"4"
"species",708,708,1596,582,30.7580738067627,"2"
"species",709,709,1772,633,24.975564956665,"2"
"species",710,710,936,759,60.5284652709961,"4"
"species",711,711,1262,474,28.0254764556885,"4"
"species",712,712,1104,574,47.9212760925293,"1"
"species",713,713,1089,577,47.1806297302246,"1"
"species",714,714,1204,441,7615.6962890625,"5"
"species",715,715,870,578,155.333251953125,"4"
"species",716,716,913,967,59.1819381713867,"1"
"species",717,717,1040,479,263.444976806641,"3"
"species",718,718,951,910,77.9810180664062,"1"
"species",719,719,1156,471,80.9754791259766,"4"
"species",720,720,1175,458,104.665092468262,"2"
"species",721,721,1186,446,62.1432952880859,"2"
"species",722,722,1642,592,45.3161163330078,"4"
"species",723,723,1085,571,48.7409248352051,"4"
"species",724,724,1082,480,112.417007446289,"2"
"species",725,725,1100,602,47.1806297302246,"1"
"species",726,726,925,981,59.1819381713867,"4"
"species",727,727,1099,482,292.693481445312,"3"
"species",728,728,1189,460,104.665092468262,"3"
"species",729,729,1092,482,129.529678344727,"3"
"species",730,730,1181,511,55.0739784240723,"4"
"species",731,731,1148,475,31.4841175079346,"4"
"species",732,732,1712,636,24.975564956665,"4"
"species",733,733,1204,443,62.1432991027832,"2"
"species",734,734,1119,479,27.3929615020752,"2"
"species",735,735,1007,522,116.969169616699,"5"
"species",736,736,1037,541,125.534103393555,"4"
"species",737,737,1089,561,47.3731651306152,"1"
"species",738,738,990,763,39.7274856567383,"1"
"species",739,739,1290,491,47.1303863525391,"2"
"species",740,740,1346,478,64.6427383422852,"2"
"species",741,741,1326,489,39.9404716491699,"2"
"species",742,742,1166,435,659.147399902344,"2"
"species",743,743,1101,545,382.348724365234,"5"
"species",744,744,895,586,128.536056518555,"4"
"species",745,745,890,591,108.62922668457,"1"
"species",746,746,1019,623,72.1187438964844,"1"
"species",747,747,1219,537,55.0739784240723,"4"
"species",748,748,876,572,111.938720703125,"4"
"species",749,749,911,591,78.618537902832,"1"
"species",750,750,1033,541,227.546081542969,"1"
"species",751,751,903,594,84.5399856567383,"4"
"species",752,752,1179,479,66.4852600097656,"1"
"species",753,753,1085,501,57.6436958312988,"4"
"species",754,754,998,503,479.660339355469,"4"
"species",755,755,1092,491,58.0034141540527,"1"
"species",756,756,1067,488,55.4363288879395,"5"
"species",757,757,1156,480,390.714996337891,"1"
"species",758,758,1030,580,135.139862060547,"5"
"species",759,759,850,586,109.868202209473,"4"
"species",760,760,1080,496,368.308044433594,"1"
"species",761,761,1085,472,87.886474609375,"4"
"species",762,762,898,609,116.087341308594,"1"
"species",763,763,1143,447,115.914054870605,"5"
"species",764,764,841,600,141.583236694336,"4"
"species",765,765,978,617,153.27392578125,"4"
"species",766,766,936,568,101.889770507812,"4"
"species",767,767,938,561,97.0738906860352,"1"
"species",768,768,1105,609,188.625381469727,"4"
"species",769,769,1170,456,153.972549438477,"5"
"species",770,770,1069,601,129.609710693359,"5"
"species",771,771,965,631,188.625381469727,"1"
"species",772,772,1145,486,285.836822509766,"4"
"species",773,773,906,610,146.653961181641,"4"
"species",774,774,1008,624,187.28547668457,"1"
"species",775,775,1222,460,101.222198486328,"1"
"species",776,776,1217,460,107.314193725586,"4"
"species",777,777,949,577,124.265007019043,"1"
"species",778,778,1037,579,195.006713867188,"1"
"species",779,779,1012,566,195.669525146484,"1"
"species",780,780,1162,545,68.3115844726562,"4"
"species",781,781,1152,539,57.8089904785156,"1"
"species",782,782,1135,544,59.2672119140625,"4"
"species",783,783,940,678,69.2006454467773,"4"
"species",784,784,1213,460,107.314193725586,"1"
"species",785,785,1036,686,38.5946502685547,"4"
"species",786,786,1121,548,122.927871704102,"1"
"species",787,787,1165,544,68.0516662597656,"5"
"species",788,788,1090,641,38.5946502685547,"4"
"species",789,789,1000,657,97.1699829101562,"4"
"species",790,790,1049,516,155.835739135742,"4"
"species",791,791,1029,594,44.0877685546875,"1"
"species",792,792,941,659,69.2006454467773,"1"
"species",793,793,1306,566,29.3296737670898,"5"
"species",794,794,1067,472,110.196197509766,"2"
"species",795,795,1060,685,1378.197265625,"5"
"species",796,796,1043,526,176.019073486328,"4"
"species",797,797,1100,646,67.498291015625,"4"
"species",798,798,1159,530,56.9762306213379,"1"
"species",799,799,1012,694,480.972290039062,"4"
"species",800,800,1034,527,172.208251953125,"4"
"species",801,801,1018,549,3950.93579101562,"5"
"species",802,802,1034,535,62.2483329772949,"4"
"species",803,803,1042,674,374.790893554688,"4"
"species",804,804,1018,519,111.887802124023,"4"
"species",805,805,1014,529,193.890579223633,"2"
"species",806,806,1092,528,122.927871704102,"1"
"species",807,807,934,553,276.206359863281,"4"
"species",808,808,1024,522,346.068939208984,"4"
"species",809,809,923,590,115.327453613281,"4"
"species",810,810,1058,506,183.992904663086,"2"
"species",811,811,1038,503,109.22191619873,"4"
"species",812,812,1055,534,132.192535400391,"1"
"species",813,813,1040,535,62.2483367919922,"5"
"species",814,814,1028,664,56.0482711791992,"1"
"species",815,815,1146,500,192.811157226562,"5"
"species",816,816,1048,536,172.208251953125,"4"
"species",817,817,1023,510,35.1086769104004,"2"
"species",818,818,1121,458,62.1432991027832,"2"
"species",819,819,1063,540,1010.77813720703,"5"
"species",820,820,1145,443,62.1432991027832,"2"
"species",821,821,919,610,110.779029846191,"1"
"species",822,822,1164,427,1216.36901855469,"5"
"species",823,823,967,568,83.513069152832,"5"
"species",824,824,1138,458,70.8868255615234,"3"
"species",825,825,1073,655,38.5946502685547,"1"
"species",826,826,1035,521,155.811294555664,"4"
"species",827,827,937,547,85.9384384155273,"4"
"species",828,828,1065,509,155.835739135742,"1"
"species",829,829,905,559,263.089691162109,"4"
"species",830,830,1099,486,296.967590332031,"5"
"species",831,831,954,566,83.513069152832,"4"
"species",832,832,1105,472,115.217002868652,"1"
"species",833,833,1077,516,122.927871704102,"1"
"species",834,834,989,618,73.5593872070312,"4"
"species",835,835,976,530,879.088562011719,"5"
"species",836,836,1007,512,135.505401611328,"1"
"species",837,837,1198,430,3544.505859375,"2"
"species",838,838,1117,518,281.996490478516,"1"
"species",839,839,1232,456,178.903701782227,"2"
"species",840,840,1000,507,135.28059387207,"5"
"species",841,841,1091,491,27.3929615020752,"2"
"species",842,842,968,549,148.835540771484,"4"
"species",843,843,920,552,266.476287841797,"4"
"species",844,844,1019,567,222.451934814453,"4"
"species",845,845,957,552,84.4933166503906,"4"
"species",846,846,1005,507,59.8506851196289,"4"
"species",847,847,1083,540,4561.82275390625,"5"
"species",848,848,1070,515,122.927871704102,"1"
"species",849,849,1056,475,122.800666809082,"4"
"species",850,850,1079,599,242.656997680664,"4"
"species",851,851,1035,540,268.404724121094,"5"
"species",852,852,1034,632,122.235809326172,"4"
"species",853,853,995,518,56.9734878540039,"4"
"species",854,854,1236,477,31.4841175079346,"4"
"species",855,855,966,581,312.397644042969,"4"
"species",856,856,1086,540,2948.73364257812,"5"
"species",857,857,1219,475,40.0368194580078,"2"
"species",858,858,901,578,193.459762573242,"4"
"species",859,859,974,582,126.140464782715,"4"
"species",860,860,1019,554,71.6549835205078,"1"
"species",861,861,1213,474,31.4841175079346,"2"
"species",862,862,1024,565,123.972450256348,"4"
"species",863,863,1258,543,55.0739784240723,"2"
"species",864,864,1160,493,192.811157226562,"4"
"species",865,865,1025,561,87.8834075927734,"1"
"species",866,866,930,559,96.7555770874023,"1"
"species",867,867,1085,465,27.3929615020752,"2"
"species",868,868,1430,605,29.3133430480957,"2"
"species",869,869,1049,489,108.045074462891,"4"
"species",870,870,1010,534,62.2483329772949,"1"
"species",871,871,1068,619,188.625381469727,"4"
"species",872,872,1383,450,9.26984977722168,"2"
"species",873,873,1022,583,290.636566162109,"5"
"species",874,874,1300,490,31.8683910369873,"4"
"species",875,875,1748,646,24.975564956665,"4"
"species",876,876,1481,516,15.3538837432861,"4"
"species",877,877,1165,478,66.4852600097656,"1"
"species",878,878,1011,646,55.1219367980957,"1"
"species",879,879,953,520,71.0691299438477,"3"
"species",880,880,1053,557,192.811157226562,"2"
"species",881,881,1635,575,368.515075683594,"5"
"species",882,882,1065,574,192.811157226562,"1"
"species",883,883,1109,564,188.625381469727,"4"
"species",884,884,1051,510,124.874847412109,"1"
"species",885,885,967,550,83.8072891235352,"1"
"species",886,886,1537,559,8.32851409912109,"2"
"species",887,887,1307,555,55.073974609375,"5"
"species",888,888,981,504,72.3717422485352,"4"
"species",889,889,1033,514,35.1086769104004,"2"
"species",890,890,1041,565,89.3010482788086,"4"
"species",891,891,1101,518,130.043502807617,"1"
"species",892,892,1125,496,177.800979614258,"2"
"species",893,893,1056,514,35.1086807250977,"2"
"species",894,894,1089,497,285.836853027344,"1"
"species",895,895,1213,492,12.2851095199585,"5"
"species",896,896,1645,571,368.515075683594,"4"
"species",897,897,1295,491,164.26042175293,"2"
"species",898,898,1006,505,35.1086769104004,"2"
"species",899,899,1254,483,164.26042175293,"5"
"species",900,900,1496,541,15.3538837432861,"4"
"species",901,901,1077,459,27.3929615020752,"2"
"species",902,902,1768,627,12.989312171936,"4"
"species",903,903,1140,479,285.836822509766,"1"
"species",904,904,1059,506,192.811157226562,"4"
"species",905,905,1530,630,36.5193023681641,"4"
"species",906,906,1534,641,36.5193023681641,"2"
"species",907,907,1633,635,31.6483783721924,"4"
"species",908,908,1366,565,13.5638847351074,"2"
"species",909,909,1097,539,4663.90283203125,"5"
"species",910,910,1615,623,93.1613464355469,"5"
"species",911,911,1639,583,47.5090103149414,"4"
"species",912,912,1653,609,92.1389694213867,"2"
"species",913,913,1837,605,105.774604797363,"2"
"species",914,914,1362,455,21.8033542633057,"4"
"species",915,915,1460,525,15.3538827896118,"2"
"species",916,916,991,689,55.1219367980957,"4"
"species",917,917,1215,486,31.4841175079346,"4"
"species",918,918,1313,460,22.7218151092529,"2"
"species",919,919,1131,469,27.3929615020752,"2"
"species",920,920,935,568,101.023811340332,"4"
"species",921,921,1131,456,95.9052581787109,"1"
"species",922,922,1321,573,29.3296756744385,"4"
"species",923,923,1320,571,29.3296737670898,"1"
"species",924,924,1071,507,182.779586791992,"1"
"species",925,925,1298,568,29.3296756744385,"1"
"species",926,926,1241,527,55.073974609375,"2"
"species",927,927,1179,459,104.665092468262,"4"
"species",928,928,1100,488,337.363342285156,"1"
"species",929,929,1072,543,259.751251220703,"4"
"species",930,930,1097,565,256.97998046875,"4"
"species",931,931,1086,536,372.153686523438,"4"
"species",932,932,1025,511,35.1086769104004,"2"
"species",933,933,1053,513,35.1086807250977,"2"
"species",934,934,1259,488,28.0261344909668,"2"
"species",935,935,1156,476,31.4841156005859,"4"
"species",936,936,1273,483,28.0261325836182,"2"
"species",937,937,873,580,111.938720703125,"4"
"species",938,938,1063,470,203.749893188477,"4"
"species",939,939,1182,451,149.729125976562,"2"
"species",940,940,1144,503,285.836822509766,"5"
"species",941,941,1093,469,111.351493835449,"4"
"species",942,942,1107,475,57.9572601318359,"4"
"species",943,943,1036,534,367.081451416016,"4"
"species",944,944,1227,481,161.637451171875,"2"
"species",945,945,1097,490,173.278228759766,"1"
"species",946,946,1159,512,803.006530761719,"1"
"species",947,947,1066,475,485.228942871094,"4"
"species",948,948,899,726,59.1819381713867,"1"
"species",949,949,1130,476,343.712463378906,"4"
"species",950,950,970,521,178.50732421875,"4"
"species",951,951,1066,682,1551.17248535156,"4"
"species",952,952,1047,580,57.5062713623047,"1"
"species",953,953,1173,458,99.8370742797852,"2"
"species",954,954,965,577,195.669509887695,"1"
"species",955,955,931,609,155.333251953125,"1"
"species",956,956,1804,641,47.2207527160645,"4"
"species",957,957,933,599,173.287902832031,"1"
"species",958,958,1064,468,235.319122314453,"2"
"species",959,959,903,618,146.653961181641,"4"
"species",960,960,1067,503,173.278228759766,"1"
"species",961,961,1073,509,129.260696411133,"1"
"species",962,962,1197,540,68.3031005859375,"1"
"species",963,963,1080,465,29.7946796417236,"2"
"species",964,964,1034,529,285.640197753906,"4"
"species",965,965,1035,558,195.669509887695,"4"
"species",966,966,951,891,171.856338500977,"4"
"species",967,967,918,608,123.922836303711,"4"
"species",968,968,1066,563,195.669525146484,"1"
"species",969,969,1105,508,66.4852600097656,"1"
"species",970,970,887,600,78.6185455322266,"1"
"species",971,971,1140,466,76.3998718261719,"4"
"species",972,972,1092,595,188.625381469727,"1"
"species",973,973,993,672,73.5713348388672,"4"
"species",974,974,997,655,44.1968879699707,"1"
"species",975,975,930,561,84.4146347045898,"1"
"species",976,976,1169,480,66.4852600097656,"1"
"species",977,977,1087,499,146.15885925293,"2"
"species",978,978,1146,468,76.3998718261719,"1"
"species",979,979,1076,473,54.6680526733398,"1"
"species",980,980,1086,538,62.1468391418457,"1"
"species",981,981,1106,474,88.0344390869141,"1"
"species",982,982,1274,497,39.9404716491699,"2"
"species",983,983,991,670,86.853271484375,"1"
"species",984,984,1115,546,48.7409248352051,"1"
"species",985,985,1351,478,16.1109504699707,"2"
"species",986,986,1081,486,54.6680488586426,"1"
"species",987,987,1128,499,66.4852676391602,"1"
"species",988,988,1198,464,80.5115737915039,"1"
"species",989,989,1063,596,129.609710693359,"1"
"species",990,990,1239,454,106.371536254883,"1"
"species",991,991,1185,421,1274.24658203125,"5"
"species",992,992,978,603,71.5932846069336,"1"
"species",993,993,1479,508,7.99457311630249,"2"
"species",994,994,1836,615,49.4788665771484,"4"
"species",995,995,1236,454,87.0331344604492,"2"
"species",996,996,1509,558,54.8277740478516,"4"
"species",997,997,1254,455,105.474098205566,"1"
"species",998,998,1733,603,23.423942565918,"2"
"species",999,999,1749,600,23.9018096923828,"2"
"species",1000,1000,1698,613,13.3724336624146,"2"
"species",1001,1001,1659,564,45.912181854248,"4"
"species",1002,1002,1643,600,57.7711791992188,"4"
"species",1003,1003,1707,595,23.9018096923828,"2"
"species",1004,1004,1638,601,55.0335426330566,"2"
"species",1005,1005,1501,500,7.99457311630249,"2"
"species",1006,1006,1198,451,81.985107421875,"1"
"species",1007,1007,1524,520,8.72613334655762,"2"
"species",1008,1008,1086,534,62.2483329772949,"1"
"species",1009,1009,1011,691,38.5946502685547,"4"
"species",1010,1010,912,606,110.779029846191,"1"
"species",1011,1011,1031,612,57.5062713623047,"1"
"species",1012,1012,1077,499,61.6088714599609,"1"
"species",1013,1013,1405,452,9.269850730896,"2"
"species",1014,1014,1609,546,14.0463228225708,"2"
"species",1015,1015,985,608,73.5593872070312,"4"
"species",1016,1016,1036,669,38.5946502685547,"1"
"species",1017,1017,1181,461,150.268447875977,"1"
"species",1018,1018,894,561,111.938720703125,"4"
"species",1019,1019,1625,576,368.515075683594,"5"
"species",1020,1020,1776,628,11.5878553390503,"2"
"species",1021,1021,1800,623,11.5878553390503,"2"
"species",1022,1022,1646,584,7.99457263946533,"2"
"species",1023,1023,1060,511,54.6680526733398,"4"
"species",1024,1024,1835,621,126.113151550293,"4"
"species",1025,1025,1106,574,148.744918823242,"1"
"species",1026,1026,1033,505,144.978759765625,"1"
"species",1027,1027,1111,468,27.3929615020752,"2"
"species",1028,1028,1140,467,28.0164928436279,"2"
"species",1029,1029,935,551,99.9011688232422,"1"
"species",1030,1030,1062,483,86.4068756103516,"4"
"species",1031,1031,1536,514,7.99457263946533,"4"
"species",1032,1032,1132,469,64.7828063964844,"2"
"species",1033,1033,1100,490,22.6926345825195,"2"
"species",1034,1034,1138,466,70.8868255615234,"2"
"species",1035,1035,1362,575,29.3296756744385,"1"
"species",1036,1036,1034,554,192.811157226562,"2"
"species",1037,1037,1098,475,34.7572364807129,"2"
"species",1038,1038,1359,568,29.3296756744385,"2"
"species",1039,1039,1126,475,31.4841175079346,"4"
"species",1040,1040,1143,465,59.7011413574219,"1"
"species",1041,1041,1627,633,31.6483783721924,"2"
"species",1042,1042,1320,569,29.3296756744385,"1"
"species",1043,1043,1064,530,192.811157226562,"5"
"species",1044,1044,1355,572,29.5497817993164,"1"
"species",1045,1045,1314,555,54.7775802612305,"4"
"species",1046,1046,1343,566,29.3296737670898,"2"
"species",1047,1047,1339,576,29.3296756744385,"1"
"species",1048,1048,1071,499,146.464599609375,"2"
"species",1049,1049,1276,550,29.3296756744385,"2"
"species",1050,1050,1047,546,2346.56396484375,"5"
"species",1051,1051,1212,491,12.2851085662842,"2"
"species",1052,1052,1350,455,9.26984977722168,"4"
"species",1053,1053,1516,516,7.99457311630249,"2"
"species",1054,1054,1518,560,52.3978805541992,"4"
"species",1055,1055,1214,479,164.26042175293,"2"
"species",1056,1056,1683,586,47.5090103149414,"1"
"species",1057,1057,1240,480,164.26042175293,"5"
"species",1058,1058,1539,641,36.5193023681641,"4"
"species",1059,1059,1632,612,93.2638168334961,"4"
"species",1060,1060,1457,610,29.2032623291016,"2"
"species",1061,1061,1351,574,13.5638847351074,"4"
"species",1062,1062,1059,542,142.866058349609,"1"
"species",1063,1063,940,587,112.511528015137,"1"
"species",1064,1064,1286,501,39.9404716491699,"2"
"species",1065,1065,979,665,55.1219367980957,"1"
"species",1066,1066,944,539,96.7551651000977,"1"
"species",1067,1067,1012,480,130.632080078125,"2"
"species",1068,1068,949,795,176.495574951172,"1"
"species",1069,1069,1195,594,268.058135986328,"5"
"species",1070,1070,1056,521,109.755096435547,"4"
"species",1071,1071,1100,483,330.820953369141,"1"
"species",1072,1072,1095,535,710.053161621094,"5"
"species",1073,1073,1048,507,109.22191619873,"4"
"species",1074,1074,1084,526,72.6148071289062,"1"
"species",1075,1075,1605,572,39.6779174804688,"1"
"species",1076,1076,1232,483,40.0368194580078,"2"
"species",1077,1077,1035,592,139.522933959961,"5"
"species",1078,1078,1800,618,78.4938507080078,"4"
"species",1079,1079,985,533,94.416259765625,"1"
"species",1080,1080,1261,480,28.0261325836182,"2"
"species",1081,1081,1448,484,8.54696941375732,"2"
"species",1082,1082,1197,492,12.2851085662842,"2"
"species",1083,1083,933,630,153.254180908203,"1"
"species",1084,1084,1620,616,93.2638168334961,"4"
"species",1085,1085,1750,631,12.0262975692749,"4"
"species",1086,1086,1173,456,104.665092468262,"2"
"species",1087,1087,854,604,151.631805419922,"4"
"species",1088,1088,898,872,77.123779296875,"1"
"species",1089,1089,893,602,155.333251953125,"1"
"species",1090,1090,962,531,101.111183166504,"4"
"species",1091,1091,878,550,85.4346923828125,"4"
"species",1092,1092,1147,447,153.972564697266,"1"
"species",1093,1093,1090,590,242.657012939453,"4"
"species",1094,1094,1027,526,152.196258544922,"4"
"species",1095,1095,1069,541,3867.49389648438,"4"
"species",1096,1096,1045,539,1676.75842285156,"4"
"species",1097,1097,975,865,176.495574951172,"1"
"species",1098,1098,1213,460,829.541442871094,"4"
"species",1099,1099,1028,499,129.354309082031,"1"
"species",1100,1100,992,532,86.1829147338867,"4"
"species",1101,1101,1063,595,242.657012939453,"4"
"species",1102,1102,1494,502,7.99457263946533,"2"
"species",1103,1103,706,1042,76.5618057250977,"4"
"species",1104,1104,945,548,97.1012878417969,"1"
"species",1105,1105,1093,613,249.174423217773,"4"
"species",1106,1106,1363,474,69.4097366333008,"4"
"species",1107,1107,1813,601,212.872131347656,"4"
"species",1108,1108,966,541,101.425018310547,"4"
"species",1109,1109,1147,544,68.3031005859375,"4"
"species",1110,1110,1329,463,21.8033542633057,"4"
"species",1111,1111,1309,534,20.4771404266357,"2"
"species",1112,1112,1192,460,104.665092468262,"3"
"species",1113,1113,1577,536,8.32851409912109,"4"
"species",1114,1114,1125,475,127.538475036621,"3"
"species",1115,1115,1003,622,55.1219367980957,"5"
"species",1116,1116,935,576,174.074356079102,"4"
"species",1117,1117,957,615,188.625381469727,"1"
"species",1118,1118,1702,585,47.5090103149414,"4"
"species",1119,1119,1170,453,83.1051940917969,"1"
"species",1120,1120,1146,455,62.1432991027832,"1"
"species",1121,1121,1318,550,27.9818267822266,"3"
"species",1122,1122,1605,633,31.648380279541,"4"
"species",1123,1123,1598,621,93.2638168334961,"2"
"species",1124,1124,1614,590,86.8862838745117,"2"
"species",1125,1125,1792,617,23.9018096923828,"2"
"species",1126,1126,1165,441,62.1432952880859,"2"
"species",1127,1127,1581,559,14.0853967666626,"2"
"species",1128,1128,1603,587,348.498840332031,"2"
"species",1129,1129,1370,449,21.8033542633057,"2"
"species",1130,1130,1591,581,45.3161163330078,"4"
"species",1131,1131,1003,1115,77.9810256958008,"4"
"species",1132,1132,1210,438,8061.51025390625,"5"
"species",1133,1133,1844,617,45.2908706665039,"4"
"species",1134,1134,1717,632,24.975564956665,"2"
"species",1135,1135,1369,456,21.8033542633057,"2"
"species",1136,1136,1064,499,22.6926345825195,"4"
"species",1137,1137,1133,466,68.913215637207,"2"
"species",1138,1138,1351,464,21.8033542633057,"2"
"species",1139,1139,1268,488,143.433135986328,"2"
"species",1140,1140,979,626,188.625381469727,"4"
"species",1141,1141,1821,636,77.5378799438477,"2"
"species",1142,1142,1776,645,48.4276313781738,"2"
"species",1143,1143,1035,514,35.1086807250977,"1"
"species",1144,1144,945,610,155.333251953125,"4"
"species",1145,1145,1317,477,131.525588989258,"4"
"species",1146,1146,1250,456,90.9282608032227,"4"
"species",1147,1147,1213,518,55.073974609375,"3"
"species",1148,1148,1026,509,109.22191619873,"4"
"species",1149,1149,882,622,137.134552001953,"1"
"species",1150,1150,952,521,93.1473617553711,"3"
"species",1151,1151,1586,556,7.99457311630249,"2"
"species",1152,1152,1483,495,7.99457311630249,"2"
"species",1153,1153,1827,609,177.233932495117,"4"
"species",1154,1154,1054,576,75.1357879638672,"1"
"species",1155,1155,1116,468,27.3929615020752,"2"
"species",1156,1156,1014,500,35.1086807250977,"2"
"species",1157,1157,1520,559,47.8940200805664,"4"
"species",1158,1158,1628,600,93.2638244628906,"1"
"species",1159,1159,1226,469,28.0261344909668,"2"
"species",1160,1160,1362,455,38.6800651550293,"2"
"species",1161,1161,1176,431,1164.94055175781,"2"
"species",1162,1162,1577,563,20.7537155151367,"2"
"species",1163,1163,1308,456,21.8033542633057,"2"
"species",1164,1164,965,616,187.061538696289,"1"
"species",1165,1165,789,1026,76.6122817993164,"4"
"species",1166,1166,1061,467,232.639801025391,"4"
"species",1167,1167,1467,511,15.3538837432861,"2"
"species",1168,1168,978,683,60.2725105285645,"1"
"species",1169,1169,1039,490,35.1086769104004,"3"
"species",1170,1170,1871,613,106.963768005371,"2"
"species",1171,1171,1087,646,38.5946502685547,"1"
"species",1172,1172,1131,510,595.196838378906,"1"
"species",1173,1173,1194,462,107.314193725586,"1"
"species",1174,1174,936,773,76.5618057250977,"1"
"species",1175,1175,1502,505,7.99457311630249,"1"
"species",1176,1176,1278,506,16.6493606567383,"5"
"species",1177,1177,1014,564,67.787467956543,"4"
"species",1178,1178,1090,573,48.7409248352051,"1"
"species",1179,1179,1034,488,38.7746047973633,"4"
"species",1180,1180,1080,489,146.464599609375,"2"
"species",1181,1181,1141,460,70.8642501831055,"2"
"species",1182,1182,1339,454,90.6621017456055,"4"
"species",1183,1183,1173,456,1114.92114257812,"2"
"species",1184,1184,1041,513,35.1086769104004,"2"
"species",1185,1185,953,1000,77.2085418701172,"1"
"species",1186,1186,900,588,84.4146347045898,"1"
"species",1187,1187,986,524,101.425018310547,"1"
"species",1188,1188,1064,490,129.688812255859,"1"
"species",1189,1189,1376,455,21.8033542633057,"2"
"species",1190,1190,1134,536,57.0723457336426,"4"
"species",1191,1191,943,725,48.7522888183594,"1"
"species",1192,1192,950,530,101.111183166504,"1"
"species",1193,1193,1448,492,15.8388786315918,"4"
"species",1194,1194,1608,617,31.6483783721924,"4"
"species",1195,1195,1059,509,155.835739135742,"1"
"species",1196,1196,1527,568,42.7215576171875,"4"
"species",1197,1197,1799,608,93.790641784668,"2"
"species",1198,1198,891,606,141.598220825195,"1"
"species",1199,1199,1035,518,552.806030273438,"4"
"species",1200,1200,1477,513,15.3538837432861,"2"
"species",1201,1201,1034,574,124.207229614258,"4"
"species",1202,1202,1129,479,27.3929615020752,"2"
"species",1203,1203,1654,574,176.405242919922,"4"
"species",1204,1204,1784,641,47.2207565307617,"4"
"species",1205,1205,1615,580,141.356826782227,"4"
"species",1206,1206,1536,518,8.03123378753662,"2"
"species",1207,1207,1154,457,70.8868255615234,"2"
"species",1208,1208,1064,473,64.4457702636719,"2"
"species",1209,1209,1512,582,13.5638847351074,"2"
"species",1210,1210,1556,566,19.6327610015869,"2"
"species",1211,1211,973,525,96.3897933959961,"4"
"species",1212,1212,1822,598,187.033157348633,"4"
"species",1213,1213,881,644,72.598747253418,"1"
"species",1214,1214,1333,472,62.169319152832,"4"
"species",1215,1215,1617,544,7.99457311630249,"2"
"species",1216,1216,960,552,276.630218505859,"4"
"species",1217,1217,1052,526,168.536102294922,"4"
"species",1218,1218,918,610,105.204048156738,"1"
"species",1219,1219,964,707,129.908157348633,"4"
"species",1220,1220,965,556,253.033309936523,"4"
"species",1221,1221,878,610,141.017150878906,"1"
"species",1222,1222,1021,570,124.098052978516,"1"
"species",1223,1223,1077,492,173.278228759766,"4"
"species",1224,1224,1101,585,48.7403717041016,"1"
"species",1225,1225,1071,518,109.22191619873,"1"
"species",1226,1226,1063,545,122.927871704102,"1"
"species",1227,1227,1166,456,103.387649536133,"5"
"species",1228,1228,1806,616,160.790618896484,"4"
"species",1229,1229,1188,493,12.2851085662842,"3"
"species",1230,1230,1627,608,31.6483783721924,"2"
"species",1231,1231,1625,580,368.515075683594,"2"
"species",1232,1232,1006,636,55.1219367980957,"1"
"species",1233,1233,906,712,69.1455078125,"4"
"species",1234,1234,1268,524,12.2851085662842,"3"
"species",1235,1235,850,619,138.231857299805,"1"
"species",1236,1236,1118,547,74.5011367797852,"4"
"species",1237,1237,1134,507,516.904541015625,"1"
"species",1238,1238,1712,614,11.5878562927246,"2"
"species",1239,1239,1169,447,665.575256347656,"2"
"species",1240,1240,1081,622,1006.64916992188,"4"
"species",1241,1241,1135,468,263.444976806641,"3"
"species",1242,1242,1367,588,37.4480628967285,"4"
"species",1243,1243,993,532,123.650367736816,"4"
"species",1244,1244,1212,458,81.1288986206055,"4"
"species",1245,1245,969,538,97.3042755126953,"1"
"species",1246,1246,1277,498,39.9404716491699,"2"
"species",1247,1247,973,528,101.425018310547,"1"
"species",1248,1248,1108,557,188.625381469727,"4"
"species",1249,1249,1791,629,11.5878553390503,"2"
"species",1250,1250,993,621,188.625381469727,"1"
"species",1251,1251,1172,476,58.0405311584473,"2"
"species",1252,1252,1080,600,187.962844848633,"1"
"species",1253,1253,1161,442,650.972106933594,"5"
"species",1254,1254,1097,552,48.7409248352051,"1"
"species",1255,1255,1837,584,178.734512329102,"2"
"species",1256,1256,1450,475,9.269850730896,"2"
"species",1257,1257,1779,645,47.2207527160645,"4"
"species",1258,1258,936,578,78.618537902832,"1"
"species",1259,1259,1619,556,36.4458770751953,"2"
"species",1260,1260,1371,454,21.8033542633057,"2"
"species",1261,1261,1025,504,38.774600982666,"5"
"species",1262,1262,929,620,146.653961181641,"4"
"species",1263,1263,1079,514,62.146842956543,"1"
"species",1264,1264,970,841,176.495574951172,"4"
"species",1265,1265,914,566,84.4146347045898,"1"
"species",1266,1266,946,576,84.1511764526367,"1"
"species",1267,1267,1003,628,55.1219367980957,"1"
"species",1268,1268,1072,620,520.220336914062,"1"
"species",1269,1269,1058,497,109.22191619873,"1"
"species",1270,1270,946,521,159.209167480469,"1"
"species",1271,1271,1127,538,122.927864074707,"1"
"species",1272,1272,1217,457,1260.83813476562,"3"
"species",1273,1273,1217,519,55.073974609375,"3"
"species",1274,1274,1236,519,55.0739784240723,"3"
"species",1275,1275,1128,453,62.1432952880859,"2"
"species",1276,1276,1453,493,9.269850730896,"2"
"species",1277,1277,965,728,44.0877685546875,"1"
"species",1278,1278,1002,720,42.0091133117676,"4"
"species",1279,1279,916,734,63.085376739502,"4"
"species",1280,1280,1058,477,71.7550430297852,"1"
"species",1281,1281,966,700,69.2006454467773,"1"
"species",1282,1282,1490,551,15.3538837432861,"2"
"species",1283,1283,1881,614,64.8330078125,"4"
"species",1284,1284,1532,560,45.8973770141602,"2"
"species",1285,1285,1622,588,354.231384277344,"2"
"species",1286,1286,1171,436,67.8592758178711,"4"
"species",1287,1287,1010,530,159.741821289062,"1"
"species",1288,1288,1050,500,146.464599609375,"2"
"species",1289,1289,1135,465,70.8868255615234,"2"
"species",1290,1290,931,554,84.6919937133789,"1"
"species",1291,1291,1006,650,55.1219367980957,"1"
"species",1292,1292,980,521,96.7798309326172,"3"
"species",1293,1293,932,556,96.7551651000977,"1"
"species",1294,1294,1073,509,165.322891235352,"1"
"species",1295,1295,971,506,35.1086807250977,"1"
"species",1296,1296,1141,476,27.3929615020752,"2"
"species",1297,1297,1066,557,268.058135986328,"1"
"species",1298,1298,1183,449,1043.12109375,"5"
"species",1299,1299,1341,481,16.1109504699707,"4"
"species",1300,1300,1759,620,13.3724336624146,"2"
"species",1301,1301,1827,595,107.568031311035,"4"
"species",1302,1302,1621,575,368.515045166016,"4"
"species",1303,1303,1377,455,9.269850730896,"4"
"species",1304,1304,1224,454,178.903701782227,"4"
"species",1305,1305,1464,492,9.269850730896,"2"
"species",1306,1306,922,582,71.5930709838867,"4"
"species",1307,1307,1487,560,53.5546798706055,"4"
"species",1308,1308,1641,585,47.5090103149414,"2"
"species",1309,1309,936,569,84.1557693481445,"1"
"species",1310,1310,1501,603,26.2546710968018,"4"
"species",1311,1311,959,550,101.111183166504,"1"
"species",1312,1312,1170,453,87.5569686889648,"4"
"species",1313,1313,1163,461,104.788383483887,"2"
"species",1314,1314,1189,458,107.314193725586,"1"
"species",1315,1315,1482,496,7.99457311630249,"2"
"species",1316,1316,1616,595,69.8791427612305,"2"
"species",1317,1317,1184,451,81.985107421875,"1"
"species",1318,1318,1826,613,272.296600341797,"4"
"species",1319,1319,1549,550,8.32851409912109,"1"
"species",1320,1320,966,701,61.507926940918,"4"
"species",1321,1321,1776,629,23.914623260498,"2"
"species",1322,1322,1680,582,47.5090103149414,"4"
"species",1323,1323,1826,619,159.642501831055,"2"
"species",1324,1324,1820,629,123.158958435059,"4"
"species",1325,1325,1829,595,75.6105728149414,"4"
"species",1326,1326,876,587,155.333251953125,"5"
"species",1327,1327,969,833,50.5501480102539,"1"
"species",1328,1328,1048,730,38.5946502685547,"1"
"species",1329,1329,1039,565,178.737686157227,"4"
"species",1330,1330,1176,455,132.266036987305,"3"
"species",1331,1331,948,678,97.1699829101562,"1"
"species",1332,1332,1185,457,76.6893920898438,"2"
"species",1333,1333,1145,458,70.8868255615234,"2"
"species",1334,1334,1025,648,238.961791992188,"5"
"species",1335,1335,979,590,71.5930709838867,"1"
"species",1336,1336,1003,667,97.1699905395508,"1"
"species",1337,1337,1011,675,44.0877685546875,"4"
"species",1338,1338,842,1011,77.9260787963867,"1"
"species",1339,1339,1118,471,71.1240692138672,"2"
"species",1340,1340,939,708,69.2006454467773,"1"
"species",1341,1341,1127,464,70.8868255615234,"2"
"species",1342,1342,1020,653,43.9195022583008,"1"
"species",1343,1343,1062,602,187.782989501953,"4"
"species",1344,1344,936,599,89.353401184082,"4"
"species",1345,1345,1114,481,82.2935791015625,"2"
"species",1346,1346,1138,581,256.843597412109,"4"
"species",1347,1347,1111,480,72.3777694702148,"2"
"species",1348,1348,1133,467,66.7538223266602,"4"
"species",1349,1349,1095,601,188.625381469727,"4"
"species",1350,1350,1030,609,71.0175857543945,"4"
"species",1351,1351,1030,522,75.3234252929688,"1"
"species",1352,1352,974,688,58.1809196472168,"4"
"species",1353,1353,999,562,75.1034774780273,"1"
"species",1354,1354,912,583,308.596801757812,"4"
"species",1355,1355,872,626,148.259719848633,"4"
"species",1356,1356,1090,470,62.365119934082,"2"
"species",1357,1357,938,554,84.4146347045898,"1"
"species",1358,1358,1094,497,62.146842956543,"4"
"species",1359,1359,894,570,85.4021987915039,"1"
"species",1360,1360,894,564,114.398017883301,"1"
"species",1361,1361,1549,582,13.5638847351074,"4"
"species",1362,1362,1078,485,54.6680526733398,"4"
"species",1363,1363,1289,476,164.26042175293,"4"
"species",1364,1364,1061,489,109.22191619873,"1"
"species",1365,1365,1441,607,29.2032642364502,"2"
"species",1366,1366,1262,486,40.0129661560059,"2"
"species",1367,1367,1392,457,9.26984977722168,"4"
"species",1368,1368,1520,629,36.5193023681641,"4"
"species",1369,1369,1479,500,8.32851409912109,"2"
"species",1370,1370,1355,578,13.5638847351074,"4"
"species",1371,1371,1524,642,36.5142211914062,"2"
"species",1372,1372,1426,464,9.269850730896,"4"
"species",1373,1373,1461,511,15.3538837432861,"2"
"species",1374,1374,1642,565,56.4491729736328,"4"
"species",1375,1375,1602,636,31.648380279541,"4"
"species",1376,1376,1670,566,45.9121856689453,"4"
"species",1377,1377,1768,631,47.2207565307617,"4"
"species",1378,1378,1808,648,47.2207565307617,"4"
"species",1379,1379,1805,654,47.2207527160645,"2"
"species",1380,1380,1815,616,107.893997192383,"4"
"species",1381,1381,1845,615,50.1381568908691,"2"
"species",1382,1382,1672,603,13.3724336624146,"4"
"species",1383,1383,1038,589,216.318405151367,"4"
"species",1384,1384,1244,488,40.3434257507324,"2"
"species",1385,1385,1634,576,368.515075683594,"4"
"species",1386,1386,1627,615,93.2638168334961,"2"
"species",1387,1387,1313,485,42.1458206176758,"2"
"species",1388,1388,1042,546,4841.74267578125,"5"
"species",1389,1389,1084,592,188.625381469727,"1"
"species",1390,1390,1356,478,64.6427307128906,"2"
"species",1391,1391,893,1001,77.9810256958008,"1"
