"species","x","y","bio4","bio16","gpw2000_30_sec","swa_2000lulc_2km"
"species",1,1,1016,497,324.136080184699,"21"
"species",2,2,1013,552,838.323408968824,"13"
"species",3,3,943,602,136.262894426567,"8"
"species",4,4,926,603,155.333251997828,"1"
"species",5,5,950,708,69.2006495445967,"1"
"species",6,6,1100,587,188.625379964709,"8"
"species",7,7,919,598,104.534336426432,"8"
"species",8,8,1070,545,4731.86116542809,"13"
"species",9,9,962,716,51.0278341449138,"1"
"species",10,10,952,565,139.5452786244,"21"
"species",11,11,1103,496,174.158336484659,"8"
"species",12,12,954,572,83.5130711123347,"21"
"species",13,13,940,602,203.470295206973,"8"
"species",14,14,942,940,77.9810211881995,"1"
"species",15,15,1163,489,623.758380052214,"21"
"species",16,16,930,579,182.136685357281,"8"
"species",17,17,997,577,223.203464791287,"8"
"species",18,18,1010,499,111.208333699697,"13"
"species",19,19,1005,563,178.737688198686,"8"
"species",20,20,885,577,167.774179012318,"8"
"species",21,21,980,676,97.1699872240424,"9"
"species",22,22,1239,456,93.0460819974542,"8"
"species",23,23,984,547,266.476282298565,"13"
"species",24,24,1115,487,427.014916744046,"8"
"species",25,25,955,556,262.068325386097,"8"
"species",26,26,1035,657,248.969121516933,"8"
"species",27,27,936,559,176.334273830108,"8"
"species",28,28,1094,486,142.104758255336,"2"
"species",29,29,1102,498,170.878170349744,"8"
"species",30,30,943,721,69.1285022124596,"21"
"species",31,31,1026,495,133.166006989701,"8"
"species",32,32,892,592,90.0132536812548,"21"
"species",33,33,1059,508,125.539439551812,"8"
"species",34,34,937,595,171.601001664815,"21"
"species",35,35,1068,494,173.204806238458,"8"
"species",36,36,1143,454,82.9319154401086,"8"
"species",37,37,860,886,76.5618063732982,"21"
"species",38,38,938,558,384.186366996856,"21"
"species",39,39,958,705,69.2006492391229,"21"
"species",40,40,832,1028,77.9810227453709,"1"
"species",41,41,922,711,59.2467420361776,"9"
"species",42,42,933,632,69.2006479650736,"1"
"species",43,43,1070,495,142.621888868988,"2"
"species",44,44,1074,497,149.23346924104,"9"
"species",45,45,1098,496,173.230301633486,"21"
"species",46,46,1017,532,509.054742744705,"21"
"species",47,47,894,593,79.7593071087815,"21"
"species",48,48,859,593,84.2636711448699,"21"
"species",49,49,893,620,72.7790123521987,"8"
"species",50,50,894,630,75.4984040404407,"8"
"species",51,51,901,660,83.6258058771504,"1"
"species",52,52,872,663,79.1897194166153,"21"
"species",53,53,1022,501,39.0017192774239,"21"
"species",54,54,1023,504,37.7663246187685,"21"
"species",55,55,885,607,83.6663882136193,"8"
"species",56,56,893,605,111.454305238983,"21"
"species",57,57,995,555,264.831413880411,"8"
"species",58,58,1004,519,880.332499528608,"8"
"species",59,59,1087,607,47.180631801486,"21"
"species",60,60,898,587,83.8812415821134,"21"
"species",61,61,960,557,203.936984311972,"8"
"species",62,62,1083,500,150.197226125967,"21"
"species",63,63,892,602,83.5130732506514,"1"
"species",64,64,893,604,72.4451400637627,"21"
"species",65,65,929,586,83.5130716860294,"8"
"species",66,66,1030,569,99.2831960332118,"8"
"species",67,67,870,615,95.7044690623879,"8"
"species",68,68,920,747,62.004003896807,"1"
"species",69,69,889,599,83.5130732804537,"21"
"species",70,70,1073,509,35.1086794473231,"2"
"species",71,71,900,580,84.4146357998252,"21"
"species",72,72,964,545,159.741824761033,"21"
"species",73,73,938,565,167.324439927331,"1"
"species",74,74,974,608,73.5591972321272,"8"
"species",75,75,1065,509,155.835730493069,"21"
"species",76,76,1076,473,54.6680506318808,"1"
"species",77,77,1086,538,62.1468408405781,"1"
"species",78,78,991,670,85.847209631669,"1"
"species",79,79,1115,546,48.7409245334566,"1"
"species",80,80,1128,499,66.4852636307478,"1"
"species",81,81,1198,464,83.3472274008163,"21"
"species",82,82,1239,454,104.970841154939,"21"
"species",83,83,1063,596,129.609715506434,"1"
"species",84,84,1106,576,48.7409229762852,"8"
"species",85,85,1078,542,4830.73824167899,"13"
"species",86,86,706,1042,76.5618032167355,"8"
"species",87,87,1021,570,124.141595222089,"1"
"species",88,88,928,577,180.454835669883,"8"
"species",89,89,1092,528,122.927871868014,"21"
"species",90,90,906,712,69.1228164508863,"8"
"species",91,91,1078,544,4871.93225622177,"13"
"species",92,92,924,610,155.304796770209,"1"
"species",93,93,897,598,132.184007048677,"8"
"species",94,94,1064,499,22.6926351059228,"8"
"species",95,95,964,546,223.088214527917,"1"
"species",96,96,1087,551,120.577222399776,"1"
"species",97,97,992,532,86.1829177811742,"8"
