"species","x","y","bio4","bio16","gpw2000_30_sec","simplelc2000"
"species",1,1,1204,451,2382.44482421875,"5"
"species",2,2,1191,447,5515.67724609375,"5"
"species",3,3,1213,447,7595.47021484375,"5"
"species",4,4,1115,487,345.755889892578,"4"
"species",5,5,1642,565,56.4491729736328,"4"
"species",6,6,1083,576,183.593200683594,"1"
"species",7,7,1804,641,47.2207527160645,"4"
"species",8,8,1509,509,7.99457311630249,"2"
"species",9,9,1478,502,8.32851409912109,"2"
"species",10,10,1333,472,62.169319152832,"4"
"species",11,11,1146,455,62.1432991027832,"1"
"species",12,12,1529,521,7.99457311630249,"2"
"species",13,13,1500,513,7.99457311630249,"2"
"species",14,14,1432,502,16.1109504699707,"2"
"species",15,15,1491,503,7.99457311630249,"2"
"species",16,16,1541,521,7.99457311630249,"2"
"species",17,17,1284,477,164.049240112305,"2"
"species",18,18,1077,487,228.800033569336,"2"
"species",19,19,1070,496,146.464599609375,"2"
"species",20,20,1538,514,7.99457311630249,"2"
"species",21,21,1537,604,26.6780796051025,"2"
"species",22,22,1525,512,8.32851409912109,"2"
"species",23,23,1507,509,7.99457311630249,"2"
"species",24,24,1042,498,23.6892395019531,"1"
"species",25,25,1783,641,47.2207527160645,"4"
"species",26,26,1471,505,15.351731300354,"2"
"species",27,27,1740,610,11.5878553390503,"2"
"species",28,28,1607,595,31.6483783721924,"2"
"species",29,29,1594,581,30.2770385742188,"2"
"species",30,30,1478,503,8.22598171234131,"2"
"species",31,31,1766,609,36.4315719604492,"2"
"species",32,32,1097,489,196.37907409668,"5"
"species",33,33,1553,539,8.32851409912109,"4"
"species",34,34,1315,555,29.3296756744385,"2"
"species",35,35,1108,494,46.1702079772949,"2"
"species",36,36,1573,570,30.2770366668701,"4"
"species",37,37,1106,476,159.741821289062,"2"
"species",38,38,1552,621,31.4635143280029,"4"
"species",39,39,1796,633,47.2207565307617,"4"
"species",40,40,1229,464,64.6427307128906,"4"
"species",41,41,1176,472,684.615844726562,"4"
"species",42,42,1545,531,8.32851409912109,"2"
"species",43,43,1414,454,9.26984977722168,"2"
"species",44,44,1067,499,35.1086769104004,"3"
"species",45,45,922,569,84.4146347045898,"1"
"species",46,46,884,834,76.5618057250977,"1"
"species",47,47,1023,504,38.1871681213379,"1"
"species",48,48,1197,518,12.2851095199585,"2"
"species",49,49,1076,480,38.774600982666,"2"
"species",50,50,1779,634,47.2207565307617,"4"
"species",51,51,1798,638,47.2207565307617,"2"
"species",52,52,1405,493,15.6472902297974,"2"
"species",53,53,1784,641,47.2207565307617,"4"
"species",54,54,1798,612,79.7007675170898,"2"
"species",55,55,1831,605,187.033157348633,"2"
"species",56,56,1572,576,30.2770385742188,"4"
"species",57,57,1644,633,31.6483783721924,"4"
"species",58,58,1782,641,47.2207565307617,"4"
"species",59,59,1544,594,13.5638847351074,"2"
"species",60,60,1351,478,16.1109504699707,"2"
"species",61,61,1061,492,146.464599609375,"3"
"species",62,62,1261,480,28.0261325836182,"2"
"species",63,63,1536,527,8.32851314544678,"2"
"species",64,64,1251,443,8061.51025390625,"5"
"species",65,65,1813,601,212.872131347656,"4"
"species",66,66,1202,424,2584.28857421875,"5"
"species",67,67,1068,619,188.625381469727,"4"
"species",68,68,1050,626,714.676513671875,"3"
"species",69,69,1329,464,21.8033542633057,"4"
"species",70,70,1125,492,281.844116210938,"1"
"species",71,71,1040,508,155.835739135742,"4"
"species",72,72,1639,583,47.5090103149414,"4"
"species",73,73,1220,457,140.540374755859,"2"
"species",74,74,1333,626,29.3296756744385,"1"
"species",75,75,1107,475,158.619705200195,"2"
"species",76,76,1192,460,104.665092468262,"3"
"species",77,77,1482,523,15.3538837432861,"2"
"species",78,78,1226,469,28.0261344909668,"2"
"species",79,79,1614,590,86.8862838745117,"2"
"species",80,80,1480,535,15.3538837432861,"2"
"species",81,81,1577,536,8.32851409912109,"4"
"species",82,82,1473,510,14.3602733612061,"4"
"species",83,83,1337,453,91.0330429077148,"2"
"species",84,84,1461,572,13.5638847351074,"2"
"species",85,85,1520,512,7.99457311630249,"2"
"species",86,86,1058,497,109.22191619873,"1"
"species",87,87,1485,494,7.99457311630249,"4"
"species",88,88,1593,585,315.889343261719,"4"
"species",89,89,1523,507,7.99457311630249,"2"
"species",90,90,1482,516,8.01048278808594,"2"
"species",91,91,1581,559,14.0853967666626,"2"
"species",92,92,1499,516,7.99457311630249,"2"
"species",93,93,1050,500,146.464599609375,"2"
"species",94,94,1040,660,251.270858764648,"4"
"species",95,95,1117,478,143.299713134766,"1"
"species",96,96,1161,442,650.972106933594,"5"
"species",97,97,1044,504,286.163421630859,"1"
