"species","x","y","bio4","bio16","gpw2000_30_sec","swa_2000lulc_2km"
"species",1,1,1176,490,12.2851085662842,"2"
"species",2,2,1509,509,7.99457311630249,"2"
"species",3,3,883,586,82.5017166137695,"21"
"species",4,4,1642,565,56.4491729736328,"14"
"species",5,5,1091,527,122.927871704102,"21"
"species",6,6,1164,447,935.370361328125,"2"
"species",7,7,1583,573,45.3161163330078,"8"
"species",8,8,1286,501,39.9404716491699,"2"
"species",9,9,1183,449,1043.12109375,"13"
"species",10,10,1517,514,7.99457311630249,"2"
"species",11,11,1222,478,31.4841175079346,"2"
"species",12,12,1083,576,183.593200683594,"1"
"species",13,13,1485,494,7.99457311630249,"8"
"species",14,14,1329,464,21.8033542633057,"8"
"species",15,15,1261,485,149.038482666016,"2"
"species",16,16,1356,478,64.6427307128906,"2"
"species",17,17,1732,608,23.9018096923828,"2"
"species",18,18,1804,641,47.2207527160645,"8"
"species",19,19,1213,447,7595.47021484375,"13"
"species",20,20,1274,465,64.6427307128906,"8"
"species",21,21,1204,451,2382.44482421875,"13"
"species",22,22,1478,502,8.32851409912109,"2"
"species",23,23,1546,562,30.5128440856934,"2"
"species",24,24,1363,474,69.4097366333008,"8"
"species",25,25,1043,528,192.811157226562,"2"
"species",26,26,1333,472,62.169319152832,"8"
"species",27,27,1576,568,30.2770366668701,"2"
"species",28,28,1274,497,39.9404716491699,"2"
"species",29,29,1382,439,21.6681728363037,"2"
"species",30,30,1342,464,41.5667114257812,"2"
"species",31,31,1383,476,64.6427383422852,"8"
"species",32,32,1368,455,21.8033542633057,"8"
"species",33,33,1068,494,173.278228759766,"8"
"species",34,34,1625,576,368.515075683594,"13"
"species",35,35,1489,514,7.99457311630249,"2"
"species",36,36,1316,481,39.9404716491699,"2"
"species",37,37,1191,447,5515.67724609375,"13"
"species",38,38,1178,440,2465.0966796875,"13"
"species",39,39,1343,459,21.8033542633057,"8"
"species",40,40,1162,466,926.984252929688,"2"
"species",41,41,1146,455,62.1432991027832,"1"
"species",42,42,1559,534,8.32851409912109,"3"
"species",43,43,1529,521,7.99457311630249,"2"
"species",44,44,1371,442,19.5668869018555,"2"
"species",45,45,1171,442,62.1432991027832,"8"
"species",46,46,1500,513,7.99457311630249,"2"
"species",47,47,1203,468,159.563064575195,"8"
"species",48,48,1538,514,7.99457311630249,"2"
"species",49,49,1241,474,164.26042175293,"8"
"species",50,50,1576,565,52.5121078491211,"8"
"species",51,51,1339,469,40.3470268249512,"8"
"species",52,52,1432,502,16.1109504699707,"2"
"species",53,53,1491,503,7.99457311630249,"2"
"species",54,54,1556,564,22.4365329742432,"2"
"species",55,55,1553,570,30.2770385742188,"8"
"species",56,56,1552,537,8.32851409912109,"2"
"species",57,57,1151,468,74.0196762084961,"2"
"species",58,58,1541,521,7.99457311630249,"2"
"species",59,59,1284,477,164.049240112305,"2"
"species",60,60,1237,459,64.6427307128906,"8"
"species",61,61,1245,456,69.6078414916992,"8"
"species",62,62,1354,487,21.7184925079346,"2"
"species",63,63,1369,455,21.8033542633057,"15"
"species",64,64,1096,470,64.9709014892578,"2"
"species",65,65,1158,462,73.7972106933594,"21"
"species",66,66,1544,594,13.5638847351074,"2"
"species",67,67,1110,469,78.8164749145508,"2"
"species",68,68,1525,512,8.32851409912109,"2"
"species",69,69,1067,498,155.835739135742,"9"
"species",70,70,1098,496,173.115921020508,"21"
"species",71,71,1048,495,146.563049316406,"9"
"species",72,72,1141,496,15.5990715026855,"2"
"species",73,73,1537,604,26.6780796051025,"2"
"species",74,74,1543,617,31.6483783721924,"2"
"species",75,75,1625,596,31.6483783721924,"15"
"species",76,76,1551,517,7.99457311630249,"2"
"species",77,77,1539,517,7.99457311630249,"15"
"species",78,78,1507,509,7.99457311630249,"2"
"species",79,79,1782,623,24.3189544677734,"2"
"species",80,80,1791,635,47.2207565307617,"2"
"species",81,81,1042,498,23.6892395019531,"15"
"species",82,82,1058,497,22.6926345825195,"8"
"species",83,83,1809,641,47.2207527160645,"8"
"species",84,84,1840,613,138.096252441406,"8"
"species",85,85,1778,612,33.1794281005859,"2"
"species",86,86,1794,638,47.2207565307617,"2"
"species",87,87,1786,640,47.2207565307617,"2"
"species",88,88,1482,502,8.0025110244751,"2"
"species",89,89,1477,503,11.0603828430176,"8"
"species",90,90,1711,599,23.9018096923828,"2"
"species",91,91,1471,505,15.351731300354,"2"
"species",92,92,1552,621,31.4635143280029,"8"
"species",93,93,1796,633,47.2207565307617,"8"
"species",94,94,1556,589,13.5638847351074,"2"
"species",95,95,1197,518,12.2851095199585,"2"
"species",96,96,1575,572,30.2770385742188,"2"
"species",97,97,1653,609,11.5910015106201,"2"
"species",98,98,1545,561,24.6760349273682,"2"
"species",99,99,1573,570,30.2770366668701,"8"
"species",100,100,1231,452,79.292854309082,"21"
"species",101,101,1382,489,16.1109504699707,"2"
"species",102,102,1114,509,64.1746139526367,"21"
"species",103,103,1528,561,54.9546585083008,"13"
"species",104,104,922,569,84.4146347045898,"21"
"species",105,105,1058,473,62.365119934082,"2"
"species",106,106,1330,485,27.281063079834,"99"
"species",107,107,1108,494,46.1702079772949,"2"
"species",108,108,1108,482,27.3929615020752,"2"
"species",109,109,1079,491,146.625595092773,"8"
"species",110,110,1740,610,11.5878553390503,"2"
"species",111,111,1607,595,31.6483783721924,"2"
"species",112,112,1594,581,30.2770385742188,"2"
"species",113,113,1478,503,8.22598171234131,"2"
"species",114,114,1766,609,36.4315719604492,"2"
"species",115,115,1588,593,31.648380279541,"2"
"species",116,116,1076,480,38.774600982666,"2"
"species",117,117,1299,548,39.3066482543945,"9"
"species",118,118,1553,539,8.32851409912109,"8"
"species",119,119,1618,556,45.9121856689453,"8"
"species",120,120,1216,467,61.9662437438965,"8"
"species",121,121,1803,643,47.2207565307617,"2"
"species",122,122,1340,455,19.4944667816162,"2"
"species",123,123,1107,481,253.322647094727,"21"
"species",124,124,1315,555,29.3296756744385,"2"
"species",125,125,1106,476,159.741821289062,"2"
"species",126,126,1490,506,7.99457311630249,"2"
"species",127,127,1378,590,41.7708511352539,"8"
"species",128,128,935,563,157.221115112305,"21"
"species",129,129,1614,554,8.32851409912109,"2"
"species",130,130,1825,602,187.033157348633,"8"
"species",131,131,1009,499,134.917068481445,"8"
"species",132,132,1054,627,261.49072265625,"8"
"species",133,133,1338,463,39.9404716491699,"15"
"species",134,134,1767,638,47.2207565307617,"2"
"species",135,135,1592,584,34.1089019775391,"2"
"species",136,136,1798,612,79.7007675170898,"2"
"species",137,137,1530,510,8.32851314544678,"2"
"species",138,138,1655,632,31.6483783721924,"8"
"species",139,139,1467,508,15.3538837432861,"2"
"species",140,140,1126,472,70.8868255615234,"2"
"species",141,141,1787,637,24.975564956665,"8"
"species",142,142,935,571,84.4146347045898,"21"
"species",143,143,1077,487,228.800033569336,"2"
"species",144,144,1108,478,30.9381942749023,"2"
"species",145,145,1744,619,17.7944240570068,"2"
"species",146,146,1814,645,60.0151519775391,"8"
"species",147,147,1198,497,12.2851085662842,"2"
"species",148,148,1174,515,12.2851085662842,"2"
"species",149,149,1113,471,67.9526977539062,"2"
"species",150,150,1572,576,30.2770385742188,"8"
"species",151,151,1174,510,55.0739784240723,"8"
"species",152,152,1151,458,62.9567565917969,"2"
"species",153,153,1437,503,13.8752145767212,"2"
"species",154,154,1545,531,8.32851409912109,"2"
"species",155,155,1414,454,9.26984977722168,"2"
"species",156,156,1067,499,35.1086769104004,"9"
"species",157,157,907,813,76.5618057250977,"8"
"species",158,158,1023,504,38.1871681213379,"21"
"species",159,159,1779,634,47.2207565307617,"8"
"species",160,160,1782,641,47.2207565307617,"8"
"species",161,161,1022,501,38.7746047973633,"21"
"species",162,162,1852,609,178.14533996582,"8"
"species",163,163,1798,638,47.2207565307617,"2"
"species",164,164,900,580,84.4146347045898,"21"
"species",165,165,929,586,83.513069152832,"8"
"species",166,166,893,604,72.4451370239258,"21"
"species",167,167,1831,605,187.033157348633,"2"
"species",168,168,1023,493,36.3793296813965,"2"
"species",169,169,1550,524,8.32851409912109,"8"
"species",170,170,1529,512,8.32851314544678,"2"
"species",171,171,1372,463,21.8033542633057,"2"
"species",172,172,1111,472,62.365119934082,"8"
"species",173,173,892,568,83.7335510253906,"1"
"species",174,174,1596,582,30.7580738067627,"2"
"species",175,175,1405,493,15.6472902297974,"2"
"species",176,176,1784,641,47.2207565307617,"8"
"species",177,177,1863,661,28.7210865020752,"2"
"species",178,178,964,551,138.214370727539,"21"
"species",179,179,1010,654,55.1219329833984,"21"
"species",180,180,1777,643,47.2207527160645,"8"
"species",181,181,1824,645,82.5142135620117,"2"
"species",182,182,1044,592,129.228149414062,"8"
"species",183,183,1142,447,81.9949264526367,"8"
"species",184,184,893,605,111.445602416992,"21"
"species",185,185,1558,564,19.6327610015869,"8"
"species",186,186,1799,614,104.430213928223,"2"
"species",187,187,1715,598,23.9018096923828,"9"
"species",188,188,1787,643,47.2207527160645,"8"
"species",189,189,1073,509,35.1086807250977,"2"
"species",190,190,1644,633,31.6483783721924,"8"
"species",191,191,919,568,84.4146347045898,"21"
"species",192,192,1337,481,16.1109504699707,"2"
"species",193,193,1592,552,8.32851409912109,"8"
"species",194,194,1038,523,332.797729492188,"8"
"species",195,195,1101,462,88.0344390869141,"21"
"species",196,196,1132,459,62.1432952880859,"2"
"species",197,197,1314,554,51.1525650024414,"9"
"species",198,198,1342,486,16.1109504699707,"2"
"species",199,199,1097,489,196.37907409668,"13"
"species",200,200,1098,465,88.0344390869141,"21"
"species",201,201,1110,507,12.2851085662842,"2"
"species",202,202,1073,505,35.1086769104004,"2"
"species",203,203,1062,485,96.5451889038086,"8"
"species",204,204,1772,633,24.975564956665,"2"
"species",205,205,1176,431,1164.94055175781,"2"
"species",206,206,1076,473,54.6680526733398,"1"
"species",207,207,1106,474,88.0344390869141,"1"
"species",208,208,1115,546,48.7409248352051,"1"
"species",209,209,1351,478,16.1109504699707,"2"
"species",210,210,1198,464,80.5115737915039,"21"
"species",211,211,1063,596,129.609710693359,"1"
"species",212,212,1239,454,106.371536254883,"21"
"species",213,213,1356,474,69.3124694824219,"8"
"species",214,214,938,561,97.0738906860352,"21"
"species",215,215,1362,442,10.410608291626,"2"
"species",216,216,1087,551,120.52010345459,"1"
"species",217,217,1173,456,104.665092468262,"2"
"species",218,218,1311,474,39.9404716491699,"2"
"species",219,219,1612,546,7.99457311630249,"9"
"species",220,220,1536,527,8.32851314544678,"2"
"species",221,221,1549,533,8.32851409912109,"8"
"species",222,222,1061,492,146.464599609375,"9"
"species",223,223,1165,441,62.1432952880859,"2"
"species",224,224,1620,616,93.2638168334961,"8"
"species",225,225,1750,631,12.0262975692749,"8"
"species",226,226,1473,508,9.27183532714844,"2"
"species",227,227,1680,582,47.5090103149414,"8"
"species",228,228,1612,552,45.9121856689453,"2"
"species",229,229,1358,454,21.8033542633057,"2"
"species",230,230,1700,589,47.5090103149414,"2"
"species",231,231,1798,605,187.033157348633,"8"
"species",232,232,1639,583,47.5090103149414,"8"
"species",233,233,1490,551,15.3538837432861,"2"
"species",234,234,1647,606,13.2312936782837,"2"
"species",235,235,1467,511,15.3538837432861,"2"
"species",236,236,1329,452,20.9288349151611,"2"
"species",237,237,1611,579,45.3161163330078,"2"
"species",238,238,1523,507,7.99457311630249,"2"
"species",239,239,1717,632,24.975564956665,"2"
"species",240,240,1049,509,155.835739135742,"9"
"species",241,241,1801,623,75.6264038085938,"2"
"species",242,242,1635,575,368.515075683594,"13"
"species",243,243,1535,533,8.32851409912109,"2"
"species",244,244,1641,579,151.088470458984,"2"
"species",245,245,1563,532,8.32851409912109,"2"
"species",246,246,1342,459,9.269850730896,"8"
"species",247,247,1369,456,21.8033542633057,"2"
"species",248,248,1115,487,345.755889892578,"8"
"species",249,249,1064,490,129.688812255859,"1"
"species",250,250,1702,612,11.5878553390503,"2"
"species",251,251,1502,505,7.99457311630249,"15"
"species",252,252,1006,650,55.1219367980957,"21"
"species",253,253,1826,613,272.296600341797,"8"
"species",254,254,1088,494,172.944702148438,"21"
"species",255,255,1117,478,143.299713134766,"21"
"species",256,256,1871,613,106.963768005371,"2"
"species",257,257,1848,606,187.033157348633,"8"
"species",258,258,1603,587,348.498840332031,"2"
"species",259,259,1318,550,27.9818267822266,"9"
"species",260,260,1334,473,64.6427307128906,"8"
"species",261,261,1339,454,90.6621017456055,"8"
"species",262,262,1032,494,38.0816879272461,"21"
"species",263,263,1474,512,15.3538837432861,"8"
"species",264,264,1065,509,155.835739135742,"21"
"species",265,265,1116,468,27.3929615020752,"2"
"species",266,266,1214,479,164.26042175293,"2"
"species",267,267,963,518,101.111190795898,"21"
"species",268,268,1161,540,67.3902816772461,"8"
"species",269,269,1064,499,22.6926345825195,"8"
"species",270,270,1448,492,15.8388786315918,"8"
"species",271,271,1608,617,31.6483783721924,"8"
"species",272,272,1059,509,155.835739135742,"21"
"species",273,273,1527,568,42.7215576171875,"8"
"species",274,274,1332,489,71.7386245727539,"15"
"species",275,275,1059,473,62.3651161193848,"13"
"species",276,276,1277,498,39.9404716491699,"2"
"species",277,277,1146,500,192.811157226562,"13"
"species",278,278,1524,558,54.9546585083008,"8"
"species",279,279,1777,644,47.2207565307617,"8"
"species",280,280,1268,488,143.433135986328,"2"
"species",281,281,1645,554,45.5455169677734,"8"
"species",282,282,1792,617,23.9018096923828,"2"
"species",283,283,1699,602,47.5090103149414,"2"
"species",284,284,1166,435,659.147399902344,"2"
"species",285,285,1125,474,126.51261138916,"2"
"species",286,286,1598,621,93.2638168334961,"2"
"species",287,287,1477,513,15.3538837432861,"2"
"species",288,288,1170,440,62.1432952880859,"2"
"species",289,289,1529,524,11.3748712539673,"2"
"species",290,290,1631,558,9.53620433807373,"2"
"species",291,291,1647,607,73.7905044555664,"2"
"species",292,292,1683,586,47.5090103149414,"25"
"species",293,293,1821,636,77.5378799438477,"2"
"species",294,294,1188,465,822.035583496094,"21"
"species",295,295,1309,534,20.4771404266357,"2"
"species",296,296,1526,522,8.32851314544678,"2"
"species",297,297,1482,516,8.01048278808594,"2"
"species",298,298,1574,538,8.32851314544678,"2"
"species",299,299,1099,482,292.693481445312,"9"
"species",300,300,1627,608,31.6483783721924,"2"
"species",301,301,1844,617,45.2908706665039,"8"
"species",302,302,1097,490,173.278228759766,"21"
"species",303,303,1605,633,31.648380279541,"8"
"species",304,304,1235,459,1147.59704589844,"2"
"species",305,305,1483,495,7.99457311630249,"2"
"species",306,306,1614,590,86.8862838745117,"2"
"species",307,307,1642,592,45.3161163330078,"8"
"species",308,308,1837,584,178.734512329102,"2"
"species",309,309,1430,605,29.3133430480957,"2"
"species",310,310,1450,475,9.269850730896,"2"
"species",311,311,1107,475,158.619705200195,"2"
"species",312,312,1779,645,47.2207527160645,"8"
"species",313,313,936,578,78.618537902832,"21"
"species",314,314,1619,556,36.4458770751953,"2"
"species",315,315,1371,454,21.8033542633057,"2"
"species",316,316,1252,521,55.0739784240723,"9"
"species",317,317,1185,457,76.6893920898438,"2"
"species",318,318,1385,459,9.66579723358154,"2"
"species",319,319,1251,443,8061.51025390625,"13"
"species",320,320,1125,492,281.844116210938,"21"
"species",321,321,1283,543,56.3692817687988,"9"
"species",322,322,1818,626,123.158958435059,"2"
"species",323,323,1220,457,140.540374755859,"2"
"species",324,324,1333,626,29.3296756744385,"21"
"species",325,325,1192,460,104.665092468262,"3"
"species",326,326,1482,523,15.3538837432861,"2"
"species",327,327,1226,469,28.0261344909668,"2"
"species",328,328,1480,535,15.3538837432861,"2"
"species",329,329,1577,536,8.32851409912109,"8"
"species",330,330,1473,510,14.3602733612061,"8"
"species",331,331,1337,453,91.0330429077148,"2"
"species",332,332,1461,572,13.5638847351074,"2"
"species",333,333,1520,512,7.99457311630249,"2"
"species",334,334,1054,491,109.22191619873,"1"
"species",335,335,1591,581,45.3161163330078,"8"
"species",336,336,1109,529,219.839935302734,"21"
"species",337,337,1881,614,64.8330078125,"8"
"species",338,338,1532,560,45.8973770141602,"2"
"species",339,339,1593,585,315.889343261719,"8"
"species",340,340,1581,559,14.0853967666626,"2"
"species",341,341,1499,516,7.99457311630249,"2"
"species",342,342,1347,478,39.9404716491699,"2"
