"species","x","y","bio4","bio16","gpw2000_30_sec","swa_2000lulc_2km"
"species",1,1,1183,472,765.849304199219,"21"
"species",2,2,1202,424,2584.28857421875,"13"
"species",3,3,959,546,266.476287841797,"1"
"species",4,4,942,940,77.9810180664062,"1"
"species",5,5,1517,514,7.99457311630249,"2"
"species",6,6,924,610,155.333251953125,"1"
"species",7,7,1087,551,120.52010345459,"1"
"species",8,8,1164,447,935.370361328125,"2"
"species",9,9,1183,449,1043.12109375,"13"
"species",10,10,1222,478,31.4841175079346,"2"
"species",11,11,1051,505,155.835739135742,"21"
"species",12,12,1485,494,7.99457311630249,"8"
"species",13,13,1261,485,149.038482666016,"2"
"species",14,14,1078,544,4871.93212890625,"13"
"species",15,15,1365,445,14.2677574157715,"2"
"species",16,16,1232,456,178.903701782227,"2"
"species",17,17,1235,459,1147.59704589844,"2"
"species",18,18,1128,557,129.030609130859,"1"
"species",19,19,1213,447,7595.47021484375,"13"
"species",20,20,1204,451,2382.44482421875,"13"
"species",21,21,1382,439,21.6681728363037,"2"
"species",22,22,1065,574,192.811157226562,"21"
"species",23,23,1546,562,30.5128440856934,"2"
"species",24,24,1356,474,69.3124694824219,"8"
"species",25,25,1576,568,30.2770366668701,"2"
"species",26,26,1274,497,39.9404716491699,"2"
"species",27,27,1032,534,95.0354919433594,"8"
"species",28,28,1509,509,7.99457311630249,"2"
"species",29,29,938,561,97.0738906860352,"21"
"species",30,30,1383,476,64.6427383422852,"8"
"species",31,31,1334,459,21.8033542633057,"2"
"species",32,32,1368,455,21.8033542633057,"8"
"species",33,33,1146,455,62.1432991027832,"1"
"species",34,34,1804,641,47.2207527160645,"8"
"species",35,35,1042,674,374.790893554688,"8"
"species",36,36,1316,481,39.9404716491699,"2"
"species",37,37,1191,447,5515.67724609375,"13"
"species",38,38,1178,440,2465.0966796875,"13"
"species",39,39,1162,466,926.984252929688,"2"
"species",40,40,1559,534,8.32851409912109,"3"
"species",41,41,1188,465,822.035583496094,"21"
"species",42,42,1371,442,19.5668869018555,"2"
"species",43,43,1171,442,62.1432991027832,"8"
"species",44,44,1115,487,345.755889892578,"8"
"species",45,45,1357,452,10.6904935836792,"2"
"species",46,46,935,555,101.111183166504,"21"
"species",47,47,1057,505,155.835739135742,"21"
"species",48,48,1064,506,137.249862670898,"21"
"species",49,49,1362,442,10.410608291626,"2"
"species",50,50,935,571,84.4146347045898,"21"
"species",51,51,975,550,195.669509887695,"21"
"species",52,52,1203,468,159.563064575195,"8"
"species",53,53,1538,514,7.99457311630249,"2"
"species",54,54,1576,565,52.5121078491211,"8"
"species",55,55,1556,564,22.4365329742432,"2"
"species",56,56,1552,537,8.32851409912109,"2"
"species",57,57,1216,467,61.9662437438965,"8"
"species",58,58,1340,455,19.4944667816162,"2"
"species",59,59,1263,455,48.3201103210449,"8"
"species",60,60,1369,455,21.8033542633057,"15"
"species",61,61,1329,452,20.9288349151611,"2"
"species",62,62,1096,470,64.9709014892578,"2"
"species",63,63,1342,464,41.5667114257812,"2"
"species",64,64,1350,460,25.7251605987549,"2"
"species",65,65,1354,487,21.7184925079346,"2"
"species",66,66,892,602,83.5130767822266,"1"
"species",67,67,938,558,434.030548095703,"21"
"species",68,68,893,604,72.4451370239258,"21"
"species",69,69,1110,469,78.8164749145508,"2"
"species",70,70,1796,633,47.2207565307617,"8"
"species",71,71,1525,512,8.32851409912109,"2"
"species",72,72,1039,502,262.848358154297,"8"
"species",73,73,919,568,84.4146347045898,"21"
"species",74,74,1079,491,146.625595092773,"8"
"species",75,75,1027,562,101.09935760498,"21"
"species",76,76,1136,506,56.9827575683594,"9"
"species",77,77,893,605,111.445602416992,"21"
"species",78,78,1038,523,332.797729492188,"8"
"species",79,79,1141,496,15.5990715026855,"2"
"species",80,80,1144,503,285.836822509766,"13"
"species",81,81,904,599,107.036804199219,"8"
"species",82,82,1020,551,89.7815017700195,"13"
"species",83,83,1042,653,238.961776733398,"8"
"species",84,84,1077,509,142.360275268555,"21"
"species",85,85,1537,604,26.6780796051025,"2"
"species",86,86,1543,617,31.6483783721924,"2"
"species",87,87,1606,550,8.32851409912109,"2"
"species",88,88,1625,596,31.6483783721924,"15"
"species",89,89,1550,604,17.1533126831055,"2"
"species",90,90,1539,517,7.99457311630249,"15"
"species",91,91,1527,513,8.17764377593994,"8"
"species",92,92,1782,623,24.3189544677734,"2"
"species",93,93,1791,635,47.2207565307617,"2"
"species",94,94,1804,641,47.2207565307617,"2"
"species",95,95,1786,647,47.2207527160645,"8"
"species",96,96,1794,638,47.2207565307617,"2"
"species",97,97,1783,641,47.2207527160645,"8"
"species",98,98,1767,628,46.855354309082,"8"
"species",99,99,1477,503,11.0603828430176,"8"
"species",100,100,1482,502,8.0025110244751,"2"
"species",101,101,1711,599,23.9018096923828,"2"
"species",102,102,1582,574,19.6327610015869,"8"
"species",103,103,1536,535,15.3538837432861,"2"
"species",104,104,960,604,159.050857543945,"8"
"species",105,105,1027,649,223.690246582031,"8"
"species",106,106,1067,498,155.835739135742,"9"
"species",107,107,1045,484,70.8800277709961,"8"
"species",108,108,966,547,158.686813354492,"8"
"species",109,109,937,543,827.052429199219,"21"
"species",110,110,995,555,226.575698852539,"8"
"species",111,111,991,749,44.0877685546875,"8"
"species",112,112,1836,605,187.033157348633,"2"
"species",113,113,1076,480,38.774600982666,"2"
"species",114,114,1478,503,8.22598171234131,"2"
"species",115,115,1528,561,54.9546585083008,"13"
"species",116,116,1471,505,15.351731300354,"2"
"species",117,117,1641,601,31.6483783721924,"8"
"species",118,118,1552,621,31.4635143280029,"8"
"species",119,119,1556,589,13.5638847351074,"2"
"species",120,120,1245,456,69.6078414916992,"8"
"species",121,121,1197,518,12.2851095199585,"2"
"species",122,122,1575,572,30.2770385742188,"2"
"species",123,123,1653,609,11.5910015106201,"2"
"species",124,124,1545,561,24.6760349273682,"2"
"species",125,125,1573,570,30.2770366668701,"8"
"species",126,126,1126,472,70.8868255615234,"2"
"species",127,127,1070,499,288.309143066406,"2"
"species",128,128,1108,478,30.9381942749023,"2"
"species",129,129,1108,494,46.1702079772949,"2"
"species",130,130,1091,601,47.1806297302246,"8"
"species",131,131,1050,557,90.0100708007812,"21"
"species",132,132,1121,504,148.542556762695,"9"
"species",133,133,1024,505,174.73420715332,"3"
"species",134,134,1802,647,47.4549713134766,"2"
"species",135,135,1588,593,31.648380279541,"2"
"species",136,136,1299,548,39.3066482543945,"9"
"species",137,137,1553,539,8.32851409912109,"8"
"species",138,138,1618,556,45.9121856689453,"8"
"species",139,139,1803,643,47.2207565307617,"2"
"species",140,140,1107,481,253.322647094727,"21"
"species",141,141,1054,627,261.49072265625,"8"
"species",142,142,964,599,155.333251953125,"1"
"species",143,143,929,586,83.513069152832,"8"
"species",144,144,964,551,103.642074584961,"21"
"species",145,145,1615,540,35.7089538574219,"2"
"species",146,146,1083,500,150.107208251953,"21"
"species",147,147,1174,510,55.0739784240723,"8"
"species",148,148,1740,610,11.5878553390503,"2"
"species",149,149,1009,499,134.917068481445,"8"
"species",150,150,1338,463,39.9404716491699,"15"
"species",151,151,1767,638,47.2207565307617,"2"
"species",152,152,1592,584,34.1089019775391,"2"
"species",153,153,1197,434,7641.16357421875,"13"
"species",154,154,1744,619,17.7944240570068,"2"
"species",155,155,1077,487,228.800033569336,"2"
"species",156,156,1814,645,60.0151519775391,"8"
"species",157,157,1231,452,79.292854309082,"21"
"species",158,158,1198,497,12.2851085662842,"2"
"species",159,159,893,559,85.4169387817383,"8"
"species",160,160,1572,576,30.2770385742188,"8"
"species",161,161,1437,503,13.8752145767212,"2"
"species",162,162,1544,594,13.5638847351074,"2"
"species",163,163,892,568,83.7335510253906,"1"
"species",164,164,1057,475,88.0344390869141,"8"
"species",165,165,1051,502,170.378372192383,"21"
"species",166,166,832,1028,77.9810256958008,"1"
"species",167,167,985,499,130.632080078125,"21"
"species",168,168,1133,507,12.2851085662842,"9"
"species",169,169,974,608,73.5590972900391,"8"
"species",170,170,908,593,83.5130767822266,"8"
"species",171,171,1023,493,36.3793296813965,"2"
"species",172,172,1550,524,8.32851409912109,"8"
"species",173,173,1529,512,8.32851314544678,"2"
"species",174,174,1372,463,21.8033542633057,"2"
"species",175,175,1782,641,47.2207565307617,"8"
"species",176,176,1414,454,9.26984977722168,"2"
"species",177,177,1111,472,62.365119934082,"8"
"species",178,178,1777,643,47.2207527160645,"8"
"species",179,179,1779,634,47.2207565307617,"8"
"species",180,180,1798,612,79.7007675170898,"2"
"species",181,181,1342,486,16.1109504699707,"2"
"species",182,182,945,553,90.1486434936523,"21"
"species",183,183,1067,499,35.1086769104004,"9"
"species",184,184,881,653,72.5464324951172,"1"
"species",185,185,869,552,86.1257553100586,"8"
"species",186,186,1852,609,178.14533996582,"8"
"species",187,187,1766,609,36.4315719604492,"2"
"species",188,188,1787,643,47.2207527160645,"8"
"species",189,189,1337,481,16.1109504699707,"2"
"species",190,190,1863,661,28.7210865020752,"2"
"species",191,191,1179,509,12.2851095199585,"2"
"species",192,192,1073,509,35.1086807250977,"2"
"species",193,193,803,924,76.5618057250977,"8"
"species",194,194,1142,447,81.9949264526367,"8"
"species",195,195,1023,504,38.1871681213379,"21"
"species",196,196,894,593,79.883056640625,"21"
"species",197,197,933,632,69.2006454467773,"1"
"species",198,198,889,599,83.513069152832,"21"
"species",199,199,1378,590,41.7708511352539,"8"
"species",200,200,1596,582,30.7580738067627,"2"
"species",201,201,1099,477,164.787124633789,"21"
"species",202,202,1104,505,14.0660123825073,"2"
"species",203,203,1784,641,47.2207565307617,"8"
"species",204,204,1110,507,12.2851085662842,"2"
"species",205,205,1097,482,163.580795288086,"8"
"species",206,206,1831,657,28.7210865020752,"2"
"species",207,207,1777,612,36.4315757751465,"2"
"species",208,208,1620,586,45.2149467468262,"8"
"species",209,209,1799,614,104.430213928223,"2"
"species",210,210,1715,598,23.9018096923828,"9"
"species",211,211,1831,605,187.033157348633,"2"
"species",212,212,1151,506,12.2851085662842,"2"
"species",213,213,1530,510,8.32851314544678,"2"
"species",214,214,1772,633,24.975564956665,"2"
"species",215,215,1523,507,7.99457311630249,"2"
"species",216,216,1530,532,14.5286293029785,"2"
"species",217,217,1176,431,1164.94055175781,"2"
"species",218,218,1076,473,54.6680526733398,"1"
"species",219,219,1086,538,62.1468391418457,"1"
"species",220,220,1106,474,88.0344390869141,"1"
"species",221,221,991,670,86.853271484375,"1"
"species",222,222,1115,546,48.7409248352051,"1"
"species",223,223,1351,478,16.1109504699707,"2"
"species",224,224,1128,499,66.4852676391602,"1"
"species",225,225,1198,464,80.5115737915039,"21"
"species",226,226,1063,596,129.609710693359,"1"
"species",227,227,1239,454,106.371536254883,"21"
"species",228,228,929,606,155.193725585938,"8"
"species",229,229,1018,502,101.425010681152,"9"
"species",230,230,919,598,102.726890563965,"8"
"species",231,231,1064,469,201.625183105469,"8"
"species",232,232,1367,456,27.5398216247559,"2"
"species",233,233,1642,565,56.4491729736328,"14"
"species",234,234,1612,546,7.99457311630249,"9"
"species",235,235,1061,492,146.464599609375,"9"
"species",236,236,933,630,153.254180908203,"1"
"species",237,237,1620,616,93.2638168334961,"8"
"species",238,238,1750,631,12.0262975692749,"8"
"species",239,239,1473,508,9.27183532714844,"2"
"species",240,240,951,891,171.856338500977,"8"
"species",241,241,1680,582,47.5090103149414,"8"
"species",242,242,1612,552,45.9121856689453,"2"
"species",243,243,1358,454,21.8033542633057,"2"
"species",244,244,1700,589,47.5090103149414,"2"
"species",245,245,1798,605,187.033157348633,"8"
"species",246,246,1639,583,47.5090103149414,"8"
"species",247,247,1173,456,104.665092468262,"2"
"species",248,248,868,606,135.466415405273,"8"
"species",249,249,1069,541,3867.49389648438,"8"
"species",250,250,1494,502,7.99457263946533,"2"
"species",251,251,1093,613,249.174423217773,"8"
"species",252,252,1801,623,75.6264038085938,"2"
"species",253,253,1635,575,368.515075683594,"13"
"species",254,254,1535,533,8.32851409912109,"2"
"species",255,255,1641,579,151.088470458984,"2"
"species",256,256,1563,532,8.32851409912109,"2"
"species",257,257,1363,474,69.4097366333008,"8"
"species",258,258,1813,601,212.872131347656,"8"
"species",259,259,1342,459,9.269850730896,"8"
"species",260,260,1369,456,21.8033542633057,"2"
"species",261,261,1064,490,129.688812255859,"1"
"species",262,262,1702,612,11.5878553390503,"2"
"species",263,263,1502,505,7.99457311630249,"15"
"species",264,264,1006,650,55.1219367980957,"21"
"species",265,265,1083,576,183.593200683594,"1"
"species",266,266,1826,613,272.296600341797,"8"
"species",267,267,1088,494,172.944702148438,"21"
"species",268,268,1117,478,143.299713134766,"21"
"species",269,269,1146,500,192.811157226562,"13"
"species",270,270,1490,551,15.3538837432861,"2"
"species",271,271,1318,550,27.9818267822266,"9"
"species",272,272,1054,491,109.22191619873,"1"
"species",273,273,1524,558,54.9546585083008,"8"
"species",274,274,1777,644,47.2207565307617,"8"
"species",275,275,1268,488,143.433135986328,"2"
"species",276,276,1527,568,42.7215576171875,"8"
"species",277,277,1645,554,45.5455169677734,"8"
"species",278,278,1792,617,23.9018096923828,"2"
"species",279,279,1699,602,47.5090103149414,"2"
"species",280,280,1603,587,348.498840332031,"2"
"species",281,281,1343,459,21.8033542633057,"8"
"species",282,282,1477,513,15.3538837432861,"2"
"species",283,283,1170,440,62.1432952880859,"2"
"species",284,284,1529,524,11.3748712539673,"2"
"species",285,285,1631,558,9.53620433807373,"2"
"species",286,286,1647,607,73.7905044555664,"2"
"species",287,287,1683,586,47.5090103149414,"25"
"species",288,288,1116,468,27.3929615020752,"2"
"species",289,289,1064,499,22.6926345825195,"8"
"species",290,290,1065,509,155.835739135742,"21"
"species",291,291,1251,443,8061.51025390625,"13"
"species",292,292,1059,473,62.3651161193848,"13"
"species",293,293,1821,636,77.5378799438477,"2"
"species",294,294,1309,534,20.4771404266357,"2"
"species",295,295,1526,522,8.32851314544678,"2"
"species",296,296,1482,516,8.01048278808594,"2"
"species",297,297,1574,538,8.32851314544678,"2"
"species",298,298,1099,482,292.693481445312,"9"
"species",299,299,1831,591,186.989532470703,"2"
"species",300,300,1818,626,123.158958435059,"2"
"species",301,301,1608,617,31.6483783721924,"8"
"species",302,302,1627,608,31.6483783721924,"2"
"species",303,303,990,763,39.7274856567383,"21"
"species",304,304,895,610,146.653961181641,"1"
"species",305,305,1081,532,122.911354064941,"21"
"species",306,306,1077,516,122.927871704102,"21"
"species",307,307,926,603,155.333251953125,"1"
"species",308,308,980,678,63.4815444946289,"8"
"species",309,309,1125,492,281.844116210938,"21"
"species",310,310,873,858,76.5618057250977,"1"
"species",311,311,1089,561,47.3731651306152,"1"
"species",312,312,964,546,234.305709838867,"1"
"species",313,313,1100,602,47.1806297302246,"1"
"species",314,314,1103,496,174.172302246094,"8"
"species",315,315,1210,438,8061.51025390625,"13"
"species",316,316,1040,535,62.2483367919922,"13"
"species",317,317,1085,496,181.311569213867,"8"
"species",318,318,973,528,101.425018310547,"21"
"species",319,319,1135,544,59.2672119140625,"8"
"species",320,320,1587,560,14.4165287017822,"2"
"species",321,321,1627,585,30.2770366668701,"2"
"species",322,322,1605,633,31.648380279541,"8"
"species",323,323,1483,495,7.99457311630249,"2"
"species",324,324,1702,585,47.5090103149414,"8"
"species",325,325,1080,600,187.962844848633,"21"
"species",326,326,992,532,86.1829147338867,"8"
"species",327,327,1181,561,56.8976173400879,"21"
"species",328,328,995,561,83.513069152832,"8"
"species",329,329,920,607,78.6185455322266,"8"
"species",330,330,923,560,84.4146347045898,"21"
"species",331,331,1053,518,101.275184631348,"8"
"species",332,332,854,601,153.254180908203,"13"
"species",333,333,891,606,141.598220825195,"1"
"species",334,334,1077,566,48.7409248352051,"8"
"species",335,335,1467,511,15.3538837432861,"2"
"species",336,336,1097,490,173.278228759766,"21"
"species",337,337,1127,538,122.927864074707,"21"
"species",338,338,1217,457,1260.83813476562,"7"
"species",339,339,1617,544,7.99457311630249,"2"
"species",340,340,1625,580,368.515075683594,"2"
"species",341,341,1800,618,78.4938507080078,"8"
"species",342,342,1217,519,55.073974609375,"9"
"species",343,343,925,981,59.1819381713867,"8"
"species",344,344,1252,521,55.0739784240723,"9"
"species",345,345,1128,453,62.1432952880859,"2"
"species",346,346,1453,493,9.269850730896,"2"
"species",347,347,1591,581,45.3161163330078,"8"
"species",348,348,1109,529,219.839935302734,"21"
"species",349,349,1614,590,86.8862838745117,"2"
"species",350,350,1881,614,64.8330078125,"8"
"species",351,351,1532,560,45.8973770141602,"2"
"species",352,352,1815,600,108.685287475586,"9"
"species",353,353,1268,524,12.2851085662842,"9"
"species",354,354,1005,507,59.8506851196289,"8"
"species",355,355,1556,566,19.6327610015869,"2"
"species",356,356,1100,587,188.625381469727,"8"
"species",357,357,1339,454,90.6621017456055,"8"
"species",358,358,1074,625,627.505310058594,"21"
"species",359,359,1623,559,45.9121856689453,"8"
