"species","x","y","bio4","bio16","gpw2000_30_sec","simplelc2000"
"species",1,1,1329,463,21.8033542633057,"4"
"species",2,2,966,542,159.209167480469,"4"
"species",3,3,1201,494,12.2851085662842,"2"
"species",4,4,1169,442,931.858154296875,"2"
"species",5,5,1509,509,7.99457311630249,"2"
"species",6,6,1072,621,1064.81335449219,"4"
"species",7,7,1191,447,5515.67724609375,"5"
"species",8,8,1178,440,2465.0966796875,"5"
"species",9,9,1162,466,926.984252929688,"2"
"species",10,10,1290,491,47.1303863525391,"2"
"species",11,11,1371,442,19.5668869018555,"2"
"species",12,12,1092,482,129.529678344727,"3"
"species",13,13,1110,471,67.9299163818359,"2"
"species",14,14,1237,459,64.6427307128906,"4"
"species",15,15,1552,621,31.4635143280029,"4"
"species",16,16,1538,514,7.99457311630249,"2"
"species",17,17,1543,617,31.6483783721924,"2"
"species",18,18,1537,604,26.6780796051025,"2"
"species",19,19,1798,612,79.7007675170898,"2"
"species",20,20,1778,612,33.1794281005859,"2"
"species",21,21,1482,502,8.0025110244751,"2"
"species",22,22,1711,599,23.9018096923828,"2"
"species",23,23,893,604,72.4451370239258,"1"
"species",24,24,1176,472,684.615844726562,"4"
"species",25,25,1369,455,21.8033542633057,"1"
"species",26,26,1796,633,47.2207565307617,"4"
"species",27,27,1740,610,11.5878553390503,"2"
"species",28,28,1009,499,134.917068481445,"4"
"species",29,29,1054,627,261.49072265625,"4"
"species",30,30,1338,463,39.9404716491699,"1"
"species",31,31,1767,638,47.2207565307617,"2"
"species",32,32,1077,487,228.800033569336,"2"
"species",33,33,1525,512,8.32851409912109,"2"
"species",34,34,1528,561,54.9546585083008,"5"
"species",35,35,1490,506,7.99457311630249,"2"
"species",36,36,1231,452,79.292854309082,"1"
"species",37,37,1471,505,15.351731300354,"2"
"species",38,38,1141,496,15.5990715026855,"2"
"species",39,39,1779,634,47.2207565307617,"4"
"species",40,40,1782,641,47.2207565307617,"4"
"species",41,41,1299,548,39.3066482543945,"3"
"species",42,42,1076,480,38.774600982666,"2"
"species",43,43,1550,524,8.32851409912109,"4"
"species",44,44,985,499,130.632080078125,"1"
"species",45,45,1335,566,37.4480628967285,"2"
"species",46,46,1558,564,19.6327610015869,"4"
"species",47,47,1354,487,21.7184925079346,"2"
"species",48,48,1799,614,104.430213928223,"2"
"species",49,49,1572,576,30.2770385742188,"4"
"species",50,50,1715,598,23.9018096923828,"3"
"species",51,51,1831,605,187.033157348633,"2"
"species",52,52,1787,643,47.2207527160645,"4"
"species",53,53,1082,480,112.417007446289,"2"
"species",54,54,1605,633,31.648380279541,"4"
"species",55,55,1844,617,45.2908706665039,"4"
"species",56,56,1213,447,7595.47021484375,"5"
"species",57,57,1204,441,7615.6962890625,"5"
"species",58,58,1523,507,7.99457311630249,"2"
"species",59,59,1804,641,47.2207527160645,"4"
"species",60,60,1527,568,42.7215576171875,"4"
"species",61,61,1370,449,21.8033542633057,"2"
"species",62,62,1485,494,7.99457311630249,"4"
"species",63,63,1342,459,9.269850730896,"4"
"species",64,64,1369,456,21.8033542633057,"2"
"species",65,65,1750,631,12.0262975692749,"4"
"species",66,66,1115,487,345.755889892578,"4"
"species",67,67,1064,490,129.688812255859,"1"
"species",68,68,1702,612,11.5878553390503,"2"
"species",69,69,1502,505,7.99457311630249,"1"
"species",70,70,1006,650,55.1219367980957,"1"
"species",71,71,1826,613,272.296600341797,"4"
"species",72,72,1088,494,172.944702148438,"1"
"species",73,73,1117,478,143.299713134766,"1"
"species",74,74,1339,454,90.6621017456055,"4"
"species",75,75,1040,508,155.835739135742,"4"
"species",76,76,1131,510,595.196838378906,"1"
"species",77,77,1603,587,348.498840332031,"2"
"species",78,78,1608,617,31.6483783721924,"4"
"species",79,79,1489,514,7.99457311630249,"2"
"species",80,80,1467,511,15.3538837432861,"2"
"species",81,81,1871,613,106.963768005371,"2"
"species",82,82,990,763,39.7274856567383,"1"
"species",83,83,1549,550,8.32851409912109,"1"
"species",84,84,1121,458,62.1432991027832,"2"
