"species","x","y","bio4","bio16","gpw2000_30_sec","simplelc2000"
"species",1,1,942,940,77.9810180664062,"1"
"species",2,2,1032,534,95.0354919433594,"4"
"species",3,3,1045,544,96.8656921386719,"1"
"species",4,4,1078,544,4871.93212890625,"5"
"species",5,5,892,592,84.3945083618164,"1"
"species",6,6,969,936,77.794807434082,"1"
"species",7,7,1056,521,109.755096435547,"4"
"species",8,8,1060,476,64.4457702636719,"2"
"species",9,9,919,598,102.726890563965,"4"
"species",10,10,771,1043,76.5618057250977,"2"
"species",11,11,1072,621,1064.81335449219,"4"
"species",12,12,924,610,155.333251953125,"1"
"species",13,13,972,694,97.1699829101562,"4"
"species",14,14,1642,565,56.4491729736328,"4"
"species",15,15,881,592,141.79670715332,"1"
"species",16,16,1141,507,192.811157226562,"2"
"species",17,17,1244,488,40.3434257507324,"2"
"species",18,18,1026,495,134.922729492188,"4"
"species",19,19,1038,552,62.2483329772949,"1"
"species",20,20,959,546,266.476287841797,"1"
"species",21,21,1002,720,42.0091133117676,"4"
"species",22,22,989,496,469.486389160156,"4"
"species",23,23,1804,641,47.2207527160645,"4"
"species",24,24,1115,487,345.755889892578,"4"
"species",25,25,1367,479,111.174736022949,"2"
"species",26,26,919,550,160.944412231445,"1"
"species",27,27,1509,509,7.99457311630249,"2"
"species",28,28,1065,574,192.811157226562,"1"
"species",29,29,925,580,190.429168701172,"4"
"species",30,30,1206,502,12.2851085662842,"2"
"species",31,31,854,601,153.254180908203,"5"
"species",32,32,1083,576,183.593200683594,"1"
"species",33,33,908,598,114.025398254395,"4"
"species",34,34,942,562,99.3551406860352,"1"
"species",35,35,925,580,183.14533996582,"1"
"species",36,36,1313,473,70.8796997070312,"2"
"species",37,37,1529,521,7.99457311630249,"2"
"species",38,38,1040,508,155.835739135742,"4"
"species",39,39,1075,561,95.0469284057617,"4"
"species",40,40,978,683,60.2725105285645,"1"
"species",41,41,900,580,84.4146347045898,"1"
"species",42,42,1038,523,332.797729492188,"4"
"species",43,43,913,562,602.742553710938,"1"
"species",44,44,1538,514,7.99457311630249,"2"
"species",45,45,1100,602,47.1806297302246,"1"
"species",46,46,1174,466,57.9572639465332,"1"
"species",47,47,924,578,201.977874755859,"5"
"species",48,48,898,587,83.9077835083008,"1"
"species",49,49,1541,521,7.99457311630249,"2"
"species",50,50,1222,464,146.987838745117,"4"
"species",51,51,1203,468,159.563064575195,"4"
"species",52,52,892,602,83.5130767822266,"1"
"species",53,53,1042,653,238.961776733398,"4"
"species",54,54,1022,501,38.7746047973633,"1"
"species",55,55,935,571,84.4146347045898,"1"
"species",56,56,928,757,66.4790725708008,"1"
"species",57,57,1050,629,238.961776733398,"4"
"species",58,58,936,650,69.2006454467773,"4"
"species",59,59,1027,562,101.09935760498,"1"
"species",60,60,1016,568,124.19694519043,"1"
"species",61,61,893,604,72.4451370239258,"1"
"species",62,62,1625,596,31.6483783721924,"1"
"species",63,63,1537,604,26.6780796051025,"2"
"species",64,64,1550,604,17.1533126831055,"2"
"species",65,65,1525,512,8.32851409912109,"2"
"species",66,66,1507,509,7.99457311630249,"2"
"species",67,67,1783,641,47.2207527160645,"4"
"species",68,68,1477,503,11.0603828430176,"4"
"species",69,69,1077,509,142.360275268555,"1"
"species",70,70,893,605,111.445602416992,"1"
"species",71,71,960,604,159.050857543945,"4"
"species",72,72,938,558,434.030548095703,"1"
"species",73,73,1027,649,223.690246582031,"4"
"species",74,74,1067,498,155.835739135742,"3"
"species",75,75,1045,484,70.8800277709961,"4"
"species",76,76,966,547,158.686813354492,"4"
"species",77,77,937,543,827.052429199219,"1"
"species",78,78,995,555,226.575698852539,"4"
"species",79,79,991,749,44.0877685546875,"4"
"species",80,80,1740,610,11.5878553390503,"2"
"species",81,81,1369,455,21.8033542633057,"1"
"species",82,82,1126,507,103.315734863281,"3"
"species",83,83,952,555,159.741821289062,"4"
"species",84,84,1013,635,238.961761474609,"4"
"species",85,85,907,648,83.6362838745117,"1"
"species",86,86,1164,596,268.058135986328,"4"
"species",87,87,929,586,83.513069152832,"4"
"species",88,88,1607,595,31.6483783721924,"2"
"species",89,89,1594,581,30.2770385742188,"2"
"species",90,90,1478,503,8.22598171234131,"2"
"species",91,91,1766,609,36.4315719604492,"2"
"species",92,92,1150,485,410.988037109375,"4"
"species",93,93,1076,480,38.774600982666,"2"
"species",94,94,1299,548,39.3066482543945,"3"
"species",95,95,1553,539,8.32851409912109,"4"
"species",96,96,1618,556,45.9121856689453,"4"
"species",97,97,1556,589,13.5638847351074,"2"
"species",98,98,1216,467,61.9662437438965,"4"
"species",99,99,1796,633,47.2207565307617,"4"
"species",100,100,1803,643,47.2207565307617,"2"
"species",101,101,1340,455,19.4944667816162,"2"
"species",102,102,1107,481,253.322647094727,"1"
"species",103,103,826,916,76.5618057250977,"4"
"species",104,104,1030,566,88.3620681762695,"5"
"species",105,105,1091,601,47.1806297302246,"4"
"species",106,106,1108,494,46.1702079772949,"2"
"species",107,107,964,599,155.333251953125,"1"
"species",108,108,826,1042,77.2446212768555,"1"
"species",109,109,1066,498,173.278213500977,"4"
"species",110,110,870,615,95.7044677734375,"4"
"species",111,111,1001,532,271.643859863281,"4"
"species",112,112,1231,452,79.292854309082,"1"
"species",113,113,914,603,155.333251953125,"1"
"species",114,114,972,591,195.55827331543,"4"
"species",115,115,922,569,84.4146347045898,"1"
"species",116,116,1197,518,12.2851095199585,"2"
"species",117,117,1106,476,159.741821289062,"2"
"species",118,118,1077,487,228.800033569336,"2"
"species",119,119,1044,472,439.188049316406,"4"
"species",120,120,1044,512,310.038909912109,"1"
"species",121,121,1137,516,12.2851085662842,"2"
"species",122,122,1338,583,58.9720649719238,"4"
"species",123,123,1069,482,146.261444091797,"2"
"species",124,124,1097,466,88.0344390869141,"1"
"species",125,125,919,580,83.513069152832,"4"
"species",126,126,916,585,92.9564437866211,"4"
"species",127,127,1060,507,258.074188232422,"4"
"species",128,128,985,499,130.632080078125,"1"
"species",129,129,974,608,73.5590972900391,"4"
"species",130,130,1077,517,366.729125976562,"4"
"species",131,131,1051,482,99.9957809448242,"1"
"species",132,132,1798,638,47.2207565307617,"2"
"species",133,133,1777,612,36.4315757751465,"2"
"species",134,134,960,698,66.825927734375,"4"
"species",135,135,1045,485,94.8721542358398,"1"
"species",136,136,1023,493,36.3793296813965,"2"
"species",137,137,1111,472,62.365119934082,"4"
"species",138,138,1023,504,38.1871681213379,"1"
"species",139,139,1051,568,88.8038024902344,"1"
"species",140,140,1120,459,88.0344390869141,"4"
"species",141,141,1029,577,69.0961303710938,"4"
"species",142,142,1779,634,47.2207565307617,"4"
"species",143,143,1405,493,15.6472902297974,"2"
"species",144,144,1784,641,47.2207565307617,"4"
"species",145,145,1798,612,79.7007675170898,"2"
"species",146,146,1831,605,187.033157348633,"2"
"species",147,147,1572,576,30.2770385742188,"4"
"species",148,148,1096,468,87.8468322753906,"1"
"species",149,149,1544,594,13.5638847351074,"2"
"species",150,150,1791,635,47.2207565307617,"2"
"species",151,151,1033,591,44.0877685546875,"1"
"species",152,152,938,672,69.091911315918,"4"
"species",153,153,992,710,44.0877685546875,"1"
"species",154,154,968,704,44.0877685546875,"4"
"species",155,155,1044,592,129.228149414062,"4"
"species",156,156,956,805,76.3357162475586,"4"
"species",157,157,1074,569,124.207229614258,"4"
"species",158,158,980,682,97.1699829101562,"4"
"species",159,159,965,556,183.697875976562,"4"
"species",160,160,889,599,83.513069152832,"1"
"species",161,161,1110,507,12.2851085662842,"2"
"species",162,162,1109,464,88.0344390869141,"1"
"species",163,163,1011,514,168.966522216797,"4"
"species",164,164,1104,574,47.9212760925293,"1"
"species",165,165,925,981,59.1819381713867,"4"
"species",166,166,1189,460,104.665092468262,"3"
"species",167,167,1181,511,55.0739784240723,"4"
"species",168,168,1089,561,47.3731651306152,"1"
"species",169,169,873,858,76.5618057250977,"1"
"species",170,170,990,763,39.7274856567383,"1"
"species",171,171,1176,431,1164.94055175781,"2"
"species",172,172,1076,473,54.6680526733398,"1"
"species",173,173,1086,538,62.1468391418457,"1"
"species",174,174,1106,474,88.0344390869141,"1"
"species",175,175,1274,497,39.9404716491699,"2"
"species",176,176,991,670,86.853271484375,"1"
"species",177,177,1115,546,48.7409248352051,"1"
"species",178,178,1351,478,16.1109504699707,"2"
"species",179,179,1081,486,54.6680488586426,"1"
"species",180,180,1128,499,66.4852676391602,"1"
"species",181,181,1198,464,80.5115737915039,"1"
"species",182,182,1063,596,129.609710693359,"1"
"species",183,183,1239,454,106.371536254883,"1"
"species",184,184,978,603,71.5932846069336,"1"
"species",185,185,949,795,176.495574951172,"1"
"species",186,186,1337,464,55.9288139343262,"4"
"species",187,187,1085,571,48.7409248352051,"4"
"species",188,188,1536,527,8.32851314544678,"2"
"species",189,189,1371,442,19.5668869018555,"2"
"species",190,190,920,609,153.234954833984,"1"
"species",191,191,1069,541,3867.49389648438,"4"
"species",192,192,960,687,56.179256439209,"1"
"species",193,193,1005,647,55.1219367980957,"1"
"species",194,194,987,626,188.625381469727,"4"
"species",195,195,1191,447,5515.67724609375,"5"
"species",196,196,1369,456,21.8033542633057,"2"
"species",197,197,1213,447,7595.47021484375,"5"
"species",198,198,706,1042,76.5618057250977,"4"
"species",199,199,1478,558,23.8291702270508,"4"
"species",200,200,945,610,155.333251953125,"4"
"species",201,201,1125,492,281.844116210938,"1"
"species",202,202,1317,477,131.525588989258,"4"
"species",203,203,1250,456,90.9282608032227,"4"
"species",204,204,964,546,234.305709838867,"1"
"species",205,205,935,555,101.111183166504,"1"
"species",206,206,992,532,86.1829147338867,"4"
"species",207,207,1106,576,48.7409210205078,"4"
"species",208,208,1064,499,22.6926345825195,"4"
"species",209,209,1090,573,48.7409248352051,"1"
"species",210,210,1080,489,146.464599609375,"2"
"species",211,211,1012,566,195.669525146484,"1"
"species",212,212,779,1054,76.5618057250977,"2"
"species",213,213,1061,467,232.639801025391,"4"
"species",214,214,1102,498,173.043045043945,"4"
"species",215,215,891,606,141.598220825195,"1"
"species",216,216,1003,1115,77.9810256958008,"4"
"species",217,217,979,626,188.625381469727,"4"
"species",218,218,1035,518,552.806030273438,"4"
"species",219,219,963,987,77.9810180664062,"4"
"species",220,220,1034,574,124.207229614258,"4"
"species",221,221,957,615,188.625381469727,"1"
"species",222,222,1339,454,90.6621017456055,"4"
"species",223,223,960,552,276.630218505859,"4"
"species",224,224,1052,526,168.536102294922,"4"
"species",225,225,936,623,146.653945922852,"4"
"species",226,226,918,610,105.204048156738,"1"
"species",227,227,1363,474,69.4097366333008,"4"
"species",228,228,1523,507,7.99457311630249,"2"
"species",229,229,1059,473,62.3651161193848,"5"
"species",230,230,1635,575,368.515075683594,"5"
"species",231,231,1821,636,77.5378799438477,"2"
"species",232,232,1188,465,822.035583496094,"1"
"species",233,233,1309,534,20.4771404266357,"2"
"species",234,234,1526,522,8.32851314544678,"2"
"species",235,235,1482,516,8.01048278808594,"2"
"species",236,236,1574,538,8.32851314544678,"2"
"species",237,237,1099,482,292.693481445312,"3"
"species",238,238,1625,580,368.515075683594,"2"
"species",239,239,1159,530,56.9762306213379,"1"
"species",240,240,1683,586,47.5090103149414,"1"
"species",241,241,1370,449,21.8033542633057,"2"
"species",242,242,919,568,84.4146347045898,"1"
"species",243,243,895,610,146.653961181641,"1"
"species",244,244,1081,532,122.911354064941,"1"
"species",245,245,1077,516,122.927871704102,"1"
"species",246,246,926,603,155.333251953125,"1"
"species",247,247,980,678,63.4815444946289,"4"
"species",248,248,1019,590,223.80924987793,"5"
"species",249,249,897,598,135.272064208984,"4"
"species",250,250,1072,620,520.220336914062,"1"
"species",251,251,1063,595,242.657012939453,"4"
"species",252,252,1213,518,55.073974609375,"3"
"species",253,253,1235,459,1147.59704589844,"2"
"species",254,254,1173,456,1114.92114257812,"2"
"species",255,255,1251,443,8061.51025390625,"5"
"species",256,256,1367,588,37.4480628967285,"4"
"species",257,257,1813,601,212.872131347656,"4"
"species",258,258,1318,550,27.9818267822266,"3"
"species",259,259,1166,435,659.147399902344,"2"
"species",260,260,1202,424,2584.28857421875,"5"
"species",261,261,1750,631,12.0262975692749,"4"
"species",262,262,1101,585,48.7403717041016,"1"
"species",263,263,1028,499,129.354309082031,"1"
"species",264,264,1477,513,15.3538837432861,"2"
"species",265,265,1268,524,12.2851085662842,"3"
"species",266,266,1146,455,62.1432991027832,"1"
"species",267,267,1144,503,285.836822509766,"5"
"species",268,268,1593,585,315.889343261719,"4"
"species",269,269,1581,559,14.0853967666626,"2"
"species",270,270,1639,583,47.5090103149414,"4"
"species",271,271,1499,516,7.99457311630249,"2"
"species",272,272,960,607,73.5593872070312,"1"
"species",273,273,1549,550,8.32851409912109,"1"
"species",274,274,966,701,61.507926940918,"4"
"species",275,275,1261,480,28.0261325836182,"2"
