"species","x","y","bio4","bio16","gpw2000_30_sec","swa_2000lulc_2km"
"background",1,1,1188,508,12.2851088261232,"15"
"background",2,2,1064,484,38.774603150785,"2"
"background",3,3,1181,468,70.6806112673364,"21"
"background",4,4,979,623,73.2828551083466,"8"
"background",5,5,832,1028,77.9810227453709,"1"
"background",6,6,1509,513,7.99457283457741,"2"
"background",7,7,1400,438,11.1914518730206,"2"
"background",8,8,1058,640,66.0623707397217,"8"
"background",9,9,1173,458,99.7781884891606,"2"
"background",10,10,1472,517,15.3538835858926,"2"
"background",11,11,1271,478,39.9431333206596,"15"
"background",12,12,910,624,150.161101535165,"21"
"background",13,13,1210,455,107.312258474529,"8"
"background",14,14,1591,582,45.3161182105541,"2"
"background",15,15,1186,469,40.0368197672069,"2"
"background",16,16,1309,478,28.0261328425258,"2"
"background",17,17,964,707,123.500653503649,"8"
"background",18,18,927,577,158.169820213091,"8"
"background",19,19,1034,489,94.9819430805559,"13"
"background",20,20,1138,581,258.992019578112,"8"
"background",21,21,912,596,82.8552627203588,"21"
"background",22,22,1183,439,62.1432975764302,"8"
"background",23,23,1154,496,488.009168482739,"21"
"background",24,24,1180,471,66.4852623492479,"21"
"background",25,25,1750,624,24.9743320345876,"8"
"background",26,26,1821,636,84.3064445737497,"2"
"background",27,27,1037,571,44.0877669863403,"1"
"background",28,28,1068,499,173.278224363923,"21"
"background",29,29,1051,541,62.2483344227076,"1"
"background",30,30,1052,561,89.8769693151683,"8"
"background",31,31,1107,602,129.609714716673,"8"
"background",32,32,1025,561,88.2954225556457,"21"
"background",33,33,956,680,68.0267077946106,"8"
"background",34,34,1318,590,29.2066820330159,"8"
"background",35,35,1123,537,48.7409241609275,"8"
"background",36,36,985,670,70.8272697476406,"8"
"background",37,37,1030,580,134.298365486971,"13"
"background",38,38,1110,512,65.7112023605937,"8"
"background",39,39,819,591,129.940889075971,"1"
"background",40,40,1315,458,68.4985506358164,"2"
"background",41,41,1036,530,195.669519677758,"21"
"background",42,42,1251,513,12.2851088261232,"2"
"background",43,43,1829,595,200.918732106686,"8"
"background",44,44,1048,609,80.4744788927732,"8"
"background",45,45,1025,629,44.0877676680684,"8"
"background",46,46,1064,503,169.260185523789,"2"
"background",47,47,1766,627,24.9755653105676,"8"
"background",48,48,1540,568,42.7215569727123,"8"
"background",49,49,1372,477,16.110950242728,"2"
"background",50,50,1212,455,93.0460820421576,"21"
"background",51,51,1213,475,31.4841169212013,"2"
"background",52,52,1173,462,105.718437454964,"3"
"background",53,53,1300,492,39.9404726177454,"2"
"background",54,54,919,598,104.534336426432,"8"
"background",55,55,1128,535,147.55123506818,"21"
"background",56,56,993,675,55.1219359822571,"21"
"background",57,57,1105,534,652.223202152774,"8"
"background",58,58,1539,641,36.503805720179,"8"
"background",59,59,1619,612,31.3250742051544,"25"
"background",60,60,1185,470,67.302470669107,"21"
"background",61,61,1039,582,77.305397509452,"21"
"background",62,62,948,678,97.1699844673276,"21"
"background",63,63,1833,651,83.8414903655648,"2"
"background",64,64,1577,581,30.2770383302122,"8"
"background",65,65,958,583,178.881018325623,"21"
"background",66,66,1252,521,55.0739769637585,"9"
"background",67,67,1258,469,28.0261336732656,"2"
"background",68,68,1580,569,30.2770373541862,"8"
"background",69,69,1158,462,73.5834420149098,"21"
"background",70,70,1082,565,98.753683575372,"8"
"background",71,71,1173,456,1105.4778934441,"2"
"background",72,72,1003,500,35.1086785309017,"2"
"background",73,73,1121,608,297.952040479845,"21"
"background",74,74,1029,544,96.6015959830463,"21"
"background",75,75,985,528,116.969167508185,"8"
"background",76,76,1398,469,16.1109506059438,"2"
"background",77,77,1041,612,44.087766520679,"1"
"background",78,78,1061,568,51.6789694015059,"1"
"background",79,79,1018,593,44.087767444551,"21"
"background",80,80,1661,596,7.99457296542823,"2"
"background",81,81,1136,507,66.2787746970234,"8"
"background",82,82,1065,488,146.67137835667,"2"
"background",83,83,1088,471,66.304613089766,"1"
"background",84,84,1129,467,34.6514798273263,"2"
"background",85,85,1062,496,170.711111128618,"8"
"background",86,86,1365,451,43.9558122305182,"15"
"background",87,87,1346,466,10.0811359510141,"2"
"background",88,88,1010,499,111.208333699697,"13"
"background",89,89,1536,518,8.06413356073989,"2"
"background",90,90,1607,595,31.6483786981553,"2"
"background",91,91,1502,521,8.32851364370435,"2"
"background",92,92,1692,596,47.2303510568857,"8"
"background",93,93,786,600,134.176683254593,"1"
"background",94,94,1130,469,63.2096873969222,"8"
"background",95,95,1752,647,24.9755646493286,"8"
"background",96,96,1677,580,46.3772805481759,"2"
"background",97,97,1170,456,153.790291026279,"13"
"background",98,98,1121,474,80.6352943002129,"8"
"background",99,99,1880,654,84.0231099650055,"3"
"background",100,100,1111,521,49.8116896670202,"21"
"background",101,101,1837,594,72.9135354756105,"8"
"background",102,102,1309,534,21.3910472183798,"2"
"background",103,103,1609,543,43.6470076010881,"2"
"background",104,104,1728,600,23.9919705744723,"2"
"background",105,105,1503,551,15.3538833055645,"2"
"background",106,106,1347,564,32.6616366131991,"9"
"background",107,107,1161,449,62.1432968899608,"2"
"background",108,108,976,696,44.0496466234275,"8"
"background",109,109,1057,562,195.669520258903,"8"
"background",110,110,1492,529,8.32851354591548,"3"
"background",111,111,951,545,88.1738843009242,"21"
"background",112,112,1029,518,260.513572188196,"21"
"background",113,113,1432,595,29.2032634951174,"8"
"background",114,114,1207,505,12.2851087208837,"2"
"background",115,115,1072,486,146.671376900239,"9"
"background",116,116,1743,647,24.9755648486316,"2"
"background",117,117,1654,594,13.3724338365719,"15"
"background",118,118,1044,524,163.153995439258,"21"
"background",119,119,1020,505,35.1086789667606,"1"
"background",120,120,1108,472,104.891134585443,"2"
"background",121,121,1488,524,15.3538836752996,"2"
"background",122,122,894,614,146.653957620263,"8"
"background",123,123,1423,473,9.26985041890293,"2"
"background",124,124,1339,482,16.1109505295753,"2"
"background",125,125,1341,565,59.3752641901374,"2"
"background",126,126,1054,516,112.276972323334,"21"
"background",127,127,1102,485,113.129689252371,"2"
"background",128,128,1366,569,43.8661318550971,"8"
"background",129,129,883,583,111.938724383712,"21"
"background",130,130,1098,496,173.230301633486,"21"
"background",131,131,1103,584,48.7409241907298,"1"
"background",132,132,1821,586,198.609361127173,"8"
"background",133,133,857,775,59.1819384284318,"21"
"background",134,134,1249,556,29.2706660343474,"21"
"background",135,135,1222,475,31.4841169100255,"8"
"background",136,136,1464,497,8.32851368561387,"8"
"background",137,137,1129,550,129.307975583064,"1"
"background",138,138,1509,565,42.7215560898185,"2"
"background",139,139,1022,507,35.1086777038872,"2"
"background",140,140,1426,464,9.26985029689968,"8"
"background",141,141,1322,561,14.7870214878634,"2"
"background",142,142,1041,489,104.211820466687,"1"
"background",143,143,1352,491,39.9047422819017,"2"
"background",144,144,1085,613,98.7810554408042,"21"
"background",145,145,1509,587,13.5638849642128,"2"
"background",146,146,1803,617,107.893997274339,"2"
"background",147,147,1510,558,54.9546577595174,"13"
"background",148,148,1322,487,16.1109505966306,"2"
"background",149,149,903,746,59.1819385588169,"8"
"background",150,150,1814,599,187.033161967993,"8"
"background",151,151,1100,637,55.677660718952,"21"
"background",152,152,1039,581,57.5062707848847,"21"
"background",153,153,1338,463,39.9404727965593,"15"
"background",154,154,1003,616,73.2712536380186,"8"
"background",155,155,1289,538,12.2851088577881,"2"
"background",156,156,1471,491,8.32533772475977,"2"
"background",157,157,1077,480,54.6680487021804,"8"
"background",158,158,1395,486,16.1109501738101,"2"
"background",159,159,933,599,166.613704350885,"1"
"background",160,160,1547,566,22.5841570632784,"8"
"background",161,161,1576,568,30.2770376317203,"2"
"background",162,162,1461,489,8.32851363439113,"2"
"background",163,163,1557,626,36.4506578698817,"2"
"background",164,164,1108,480,29.4597623707741,"2"
"background",165,165,1808,619,30.2636188053868,"1"
"background",166,166,1236,519,55.0739769955476,"9"
"background",167,167,1374,591,53.7650025822224,"8"
"background",168,168,1605,571,34.5204678716989,"15"
"background",169,169,1272,520,12.2851084372499,"9"
"background",170,170,1156,461,74.2321870398476,"2"
"background",171,171,989,618,73.5593877583742,"8"
"background",172,172,1590,631,31.6483795922249,"8"
"background",173,173,1800,626,11.6588422562895,"2"
"background",174,174,1681,607,13.3724340284243,"2"
"background",175,175,1400,586,13.6325407419268,"2"
"background",176,176,1027,567,50.9370600169087,"8"
"background",177,177,991,504,35.1086786128581,"8"
"background",178,178,1353,479,16.9011036586796,"2"
"background",179,179,972,648,55.1219368651509,"1"
"background",180,180,1290,495,39.9516417570416,"8"
"background",181,181,1087,499,145.977494620102,"2"
"background",182,182,1559,534,8.32851383276284,"3"
"background",183,183,1411,597,29.203263066709,"8"
"background",184,184,1169,455,121.172669218292,"8"
"background",185,185,951,785,58.4596621392329,"21"
"background",186,186,1383,477,16.1109504494816,"2"
"background",187,187,1000,556,213.643459067881,"8"
"background",188,188,1304,598,29.3296753372997,"1"
"background",189,189,1023,506,35.1086785830557,"2"
"background",190,190,1574,542,7.99457307951525,"2"
"background",191,191,1148,505,66.4852624461055,"1"
"background",192,192,976,530,878.581631792193,"13"
"background",193,193,1275,507,39.9404720515013,"8"
"background",194,194,980,538,90.1231830716773,"8"
"background",195,195,1001,827,38.8553863173311,"1"
"background",196,196,1163,456,93.8350473646155,"2"
"background",197,197,1527,543,15.353883468546,"2"
"background",198,198,1454,607,29.203263187781,"2"
"background",199,199,1338,557,12.2851086207444,"2"
"background",200,200,1577,527,7.99457306042314,"2"
"background",201,201,1104,504,22.692635063082,"2"
"background",202,202,1469,517,8.32851360365748,"2"
"background",203,203,1231,453,30.8228902881384,"2"
"background",204,204,1279,509,28.0189478360148,"9"
"background",205,205,1353,456,21.8033536411822,"2"
"background",206,206,1180,514,12.2851088186726,"2"
"background",207,207,1330,627,29.3296747468412,"1"
"background",208,208,1476,517,15.3538835020736,"2"
"background",209,209,1561,565,40.4959440806946,"2"
"background",210,210,925,613,146.653953939676,"8"
"background",211,211,973,548,266.476284921169,"13"
"background",212,212,882,588,71.6047609597452,"8"
"background",213,213,1791,624,106.10682533502,"2"
"background",214,214,1026,741,39.2449314249089,"8"
"background",215,215,1871,613,107.452083505724,"2"
"background",216,216,1477,513,15.3538835654035,"2"
"background",217,217,1021,505,35.1086779087782,"2"
"background",218,218,1441,472,9.269850326702,"2"
"background",219,219,1115,453,151.847509831097,"21"
"background",220,220,1030,566,89.0148568600416,"8"
"background",221,221,1351,459,21.8033540267497,"8"
"background",222,222,972,628,184.247886896014,"21"
"background",223,223,1823,612,274.578130632639,"2"
"background",224,224,1083,550,48.7409234941006,"8"
"background",225,225,1107,525,49.2352487293372,"8"
"background",226,226,1807,644,81.103418759127,"2"
"background",227,227,1530,561,54.9546577222645,"2"
"background",228,228,1056,633,238.961779564619,"8"
"background",229,229,1083,620,47.1806309707463,"8"
"background",230,230,1678,594,13.4790746243859,"15"
"background",231,231,1120,514,65.1771158811792,"21"
"background",232,232,1289,472,28.0261336434633,"2"
"background",233,233,971,770,176.495577171445,"8"
"background",234,234,1040,494,160.622531607733,"8"
"background",235,235,924,573,81.196174613906,"21"
"background",236,236,961,561,181.335424140096,"21"
"background",237,237,1279,548,29.4309361372633,"2"
"background",238,238,1113,542,48.7409255392849,"1"
"background",239,239,1690,609,13.3724337117746,"15"
"background",240,240,952,555,159.644566685021,"8"
"background",241,241,1179,509,12.2851088391617,"2"
"background",242,242,1577,572,30.277037775144,"2"
"background",243,243,1202,456,66.0381500872769,"2"
"background",244,244,966,608,173.41826967993,"1"
"background",245,245,1098,475,51.415074139567,"2"
"background",246,246,915,593,82.2492263686598,"21"
"background",247,247,1515,549,15.3538834890351,"2"
"background",248,248,1608,545,8.32851372845471,"2"
"background",249,249,1825,614,274.578138828278,"2"
"background",250,250,953,824,67.8034766151138,"1"
"background",251,251,1847,654,27.7329213767075,"2"
"background",252,252,1043,526,175.926132653655,"8"
"background",253,253,1828,618,87.8582995906472,"8"
"background",254,254,1225,478,40.0368205532432,"2"
"background",255,255,1609,632,31.6483790036291,"8"
"background",256,256,914,558,84.4146360233426,"21"
"background",257,257,1080,545,195.669521808624,"21"
"background",258,258,1046,574,124.20722990483,"21"
"background",259,259,1030,488,38.7746024653316,"2"
"background",260,260,1357,460,21.8033543117344,"2"
"background",261,261,1144,463,87.1172545257284,"2"
"background",262,262,1156,476,31.484116345644,"8"
"background",263,263,1270,539,55.0739780962467,"2"
"background",264,264,1068,483,38.7746027261019,"2"
"background",265,265,1090,486,54.7608967907953,"1"
"background",266,266,987,694,110.444677294533,"1"
"background",267,267,1057,475,62.364748723805,"8"
"background",268,268,1664,593,13.372433943674,"2"
"background",269,269,1137,464,70.886826954782,"2"
"background",270,270,878,610,138.431741661958,"21"
"background",271,271,1064,506,140.349509910377,"21"
"background",272,272,966,510,35.1086784303188,"2"
"background",273,273,1819,616,36.4315736368299,"2"
"background",274,274,1332,546,13.5638851132244,"2"
"background",275,275,1054,460,30.5802404483801,"2"
"background",276,276,1738,631,24.9755645897239,"2"
"background",277,277,1124,588,250.545515343311,"21"
"background",278,278,1456,474,9.26985038723797,"2"
"background",279,279,1201,494,12.2851090952754,"2"
"background",280,280,1679,596,23.3061157211674,"8"
"background",281,281,1786,623,11.587855453603,"2"
"background",282,282,986,508,35.1086793839931,"2"
"background",283,283,1155,489,19.1813717037711,"2"
"background",284,284,1811,664,28.7210865486413,"8"
"background",285,285,1033,528,171.525425568212,"8"
"background",286,286,1316,484,14.8937573820697,"2"
"background",287,287,1837,584,169.831417766843,"2"
"background",288,288,1353,480,16.1109506990761,"2"
"background",289,289,1065,597,44.1969484798179,"1"
"background",290,290,1484,520,8.32851363159716,"2"
"background",291,291,1627,615,93.2638196647167,"2"
"background",292,292,1028,504,109.221917405725,"8"
"background",293,293,1484,488,8.19268772518316,"2"
"background",294,294,1107,586,47.1806314736605,"1"
"background",295,295,1052,501,150.180179374309,"2"
"background",296,296,1014,529,193.78989371811,"2"
"background",297,297,1028,520,124.141072541432,"21"
"background",298,298,1632,619,93.1131996331307,"2"
"background",299,299,960,627,68.2687955458822,"8"
"background",300,300,1676,583,47.3976514786354,"2"
"background",301,301,1689,605,13.3724339269102,"2"
"background",302,302,1088,474,57.6980114984999,"21"
"background",303,303,1602,633,31.648379534483,"2"
"background",304,304,1217,491,12.2851087171584,"2"
"background",305,305,1334,456,21.8033538535237,"2"
"background",306,306,1582,556,8.32851373124868,"2"
"background",307,307,1068,479,38.7746027298272,"2"
"background",308,308,1029,561,57.5062713585794,"21"
"background",309,309,1040,507,109.221916645765,"8"
"background",310,310,1071,514,108.398085959214,"8"
"background",311,311,1037,584,44.0877666175365,"21"
"background",312,312,1570,597,20.7812827829053,"2"
"background",313,313,889,592,83.5701715871752,"21"
"background",314,314,1787,632,47.2207554392517,"2"
"background",315,315,1811,651,79.2289439755864,"2"
"background",316,316,1336,470,39.9404721073806,"2"
"background",317,317,1124,548,278.083896109197,"21"
"background",318,318,1546,564,52.4935268889176,"8"
"background",319,319,1439,482,9.34742361042136,"2"
"background",320,320,964,687,55.1219375096262,"8"
"background",321,321,1280,500,39.9404720589519,"2"
"background",322,322,1068,583,75.1034772396088,"1"
"background",323,323,992,710,44.0877680405974,"1"
"background",324,324,961,508,35.1086769104004,"9"
"background",325,325,1461,505,14.2176684144154,"2"
"background",326,326,1670,580,47.5090122632682,"8"
"background",327,327,990,628,74.7686016237597,"1"
"background",328,328,1593,560,8.35371086186186,"8"
"background",329,329,1111,468,27.3929608669132,"2"
"background",330,330,1615,579,45.3161176033318,"2"
"background",331,331,1164,513,12.2851087776944,"2"
"background",332,332,1414,580,13.5638849539682,"2"
"background",333,333,1131,475,30.9770708071038,"2"
"background",334,334,1079,584,129.598671019073,"8"
"background",335,335,1485,488,8.328513847664,"2"
"background",336,336,1523,559,54.9546569027007,"8"
"background",337,337,962,716,51.0278341449138,"1"
"background",338,338,1827,595,107.653010345898,"8"
"background",339,339,1056,566,98.3352221035795,"21"
"background",340,340,1200,462,92.4503131732606,"21"
"background",341,341,1526,510,8.07876735366465,"2"
"background",342,342,1501,500,7.99457301897928,"2"
"background",343,343,1381,586,37.4480634480715,"2"
"background",344,344,1625,579,368.515063583851,"8"
"background",345,345,1285,458,92.017723533597,"22"
"background",346,346,958,1113,77.928759022564,"31"
"background",347,347,1418,462,9.26985034067184,"2"
"background",348,348,1300,454,90.6621080264449,"2"
"background",349,349,1362,447,20.1833282563009,"2"
"background",350,350,975,666,89.2778971488041,"8"
"background",351,351,1083,487,173.278221786022,"8"
"background",352,352,1734,597,23.9018100555986,"8"
"background",353,353,1360,466,39.9404718130827,"8"
"background",354,354,1109,553,48.7409232147038,"1"
"background",355,355,995,518,56.4378484885206,"8"
"background",356,356,1013,552,838.323408968824,"13"
"background",357,357,1133,468,38.251528314021,"2"
"background",358,358,1233,456,93.0460812672973,"8"
"background",359,359,1612,584,32.4823103976354,"2"
"background",360,360,1156,476,80.9754740148783,"2"
"background",361,361,1006,636,55.1219357214868,"1"
"background",362,362,1096,560,52.0362334172541,"1"
"background",363,363,1109,473,66.2803351990708,"8"
"background",364,364,987,534,116.969170562923,"8"
"background",365,365,1669,632,24.691207092223,"2"
"background",366,366,1054,570,88.8036749736567,"1"
"background",367,367,972,528,159.209173798561,"21"
"background",368,368,1071,473,62.3651194237173,"2"
"background",369,369,1720,631,24.9755647499114,"15"
"background",370,370,1356,567,29.329674564302,"2"
"background",371,371,966,701,64.4870525975068,"8"
"background",372,372,1010,501,55.3041910844401,"8"
"background",373,373,966,549,159.209170952439,"8"
"background",374,374,992,561,75.3212740570497,"21"
"background",375,375,1154,513,12.2851089108735,"2"
"background",376,376,1076,476,86.4025858044628,"21"
"background",377,377,1040,538,136.824601774679,"21"
"background",378,378,1312,482,37.6060687546706,"99"
"background",379,379,1738,635,24.9755647219717,"8"
"background",380,380,1017,643,44.087767355144,"8"
"background",381,381,1329,564,59.3752644397318,"2"
"background",382,382,1445,513,15.1074458072587,"9"
"background",383,383,1394,584,52.9768011124873,"2"
"background",384,384,1504,563,42.7215565517545,"2"
"background",385,385,1770,610,11.6232593459792,"2"
"background",386,386,1059,514,192.811156541109,"2"
"background",387,387,913,621,95.8735793660165,"8"
"background",388,388,1831,613,237.643601306951,"2"
"background",389,389,1067,477,38.7746024802327,"2"
"background",390,390,1657,614,17.7944246772677,"2"
"background",391,391,1443,485,8.328513558954,"2"
"background",392,392,1078,481,82.960662231377,"1"
"background",393,393,1330,455,21.8033539373428,"2"
"background",394,394,842,589,132.917083411608,"8"
"background",395,395,1105,464,108.557185493164,"2"
"background",396,396,1750,631,12.0281213867487,"8"
"background",397,397,886,791,59.1819392815232,"8"
"background",398,398,1786,616,36.4315754584968,"2"
"background",399,399,997,504,38.7746016904712,"8"
"background",400,400,1095,469,88.0344389230013,"1"
"background",401,401,1392,515,13.5638847965747,"8"
"background",402,402,933,632,69.2006479650736,"1"
"background",403,403,967,568,83.513070859015,"13"
"background",404,404,1086,578,125.476899967484,"1"
"background",405,405,1273,517,12.2851088969037,"2"
"background",406,406,1460,490,8.30981843360096,"2"
"background",407,407,1732,604,23.9018096830696,"3"
"background",408,408,1309,522,28.0261337775737,"8"
"background",409,409,1482,491,8.03662457782932,"2"
"background",410,410,1337,456,9.26985047291964,"2"
"background",411,411,1583,628,29.3710964769188,"2"
"background",412,412,1307,534,12.2851087599993,"3"
"background",413,413,1312,494,40.003286451109,"2"
"background",414,414,1082,618,47.1806312017143,"8"
"background",415,415,1006,645,55.1219357959926,"8"
"background",416,416,1034,539,65.2082176623793,"8"
"background",417,417,1301,476,28.0261328946799,"2"
"background",418,418,1042,498,24.8780285513535,"15"
"background",419,419,1043,501,32.969567447912,"2"
"background",420,420,766,1006,76.5618053898215,"8"
"background",421,421,1086,461,27.3929609972984,"2"
"background",422,422,1512,607,31.5701921563476,"2"
"background",423,423,1635,599,51.0780122660377,"8"
"background",424,424,1474,504,8.32851360552013,"8"
"background",425,425,1090,470,62.3651195466518,"2"
"background",426,426,1337,469,64.642567962408,"8"
"background",427,427,1366,481,16.1109504941851,"8"
"background",428,428,978,851,39.2473365665188,"1"
"background",429,429,1128,461,62.1432969979942,"2"
"background",430,430,1143,456,151.602777704382,"21"
"background",431,431,1715,639,24.975565014407,"2"
"background",432,432,1562,553,7.99457312934101,"2"
"background",433,433,1039,561,93.7089612894669,"1"
"background",434,434,1474,503,8.32851366605609,"8"
"background",435,435,1004,608,73.5593852549791,"8"
"background",436,436,1197,492,12.2851088671014,"2"
"background",437,437,1073,475,87.9789839163469,"1"
"background",438,438,991,670,85.847209631669,"1"
"background",439,439,1095,477,133.066373300813,"2"
"background",440,440,874,617,83.5130690485239,"8"
"background",441,441,1023,575,195.669519469142,"8"
"background",442,442,898,587,83.8812415821134,"21"
"background",443,443,1068,535,62.285122293935,"8"
"background",444,444,991,712,38.8678628689289,"1"
"background",445,445,1501,601,26.8859940847171,"2"
"background",446,446,1084,493,146.464594642321,"2"
"background",447,447,1368,571,38.1152511311573,"2"
"background",448,448,1803,617,82.9625392470947,"2"
"background",449,449,1164,433,1147.37866714408,"2"
"background",450,450,1008,666,97.1699855178595,"78"
"background",451,451,894,609,146.653954699636,"8"
"background",452,452,1316,553,40.7487113668993,"2"
"background",453,453,1150,447,62.1432974748313,"2"
"background",454,454,1734,645,24.9755647424608,"15"
"background",455,455,1227,475,31.4841162785888,"2"
"background",456,456,1010,553,83.5201373100268,"8"
"background",457,457,1782,616,38.6565130612622,"2"
"background",458,458,1504,625,36.5193009860814,"2"
"background",459,459,1275,493,156.177739951799,"8"
"background",460,460,1376,449,13.5194721086886,"8"
"background",461,461,1807,599,75.6105698868632,"8"
"background",462,462,1420,471,9.26985033135861,"2"
"background",463,463,1635,588,24.8680211123886,"2"
"background",464,464,1786,640,46.6274666302139,"2"
"background",465,465,996,567,173.823131799505,"8"
"background",466,466,1697,639,25.2814025915816,"8"
"background",467,467,1525,612,31.0143834557122,"2"
"background",468,468,1882,658,28.8257074188287,"8"
"background",469,469,967,611,108.873286612551,"21"
"background",470,470,1059,568,44.1074104644296,"1"
"background",471,471,1086,641,38.5946511588991,"8"
"background",472,472,991,555,168.756111666911,"8"
"background",473,473,1162,479,763.035887926076,"21"
"background",474,474,1768,630,11.7343622940355,"8"
"background",475,475,1594,581,30.2770377900451,"2"
"background",476,476,807,605,132.464333601325,"8"
"background",477,477,1754,607,23.9018099308014,"8"
"background",478,478,976,562,211.321970266706,"21"
"background",479,479,1311,474,39.9404707811773,"2"
"background",480,480,1332,572,13.5638848915696,"2"
"background",481,481,954,566,83.5130705162883,"8"
"background",482,482,1088,563,69.9550388470792,"1"
"background",483,483,1629,560,14.278933126725,"2"
"background",484,484,1108,469,36.1413483812568,"2"
"background",485,485,1571,531,8.32851383369416,"2"
"background",486,486,1701,641,24.9755646605045,"8"
"background",487,487,1056,513,60.328134938549,"1"
"background",488,488,1716,626,19.1386899239667,"8"
"background",489,489,1619,557,8.32851373311132,"2"
"background",490,490,1768,620,23.9018101096153,"8"
"background",491,491,1109,471,263.444982300202,"9"
"background",492,492,1500,490,8.32851379271596,"8"
"background",493,493,1360,576,50.8841183554966,"2"
"background",494,494,1191,545,61.6444796056552,"8"
"background",495,495,1050,559,96.8656907975674,"8"
"background",496,496,1087,473,79.4193232735826,"2"
"background",497,497,1003,667,69.2006491571665,"78"
"background",498,498,1050,503,155.835732012987,"9"
"background",499,499,1555,564,53.3049788140512,"15"
"background",500,500,1089,497,285.836839497089,"21"
"background",501,501,1570,621,31.6483788825572,"8"
"background",502,502,1556,589,13.5787339424716,"2"
"background",503,503,1030,538,62.248334441334,"8"
"background",504,504,1089,626,52.740476642239,"8"
"background",505,505,889,603,110.779026456177,"21"
"background",506,506,1066,482,65.1864020388585,"1"
"background",507,507,1164,596,268.058144281308,"8"
"background",508,508,1756,622,23.9267702288875,"8"
"background",509,509,1099,466,60.6637783270477,"1"
"background",510,510,973,819,176.495577305555,"1"
"background",511,511,1254,455,105.338016099623,"21"
"background",512,512,1109,461,134.766567426064,"1"
"background",513,513,1050,646,44.0877675712109,"8"
"background",514,514,1569,625,31.6483789235353,"2"
"background",515,515,1067,506,72.8316977906095,"8"
"background",516,516,1535,520,7.99457275960594,"2"
"background",517,517,1562,610,31.6483795903623,"2"
"background",518,518,1637,634,31.6483788527548,"2"
"background",519,519,972,694,97.1699858754873,"8"
"background",520,520,1196,513,12.2851085389654,"9"
"background",521,521,1479,486,8.32851370144635,"8"
"background",522,522,1299,466,64.6427353844047,"8"
"background",523,523,1159,442,1087.81619354142,"2"
"background",524,524,1072,516,102.129500382328,"8"
"background",525,525,969,663,69.2006468251348,"8"
"background",526,526,1539,515,7.99457293050363,"2"
"background",527,527,1654,581,10.8589298123639,"15"
"background",528,528,1327,575,59.3639611341068,"2"
"background",529,529,1011,495,144.710122131936,"9"
"background",530,530,1526,556,54.9546581059694,"2"
"background",531,531,1397,449,21.803353805095,"2"
"background",532,532,900,593,83.5130715742707,"21"
"background",533,533,1091,525,122.927869677544,"13"
"background",534,534,1596,569,30.277037717402,"2"
"background",535,535,1138,525,57.1871578431982,"21"
"background",536,536,1002,663,97.1699854061007,"21"
"background",537,537,1357,583,37.4480634368956,"2"
"background",538,538,1013,508,35.1086792051792,"8"
"background",539,539,1032,527,196.960911616569,"21"
"background",540,540,926,616,96.2063858674773,"21"
"background",541,541,1115,480,66.9515439968854,"2"
"background",542,542,1242,466,36.2526255906589,"2"
"background",543,543,918,580,82.8726664112979,"21"
"background",544,544,1622,617,23.1447554003815,"8"
"background",545,545,936,759,60.5635823415526,"8"
"background",546,546,1621,575,365.307030349714,"8"
"background",547,547,1128,557,129.575309519335,"1"
"background",548,548,1015,567,119.778367378008,"21"
"background",549,549,1051,526,123.108311893558,"21"
"background",550,550,1321,555,55.3290582873348,"2"
"background",551,551,1374,502,13.5638847770169,"8"
"background",552,552,1594,563,8.34520785324039,"2"
"background",553,553,1495,515,7.99457278707996,"2"
"background",554,554,1108,474,80.9754712730646,"2"
"background",555,555,1159,475,71.1492940928921,"21"
"background",556,556,1538,514,8.00364848133137,"2"
"background",557,557,1560,569,30.2770382557064,"2"
"background",558,558,1163,433,62.1432971532146,"8"
"background",559,559,1034,527,170.286739423784,"8"
"background",560,560,1025,517,133.159481317677,"8"
"background",561,561,1474,512,15.3538834461942,"8"
"background",562,562,1521,544,8.32851384580135,"2"
"background",563,563,1087,496,279.495057852918,"21"
"background",564,564,1600,570,30.2770379036665,"8"
"background",565,565,1059,500,22.692635204643,"8"
"background",566,566,961,545,91.2773202065303,"8"
"background",567,567,1863,613,102.532021696994,"8"
"background",568,568,1052,492,192.176912105571,"2"
"background",569,569,1808,594,202.979313403622,"9"
"background",570,570,935,550,101.448847852653,"8"
"background",571,571,986,684,55.1219356097281,"8"
"background",572,572,1167,468,51.1964854369596,"2"
"background",573,573,1594,626,31.6483795382082,"2"
"background",574,574,1081,628,41.1433338106133,"8"
"background",575,575,1796,623,11.587855505757,"2"
"background",576,576,969,538,97.8680431837942,"21"
"background",577,577,1141,628,67.4982950091362,"1"
"background",578,578,1213,474,31.4841168373823,"2"
"background",579,579,840,596,135.458568744137,"21"
"background",580,580,1293,488,25.3045445173338,"2"
"background",581,581,1056,507,291.262468636986,"2"
"background",582,582,877,619,81.2443638143444,"21"
"background",583,583,1567,571,19.6327603328973,"2"
"background",584,584,1656,585,8.75457722407966,"2"
"background",585,585,1725,623,24.7440951801825,"8"
"background",586,586,1522,520,8.19218086786089,"2"
"background",587,587,1614,557,8.32851383555681,"8"
"background",588,588,1624,575,19.6327600888908,"15"
"background",589,589,1624,580,7.99457299383357,"2"
"background",590,590,1032,613,44.0877668634057,"8"
"background",591,591,1094,495,173.278220549226,"21"
"background",592,592,1112,474,47.7044571233704,"8"
"background",593,593,1361,486,17.75665343228,"8"
"background",594,594,1115,472,77.3240706028618,"2"
"background",595,595,1660,595,13.0209089313914,"2"
"background",596,596,1737,598,26.200508840111,"8"
"background",597,597,1261,515,12.2851089220494,"2"
"background",598,598,1182,471,796.850493917348,"21"
"background",599,599,954,671,69.2006475999951,"21"
"background",600,600,1541,521,7.99457294121385,"2"
"background",601,601,1535,533,8.32851384207606,"2"
"background",602,602,1785,634,47.220754455775,"8"
"background",603,603,1032,655,44.0877675786614,"8"
"background",604,604,1010,534,62.2483347542584,"21"
"background",605,605,1809,641,47.2207541875541,"8"
"background",606,606,1778,628,34.3622661055782,"3"
"background",607,607,1807,622,87.8583010733127,"2"
"background",608,608,1507,509,7.9945730199106,"2"
"background",609,609,1505,501,8.32851388398558,"2"
"background",610,610,1140,508,66.4852622523904,"8"
"background",611,611,984,506,249.903711776113,"8"
"background",612,612,1461,499,8.13127621034564,"2"
"background",613,613,1411,600,37.7240879246833,"2"
"background",614,614,1479,508,7.9961726991468,"2"
"background",615,615,1053,482,38.774602971971,"2"
"background",616,616,1141,507,192.811159819365,"2"
"background",617,617,1024,555,227.624317900307,"8"
"background",618,618,1230,522,55.0739771574736,"21"
"background",619,619,1737,618,23.8994166441262,"2"
"background",620,620,938,550,101.111184120178,"8"
"background",621,621,1803,650,24.9755651317537,"15"
"background",622,622,1345,483,27.7068338412967,"2"
"background",623,623,1042,564,78.8136634231362,"1"
"background",624,624,1820,665,28.9290420990298,"8"
"background",625,625,1475,506,8.32851377967745,"2"
"background",626,626,1496,562,41.6687624034798,"15"
"background",627,627,830,589,134.599795460701,"8"
"background",628,628,1282,535,55.094720965254,"9"
"background",629,629,1011,490,117.030226261377,"21"
"background",630,630,1174,462,95.2547689513174,"21"
"background",631,631,1468,491,8.14434985537433,"2"
"background",632,632,982,812,38.5946507304907,"1"
"background",633,633,1790,616,57.7769421069547,"14"
"background",634,634,978,683,61.4570070505726,"1"
"background",635,635,1146,451,62.1432964988053,"2"
"background",636,636,1430,475,9.269850297831,"2"
"background",637,637,1073,599,123.401232270935,"21"
"background",638,638,874,609,146.653955549002,"1"
"background",639,639,1617,585,368.515054285526,"2"
"background",640,640,1171,450,62.1432971842587,"8"
"background",641,641,1132,485,66.4852636903524,"8"
"background",642,642,1460,603,29.2032632902265,"2"
"background",643,643,1100,519,58.2678368834822,"8"
"background",644,644,1779,626,11.5878555327654,"15"
"background",645,645,1494,509,15.1955884676232,"2"
"background",646,646,904,622,83.6362794116139,"8"
"background",647,647,1877,665,28.7651006914613,"2"
"background",648,648,1681,591,47.5090113468468,"2"
"background",649,649,1084,526,75.3988170653373,"1"
"background",650,650,1080,504,62.1468414478004,"1"
"background",651,651,1670,607,73.9055795800614,"8"
"background",652,652,1175,486,25.0711222445302,"2"
"background",653,653,1309,543,16.4672546549572,"9"
"background",654,654,1509,515,7.99457280710339,"2"
"background",655,655,1258,518,12.2851089388132,"2"
"background",656,656,930,551,84.6945284679006,"21"
"background",657,657,1091,465,121.487793774859,"1"
"background",658,658,1167,514,12.2851088149473,"2"
"background",659,659,866,670,73.8395007034331,"21"
"background",660,660,1418,480,16.1109500844032,"8"
"background",661,661,1758,637,24.9755646288395,"8"
"background",662,662,951,910,77.9810213446617,"1"
"background",663,663,1103,491,22.6926354598254,"8"
"background",664,664,1080,478,54.6680502146482,"1"
"background",665,665,916,610,81.8441917229494,"21"
"background",666,666,962,652,70.6744038370725,"8"
"background",667,667,1665,634,31.6483787652105,"2"
"background",668,668,1507,620,29.5121781285578,"2"
"background",669,669,1240,456,99.4495828220898,"21"
"background",670,670,1783,641,47.2207547947764,"8"
"background",671,671,1496,551,15.3538835048676,"2"
"background",672,672,1483,508,7.99457292770967,"2"
"background",673,673,1732,607,20.2077031806074,"2"
"background",674,674,1862,619,72.8246360047298,"8"
"background",675,675,1261,480,28.0261333286762,"2"
"background",676,676,1756,625,23.9313910584827,"8"
"background",677,677,1043,593,44.087766636163,"1"
"background",678,678,1854,601,133.88103854708,"8"
"background",679,679,1137,516,12.2851087148612,"2"
"background",680,680,1092,474,263.44498022,"2"
"background",681,681,1389,441,21.803353831172,"2"
"background",682,682,1530,558,54.9546572193503,"2"
"background",683,683,1192,465,84.0582574296094,"21"
"background",684,684,1489,614,29.2032638136297,"2"
"background",685,685,960,756,44.5535430908285,"1"
"background",686,686,979,653,55.1219355203211,"1"
"background",687,687,1383,439,9.26985063776374,"2"
"background",688,688,1132,474,45.3287684758998,"2"
"background",689,689,1840,600,221.139887546568,"8"
"background",690,690,1318,550,29.9439172729775,"9"
"background",691,691,1833,628,123.158953301609,"8"
"background",692,692,1041,587,110.453111699448,"1"
"background",693,693,1505,505,7.99457298824564,"2"
"background",694,694,1343,568,37.4480632804334,"8"
"background",695,695,1551,516,8.25469360081414,"2"
"background",696,696,1028,504,22.7459733393281,"21"
"background",697,697,1281,498,28.0261331647635,"2"
"background",698,698,1114,481,83.0627653987265,"2"
"background",699,699,1778,615,107.894002899528,"2"
"background",700,700,1715,646,29.4622431378812,"2"
"background",701,701,1060,484,98.9515934216785,"21"
"background",702,702,1766,609,35.9207258988501,"2"
"background",703,703,1046,566,89.220742762178,"8"
"background",704,704,1476,500,8.32851363159716,"2"
"background",705,705,1654,565,45.9121850542724,"8"
"background",706,706,1081,506,62.1468420773745,"1"
"background",707,707,1275,481,164.260421067476,"8"
"background",708,708,1007,517,98.9558203670687,"8"
"background",709,709,1084,607,47.1806319318712,"8"
"background",710,710,1065,684,37.3920940114025,"1"
"background",711,711,1059,506,192.811151698232,"8"
"background",712,712,1788,615,36.4315734431148,"2"
"background",713,713,1424,605,46.6108490685097,"8"
"background",714,714,1091,491,56.2399373912043,"8"
"background",715,715,1731,610,11.5878555905074,"2"
"background",716,716,1390,454,9.2698502605781,"8"
"background",717,717,1005,614,73.5593887120485,"21"
"background",718,718,1048,501,35.1086783051491,"2"
"background",719,719,1513,518,7.99457292724401,"2"
"background",720,720,1088,487,54.8038226142534,"8"
"background",721,721,1512,560,54.9546573273837,"2"
"background",722,722,1601,542,7.99457304691896,"3"
"background",723,723,1815,624,17.9133748307934,"2"
"background",724,724,1687,599,23.4122259737608,"2"
"background",725,725,1318,479,26.4161701911537,"2"
"background",726,726,888,600,110.183738656225,"8"
"background",727,727,1465,500,9.09436407235633,"2"
"background",728,728,1803,647,50.1234296854992,"2"
"background",729,729,1246,522,12.2851086121032,"3"
"background",730,730,1032,637,44.0877673476934,"21"
"background",731,731,1848,612,161.620028237906,"2"
"background",732,732,1573,621,31.6483801845461,"15"
"background",733,733,1607,581,30.2770376726985,"2"
"background",734,734,1347,459,15.4897077653975,"3"
"background",735,735,1168,463,102.139033130384,"21"
"background",736,736,968,674,69.2006483748555,"8"
"background",737,737,1085,463,28.3317355830196,"2"
"background",738,738,886,613,126.4921391287,"21"
"background",739,739,1584,568,30.2770375050604,"8"
"background",740,740,1066,489,31.5616449102152,"8"
"background",741,741,1212,458,83.7457067457333,"8"
"background",742,742,1693,610,11.5878552496433,"8"
"background",743,743,1049,749,38.7838325925241,"1"
"background",744,744,997,636,55.1219360753894,"21"
"background",745,745,1208,453,81.9851071983576,"2"
"background",746,746,1112,502,35.1086769104004,"9"
"background",747,747,1481,602,29.2076236847787,"2"
"background",748,748,1775,618,87.8583001866937,"2"
"background",749,749,1135,502,12.28510864079,"2"
"background",750,750,1781,622,73.2777746319242,"2"
"background",751,751,1200,451,81.9851063638925,"21"
"background",752,752,1779,637,33.4357583874788,"2"
"background",753,753,1155,460,82.1394661591119,"2"
"background",754,754,1484,510,15.3538834331557,"2"
"background",755,755,1524,619,31.5578547418258,"2"
"background",756,756,1599,601,31.6483792811632,"2"
"background",757,757,1384,451,9.26985058374703,"2"
"background",758,758,1024,641,233.878727415156,"21"
"background",759,759,1376,581,49.732265602839,"2"
"background",760,760,1091,465,141.485558532797,"21"
"background",761,761,1842,625,123.598009623528,"8"
"background",762,762,1780,617,48.4240638465887,"2"
"background",763,763,1013,555,62.2483337372541,"8"
"background",764,764,1040,500,110.095028564222,"21"
"background",765,765,1081,493,146.464592710137,"9"
"background",766,766,1083,511,35.108678996563,"2"
"background",767,767,1778,610,24.5191914700086,"2"
"background",768,768,1690,597,32.9528550593948,"8"
"background",769,769,841,600,141.342278792772,"8"
"background",770,770,1395,451,9.26985048968345,"2"
"background",771,771,880,557,83.9079857543265,"21"
"background",772,772,920,821,59.1819371543825,"21"
"background",773,773,919,619,143.412782453573,"21"
"background",774,774,1168,429,490.713410722597,"2"
"background",775,775,1811,604,187.033158630133,"8"
"background",776,776,1058,677,38.5946506075561,"1"
"background",777,777,1083,479,86.3960774987936,"21"
"background",778,778,1748,597,23.9018100369722,"2"
"background",779,779,1105,502,62.1468421109021,"1"
"background",780,780,1797,619,123.859642358437,"8"
"background",781,781,1654,579,47.5090105496347,"3"
"background",782,782,969,936,77.5169917493481,"21"
"background",783,783,1378,455,9.26985047478229,"2"
"background",784,784,1600,571,19.632760277018,"2"
"background",785,785,1056,564,89.3782705068369,"21"
"background",786,786,1074,497,149.23346924104,"9"
"background",787,787,1177,480,87.8303998729561,"2"
"background",788,788,1251,473,28.0261334590614,"2"
"background",789,789,1167,489,746.852844450129,"21"
"background",790,790,1579,617,31.6483786217868,"15"
"background",791,791,1007,552,84.1615387499628,"8"
"background",792,792,1034,620,188.625378713012,"21"
"background",793,793,1080,549,96.3693130910182,"1"
"background",794,794,1077,520,62.146842289716,"1"
"background",795,795,1713,626,13.372433536686,"2"
"background",796,796,1512,520,7.99457288952544,"15"
"background",797,797,1052,506,109.429355137051,"8"
"background",798,798,1662,638,29.4622425492853,"2"
"background",799,799,1769,630,47.1758799738952,"2"
"background",800,800,1333,561,34.0938160051096,"9"
"background",801,801,945,566,210.231264486509,"8"
"background",802,802,964,546,223.088214527917,"1"
"background",803,803,1095,583,48.5105989389174,"21"
"background",804,804,1073,535,62.2483343593776,"1"
"background",805,805,1540,558,54.9546577073634,"8"
"background",806,806,1521,516,7.99457302829251,"2"
"background",807,807,1201,433,1195.91580642503,"2"
"background",808,808,1308,555,29.3296752274036,"15"
"background",809,809,901,603,78.618541367352,"8"
"background",810,810,1694,617,17.7944248560816,"8"
"background",811,811,1545,519,8.32851388026029,"2"
"background",812,812,1095,476,61.2003566920033,"8"
"background",813,813,1732,621,13.3724335841835,"8"
"background",814,814,1799,612,41.0775471754426,"2"
"background",815,815,1357,572,48.7048537468487,"2"
"background",816,816,1890,667,28.8636577946395,"8"
"background",817,817,1163,457,70.9305298700793,"2"
"background",818,818,1560,586,13.5787340216294,"2"
"background",819,819,1026,503,35.1086775436997,"2"
"background",820,820,1366,563,29.3296745866537,"2"
"background",821,821,1527,513,7.99457299336791,"8"
"background",822,822,1078,663,57.7039332310686,"21"
"background",823,823,1414,454,9.26985036861151,"2"
"background",824,824,1141,476,27.3929609004408,"2"
"background",825,825,978,617,153.270840898148,"8"
"background",826,826,1807,622,123.097601152937,"2"
"background",827,827,1575,628,31.6483788061887,"2"
"background",828,828,1828,587,75.9108326177841,"2"
"background",829,829,1818,606,187.033159837127,"2"
"background",830,830,1599,629,31.6155528519497,"2"
"background",831,831,1548,547,15.8336316319218,"2"
"background",832,832,1327,557,42.8350096343902,"9"
"background",833,833,1065,574,192.685141548506,"21"
"background",834,834,1701,589,23.9018097706139,"2"
"background",835,835,1251,542,51.9445225729814,"3"
"background",836,836,1116,551,148.009192310231,"1"
"background",837,837,896,935,77.9810229539871,"1"
"background",838,838,1525,529,7.99457303946838,"2"
"background",839,839,1123,457,80.3551669489776,"21"
"background",840,840,1139,475,32.4924752863521,"8"
"background",841,841,1450,488,8.32851360458881,"2"
"background",842,842,1384,448,9.26985040213913,"2"
"background",843,843,1463,506,9.75877079081383,"8"
"background",844,844,1003,667,97.1699882447719,"1"
"background",845,845,1200,489,12.2851088922471,"2"
"background",846,846,1702,612,11.5878555262461,"2"
"background",847,847,1430,484,9.28466008790744,"2"
"background",848,848,1014,539,193.76370704154,"1"
"background",849,849,1083,469,159.983464258208,"2"
"background",850,850,1027,517,179.48323173088,"8"
"background",851,851,1819,653,25.8445638548005,"2"
"background",852,852,1282,552,55.0739777113001,"2"
"background",853,853,1068,603,231.986322707806,"8"
"background",854,854,1414,441,9.30098224059299,"2"
"background",855,855,1623,591,45.3161169998348,"8"
"background",856,856,1040,500,35.1086777895689,"9"
"background",857,857,1796,618,37.1542784609579,"2"
"background",858,858,929,568,96.7551665455103,"21"
"background",859,859,1663,614,91.6538113655421,"8"
"background",860,860,1081,570,190.565632805007,"21"
"background",861,861,1081,585,129.411710016516,"21"
"background",862,862,1058,511,62.1468425951898,"21"
"background",863,863,1640,587,47.5090108960867,"2"
"background",864,864,1131,456,98.9955765981002,"21"
"background",865,865,1352,565,39.4874293703358,"8"
"background",866,866,1182,475,164.051636174344,"2"
"background",867,867,1059,473,62.3651180937886,"13"
"background",868,868,1673,573,46.51822537179,"3"
"background",869,869,1141,468,66.3968974498871,"8"
"background",870,870,1596,583,44.5870500262252,"2"
"background",871,871,1048,536,172.811221673894,"8"
"background",872,872,1149,475,34.8686700021918,"2"
"background",873,873,1070,499,281.125082717739,"2"
"background",874,874,1805,604,115.652337746651,"3"
"background",875,875,1658,633,26.9841375759163,"2"
"background",876,876,950,872,96.1683685314957,"8"
"background",877,877,1517,520,7.99457286158577,"2"
"background",878,878,1524,529,8.32851379085332,"8"
"background",879,879,1406,596,48.6617515251556,"2"
"background",880,880,1390,444,9.26985055301338,"2"
"background",881,881,924,596,112.00263954699,"8"
"background",882,882,1783,631,46.7585821486608,"8"
"background",883,883,1184,513,55.0739776439965,"21"
"background",884,884,1339,558,12.285108512363,"8"
"background",885,885,868,576,111.938720956445,"8"
"background",886,886,1242,485,61.1235833334775,"2"
"background",887,887,1118,464,27.6715036034749,"2"
"background",888,888,1181,451,83.3537518313927,"21"
"background",889,889,1164,434,62.1432981304824,"8"
"background",890,890,1127,538,122.927867904305,"21"
"background",891,891,913,614,146.653953433037,"21"
"background",892,892,1080,465,149.555598783735,"21"
"background",893,893,1541,543,8.32851376757026,"8"
"background",894,894,1000,691,44.0877683497965,"8"
"background",895,895,1054,627,270.643086369876,"8"
"background",896,896,1243,476,164.260421663523,"2"
"background",897,897,1121,503,22.6926351841539,"2"
"background",898,898,1332,472,16.1109507922083,"15"
"background",899,899,1217,469,31.5017496496443,"2"
"background",900,900,991,581,89.7477321500683,"8"
"background",901,901,935,627,152.265266284357,"21"
"background",902,902,1159,512,801.00029429928,"21"
"background",903,903,1062,665,38.5946506746113,"8"
"background",904,904,1021,577,44.0877667628229,"8"
"background",905,905,1002,547,65.8877131013055,"8"
"background",906,906,1757,610,23.9018094725907,"2"
"background",907,907,1564,593,19.3004391991663,"2"
"background",908,908,1327,553,40.591409296122,"9"
"background",909,909,1387,458,9.26985048409551,"2"
"background",910,910,1357,480,16.1109508927912,"2"
"background",911,911,1738,620,23.8644097372864,"2"
"background",912,912,1325,554,45.1118710845207,"2"
"background",913,913,1329,464,21.8033534791321,"8"
"background",914,914,1214,478,31.4841163102537,"2"
"background",915,915,1065,561,177.710103273045,"21"
"background",916,916,1671,592,23.9018098060042,"2"
"background",917,917,1027,616,65.5752229956644,"8"
"background",918,918,1625,550,43.5854181821874,"8"
"background",919,919,1127,621,68.9339307759989,"1"
"background",920,920,1377,455,9.26985014975071,"2"
"background",921,921,1381,575,37.4480634778738,"2"
"background",922,922,1104,607,47.1806315742433,"8"
"background",923,923,1591,581,45.316117528826,"8"
"background",924,924,1581,626,31.6483790315688,"8"
"background",925,925,1547,518,7.99457282340154,"2"
"background",926,926,1077,481,86.396077349782,"8"
"background",927,927,1479,500,8.32851381599903,"2"
"background",928,928,1535,553,54.9546568952501,"2"
"background",929,929,1832,655,84.1800771764315,"2"
"background",930,930,1829,648,31.1934329222086,"2"
"background",931,931,757,1027,76.561805985868,"21"
"background",932,932,1046,500,35.1086777821183,"9"
"background",933,933,1769,634,24.9755647797137,"3"
"background",934,934,891,835,76.5618059709668,"1"
"background",935,935,910,783,63.5851023572705,"1"
"background",936,936,1046,515,86.1829160153866,"21"
"background",937,937,1155,465,78.6481627670321,"21"
"background",938,938,1557,532,15.3538833726197,"2"
"background",939,939,1532,527,7.99457284389064,"2"
"background",940,940,1113,497,285.836834073067,"21"
"background",941,941,1845,615,50.0415045910998,"2"
"background",942,942,1005,606,164.715540468872,"8"
"background",943,943,1593,541,9.58435685666401,"2"
"background",944,944,1825,616,72.3237219303756,"2"
"background",945,945,1512,601,13.5638850638643,"2"
"background",946,946,1830,597,185.959881022702,"8"
"background",947,947,1059,497,22.6926353834569,"2"
"background",948,948,894,608,107.004181284284,"1"
"background",949,949,1088,494,171.569678992211,"21"
"background",950,950,944,1088,77.9775037541988,"8"
"background",951,951,982,670,97.1699844300747,"21"
"background",952,952,1770,608,23.9018099252135,"2"
"background",953,953,1750,621,11.5878551164642,"2"
"background",954,954,947,933,61.9240304552618,"21"
"background",955,955,1033,536,62.2483345046639,"8"
"background",956,956,1198,471,31.4841166753322,"2"
"background",957,957,1063,475,62.1900487020766,"2"
"background",958,958,1099,471,62.3651202134788,"2"
"background",959,959,1176,496,12.2851088829339,"2"
"background",960,960,916,585,96.6923481762123,"8"
"background",961,961,1412,591,53.2309971600284,"2"
"background",962,962,1055,481,38.7746026366949,"8"
"background",963,963,1598,621,93.2638180553913,"2"
"background",964,964,1064,531,68.131470657394,"21"
"background",965,965,964,652,69.2006486728787,"8"
"background",966,966,1213,515,12.2851083255683,"2"
"background",967,967,1038,507,125.242145493642,"21"
"background",968,968,1645,630,31.6483789719641,"8"
"background",969,969,1129,480,30.8462523972302,"2"
"background",970,970,1052,608,124.490025765603,"8"
"background",971,971,1224,454,178.903700500727,"8"
"background",972,972,1760,646,24.9755648970604,"8"
"background",973,973,1335,574,59.3752657361329,"2"
"background",974,974,1341,469,59.6897883767224,"2"
"background",975,975,1697,630,24.9755648933351,"3"
"background",976,976,1194,452,178.903697550297,"2"
"background",977,977,1307,555,54.9003765405994,"13"
"background",978,978,1014,554,62.7730300947832,"1"
"background",979,979,987,539,86.9094719513987,"8"
"background",980,980,1813,601,208.561102695262,"8"
"background",981,981,938,581,75.8178708851853,"8"
"background",982,982,1741,602,26.6001352663918,"2"
"background",983,983,1258,476,24.5000732204622,"2"
"background",984,984,1078,489,146.46459309331,"2"
"background",985,985,1363,472,15.9811759246328,"2"
"background",986,986,1645,559,45.9121846593916,"2"
"background",987,987,1092,473,62.3651201836765,"8"
"background",988,988,1228,513,12.2851083275552,"9"
"background",989,989,1701,592,23.9018098358065,"2"
"background",990,990,1648,595,47.4359406344748,"8"
"background",991,991,1557,625,31.6483786087483,"8"
"background",992,992,1524,520,8.54500515107038,"2"
"background",993,993,1161,514,12.285108701326,"2"
"background",994,994,1820,612,186.960516735935,"2"
"background",995,995,897,562,83.5299711450987,"21"
"background",996,996,1488,527,15.3530321586877,"2"
"background",997,997,1567,527,8.32851381972432,"2"
"background",998,998,1591,588,45.3295667544001,"2"
"background",999,999,1055,510,61.6092616400904,"31"
"background",1000,1000,1540,626,36.5193017162383,"2"
"background",1001,1001,944,573,181.739374026568,"21"
"background",1002,1002,1118,547,77.3236933714078,"8"
"background",1003,1003,1341,467,13.5759110794536,"2"
"background",1004,1004,1565,574,13.5638849819079,"2"
"background",1005,1005,1313,559,37.4480632171035,"2"
"background",1006,1006,1726,616,13.3724339827895,"8"
"background",1007,1007,901,608,80.2303173771905,"1"
"background",1008,1008,1371,576,44.5880161892522,"2"
"background",1009,1009,1106,556,94.8861724900486,"8"
"background",1010,1010,1344,492,13.5638849530369,"8"
"background",1011,1011,1227,454,106.044150529888,"2"
"background",1012,1012,1152,463,70.7367158643624,"2"
"background",1013,1013,1758,621,23.4997550081672,"2"
"background",1014,1014,1667,638,29.4622426908463,"8"
"background",1015,1015,983,681,48.3720713576979,"21"
"background",1016,1016,1073,530,61.4316378269726,"1"
"background",1017,1017,1052,585,75.1034770905972,"1"
"background",1018,1018,922,572,81.3530275521467,"21"
"background",1019,1019,1135,449,117.498551709552,"8"
"background",1020,1020,1005,778,38.5946507267654,"21"
"background",1021,1021,1640,586,47.509010579437,"8"
"background",1022,1022,1359,567,13.5638852240518,"2"
"background",1023,1023,1345,478,16.2367803771118,"2"
"background",1024,1024,1656,576,248.541786520787,"8"
"background",1025,1025,827,609,135.821883618724,"21"
"background",1026,1026,1133,476,31.4668801259304,"2"
"background",1027,1027,990,530,277.744457829451,"8"
"background",1028,1028,1173,512,12.2851087627932,"2"
"background",1029,1029,1063,498,155.735270812023,"9"
"background",1030,1030,1329,573,37.289625682867,"15"
"background",1031,1031,985,529,106.459712650843,"21"
"background",1032,1032,1535,522,7.99457302549854,"2"
"background",1033,1033,907,648,83.6362812817097,"21"
"background",1034,1034,898,631,81.7906330075836,"13"
"background",1035,1035,1623,550,28.3786653122757,"3"
"background",1036,1036,1329,563,29.3296747300774,"2"
"background",1037,1037,1223,472,31.4841166567057,"8"
"background",1038,1038,1106,505,35.1086789891124,"2"
"background",1039,1039,1600,578,16.3286292857139,"2"
"background",1040,1040,1058,685,38.594650555402,"8"
"background",1041,1041,1181,511,55.0739767370479,"8"
"background",1042,1042,1378,517,13.5638846661895,"8"
"background",1043,1043,1536,514,8.21184067894381,"2"
"background",1044,1044,816,602,134.599796116352,"21"
"background",1045,1045,997,528,96.3970734553474,"21"
"background",1046,1046,1029,597,44.0877665802836,"8"
"background",1047,1047,1656,606,13.3724338663742,"8"
"background",1048,1048,1065,492,22.6926353089511,"2"
"background",1049,1049,1333,557,12.2851088126548,"2"
"background",1050,1050,1265,473,28.0261335745454,"2"
"background",1051,1051,1270,533,55.0739763900638,"9"
"background",1052,1052,1059,573,57.5062711015344,"21"
"background",1053,1053,1027,492,130.725811958361,"8"
"background",1054,1054,1441,563,9.34626964938788,"2"
"background",1055,1055,1143,454,914.908959153966,"2"
"background",1056,1056,1062,485,96.4677910872733,"8"
"background",1057,1057,1582,579,30.2770385276526,"2"
"background",1058,1058,1195,594,268.058145200289,"13"
"background",1059,1059,1216,461,107.305539928375,"21"
"background",1060,1060,1068,619,188.624616429209,"8"
"background",1061,1061,1068,475,62.365118727088,"6"
"background",1062,1062,1547,607,31.6483791694045,"3"
"background",1063,1063,1056,501,109.22191657871,"1"
"background",1064,1064,1204,451,2899.69592447146,"13"
"background",1065,1065,1264,478,27.920155245804,"15"
"background",1066,1066,1084,475,41.323847390576,"2"
"background",1067,1067,930,584,311.201691359314,"21"
"background",1068,1068,1025,586,139.21158672836,"8"
"background",1069,1069,1076,630,42.875611941673,"8"
"background",1070,1070,1305,550,29.3296748492867,"2"
"background",1071,1071,1607,599,31.6483797542751,"2"
"background",1072,1072,1034,565,89.7320844903139,"21"
"background",1073,1073,955,534,84.4146367822375,"21"
"background",1074,1074,1525,558,53.1045134586788,"13"
"background",1075,1075,1558,566,19.6327601168305,"8"
"background",1076,1076,1781,627,47.5474276487697,"2"
"background",1077,1077,1807,616,76.1855631248172,"2"
"background",1078,1078,1720,617,21.6794294043722,"2"
"background",1079,1079,1228,487,20.7813309483654,"8"
"background",1080,1080,977,676,97.169986218214,"21"
"background",1081,1081,1772,613,36.4315737076104,"2"
"background",1082,1082,942,549,84.5051026269419,"21"
"background",1083,1083,1592,584,34.5312207005856,"2"
"background",1084,1084,1156,508,31.6738145910067,"9"
"background",1085,1085,1789,615,75.6186781674632,"2"
"background",1086,1086,1678,597,17.7948176488282,"2"
"background",1087,1087,1107,481,239.115293767649,"21"
"background",1088,1088,1169,447,665.01063075174,"2"
"background",1089,1089,1614,615,93.2541365921499,"8"
"background",1090,1090,1521,511,7.99457305669785,"2"
"background",1091,1091,1156,480,397.623471839557,"21"
"background",1092,1092,1586,612,31.6483793631196,"2"
"background",1093,1093,1121,514,12.2851089788601,"2"
"background",1094,1094,1325,559,29.3296744544059,"2"
"background",1095,1095,1280,518,12.2851085730104,"2"
"background",1096,1096,1071,499,146.464595861487,"2"
"background",1097,1097,1359,631,28.9175408358925,"21"
"background",1098,1098,1141,470,52.0700739684759,"2"
"background",1099,1099,1541,532,8.32851374987513,"8"
"background",1100,1100,1524,521,9.04348936568351,"2"
"background",1101,1101,1008,600,182.723566976913,"21"
"background",1102,1102,1357,576,37.448063287884,"2"
"background",1103,1103,1005,651,97.1699880957603,"1"
"background",1104,1104,1097,468,88.0344348847866,"8"
"background",1105,1105,1018,588,44.0877669081092,"8"
"background",1106,1106,1491,509,10.1563938327381,"2"
"background",1107,1107,1106,472,70.8868266493082,"15"
"background",1108,1108,1036,510,35.1086781322956,"2"
"background",1109,1109,882,655,81.7388634236845,"21"
"background",1110,1110,1122,475,66.4852624610066,"8"
"background",1111,1111,1063,467,53.3413826777333,"2"
"background",1112,1112,1100,489,55.579605638914,"1"
"background",1113,1113,1713,607,92.9545706778819,"2"
"background",1114,1114,1143,454,82.9319154401086,"8"
"background",1115,1115,1329,463,21.8033535815775,"8"
"background",1116,1116,1096,475,55.0924976837988,"21"
"background",1117,1117,1851,665,28.7210868708789,"2"
"background",1118,1118,1804,638,47.2207546457648,"8"
"background",1119,1119,1768,633,40.3224102285133,"8"
"background",1120,1120,1499,507,7.99457303900272,"2"
"background",1121,1121,1318,569,59.3459747619953,"2"
"background",1122,1122,1017,645,44.0877668112516,"8"
"background",1123,1123,1342,567,36.1590307133579,"9"
"background",1124,1124,1474,601,29.203263355419,"2"
"background",1125,1125,1552,565,30.2770382352173,"8"
"background",1126,1126,1029,510,165.999784220228,"21"
"background",1127,1127,1726,604,26.1476304232064,"8"
"background",1128,1128,894,593,79.7593071087815,"21"
"background",1129,1129,1342,466,17.6907452552391,"2"
"background",1130,1130,1635,573,368.515055090189,"8"
"background",1131,1131,1080,493,22.6926352605224,"2"
"background",1132,1132,1124,614,57.8226797992999,"1"
"background",1133,1133,1413,471,9.26985036768019,"2"
"background",1134,1134,1174,459,104.665094830096,"3"
"background",1135,1135,1785,637,47.2207560911775,"8"
"background",1136,1136,1128,499,66.4852636307478,"1"
"background",1137,1137,969,613,73.4622522741829,"21"
"background",1138,1138,1151,475,80.9754750207067,"8"
"background",1139,1139,899,726,59.1819387078285,"21"
"background",1140,1140,1140,481,96.4715850955393,"2"
"background",1141,1141,1515,618,35.9986462499493,"2"
"background",1142,1142,1556,566,19.6327603049576,"2"
"background",1143,1143,1475,494,8.41846223547479,"2"
"background",1144,1144,1461,550,8.32851353660226,"2"
"background",1145,1145,1796,633,47.1156765409048,"8"
"background",1146,1146,1192,478,44.2328679892547,"2"
"background",1147,1147,1351,457,21.8033539801836,"2"
"background",1148,1148,969,613,116.366696543469,"21"
"background",1149,1149,1653,597,13.3724340936169,"2"
"background",1150,1150,1575,621,31.648378835991,"2"
"background",1151,1151,963,518,101.111187823117,"21"
"background",1152,1152,1525,559,45.5309045758653,"15"
"background",1153,1153,1037,579,195.017072409276,"21"
"background",1154,1154,1313,559,29.3296755328774,"8"
"background",1155,1155,951,520,96.7551612183452,"9"
"background",1156,1156,1351,456,22.2782380564599,"2"
"background",1157,1157,946,576,86.8294813631476,"1"
"background",1158,1158,1635,584,19.632760239765,"2"
"background",1159,1159,1617,563,19.6327605191618,"2"
"background",1160,1160,933,570,185.362993924868,"21"
"background",1161,1161,1173,522,55.1281639412022,"8"
"background",1162,1162,1120,475,27.392960768193,"2"
"background",1163,1163,1057,511,186.731177375677,"21"
"background",1164,1164,1079,488,55.1425011941208,"1"
"background",1165,1165,837,604,95.9676357805721,"8"
"background",1166,1166,1292,539,55.0739770241828,"2"
"background",1167,1167,1491,535,15.3538836091757,"2"
"background",1168,1168,1333,472,62.6776542666429,"8"
"background",1169,1169,1099,538,122.92787181586,"1"
"background",1170,1170,1815,646,83.8414883092045,"2"
"background",1171,1171,1105,525,232.698179704499,"8"
"background",1172,1172,1284,472,100.750484060882,"8"
"background",1173,1173,1193,507,12.2851086398587,"2"
"background",1174,1174,1750,608,24.4314819929286,"2"
"background",1175,1175,1206,452,81.9851060584188,"2"
"background",1176,1176,1044,509,86.1829162463546,"21"
"background",1177,1177,1270,484,28.0261336527765,"2"
"background",1178,1178,1602,578,30.2770381849259,"8"
"background",1179,1179,1089,573,48.7409240603447,"1"
"background",1180,1180,1503,542,15.3538834573701,"8"
"background",1181,1181,897,653,83.636280760169,"1"
"background",1182,1182,1174,491,16.8135605959807,"2"
"background",1183,1183,1495,590,13.5638846205547,"2"
"background",1184,1184,1755,626,24.97556498833,"2"
"background",1185,1185,1011,627,44.599377807208,"21"
"background",1186,1186,1751,624,24.4590022283814,"14"
"background",1187,1187,1213,447,6978.69307396515,"13"
"background",1188,1188,1101,505,148.638636015648,"9"
"background",1189,1189,1790,649,24.9755646791309,"2"
"background",1190,1190,1567,624,31.648378752172,"2"
"background",1191,1191,1212,462,90.0063227414611,"8"
"background",1192,1192,1162,466,906.548761773835,"2"
"background",1193,1193,1148,507,56.9827572802703,"9"
"background",1194,1194,1311,538,12.2851083030303,"9"
"background",1195,1195,1527,540,15.3538833940402,"2"
"background",1196,1196,1176,480,134.348474272027,"8"
"background",1197,1197,1439,472,9.26985032577068,"2"
"background",1198,1198,1113,549,108.819870610491,"21"
"background",1199,1199,910,696,60.3955495878371,"1"
"background",1200,1200,868,627,83.9342730491058,"21"
"background",1201,1201,920,555,83.6876316890914,"8"
"background",1202,1202,974,622,178.979433597029,"21"
"background",1203,1203,893,624,83.6065119728272,"1"
"background",1204,1204,883,581,83.8573766798258,"8"
"background",1205,1205,1809,615,36.4315749667585,"8"
"background",1206,1206,1240,522,12.2851088636626,"2"
"background",1207,1207,1275,524,12.2851086215188,"2"
"background",1208,1208,1565,630,36.5170235112302,"2"
"background",1209,1209,1027,502,35.108678471297,"2"
"background",1210,1210,1107,465,110.883097775227,"2"
"background",1211,1211,979,509,35.1086788251996,"2"
"background",1212,1212,1209,456,107.314193971455,"8"
"background",1213,1213,1110,509,64.7955061869172,"21"
"background",1214,1214,1377,455,9.26985016278923,"8"
"background",1215,1215,946,605,180.612525179763,"1"
"background",1216,1216,1805,649,83.8414870277047,"2"
"background",1217,1217,1524,536,15.353883523494,"2"
"background",1218,1218,912,792,76.5618054941297,"8"
"background",1219,1219,960,552,100.422149054675,"8"
"background",1220,1220,1097,528,48.7599062286199,"21"
"background",1221,1221,1020,551,90.0100755915046,"8"
"background",1222,1222,1776,622,71.7455203308943,"2"
"background",1223,1223,879,879,76.561805434525,"21"
"background",1224,1224,892,616,86.0944115891094,"1"
"background",1225,1225,1040,535,62.2483361624181,"13"
"background",1226,1226,1068,504,55.0290996467756,"8"
"background",1227,1227,1656,570,45.9121844395995,"8"
"background",1228,1228,1327,635,29.2523396983756,"1"
"background",1229,1229,1740,618,23.9018098302186,"8"
"background",1230,1230,1645,568,294.548016716995,"8"
"background",1231,1231,963,541,101.425014711916,"21"
"background",1232,1232,982,692,55.1219368204474,"8"
"background",1233,1233,1223,467,39.7739581801303,"2"
"background",1234,1234,1467,534,15.353883636184,"2"
"background",1235,1235,1020,679,38.5946512594819,"8"
"background",1236,1236,1621,592,45.3161169029772,"8"
"background",1237,1237,1274,465,64.6427347511053,"8"
"background",1238,1238,1642,562,45.9121839031577,"2"
"background",1239,1239,1043,497,158.221391609612,"8"
"background",1240,1240,920,604,141.737029575201,"21"
"background",1241,1241,1048,496,127.144778743386,"8"
"background",1242,1242,1020,626,44.0877663604915,"21"
"background",1243,1243,1223,502,12.2851086445153,"2"
"background",1244,1244,1370,583,37.4480640999973,"2"
"background",1245,1245,1395,592,42.3472141155213,"8"
"background",1246,1246,1042,547,88.1948373310138,"8"
"background",1247,1247,993,604,194.859587028565,"8"
"background",1248,1248,985,594,195.669522061944,"8"
"background",1249,1249,1771,624,13.3724336819723,"2"
"background",1250,1250,1800,616,225.645743757092,"2"
"background",1251,1251,1526,533,15.3329448429955,"2"
"background",1252,1252,1362,430,21.8033539447933,"2"
"background",1253,1253,1782,645,47.5461245439779,"2"
"background",1254,1254,1007,512,191.812662512622,"8"
"background",1255,1255,1789,615,36.4315745346248,"2"
"background",1256,1256,1018,506,143.440252707374,"21"
"background",1257,1257,1072,557,96.8656910955906,"1"
"background",1258,1258,1129,492,22.6926350165159,"2"
"background",1259,1259,1115,475,70.8868269398808,"2"
"background",1260,1260,1754,602,23.9018098693341,"2"
"background",1261,1261,1166,472,31.4841163307428,"2"
"background",1262,1262,1298,582,29.3027323633551,"1"
"background",1263,1263,1011,528,116.969169072807,"8"
"background",1264,1264,1089,474,55.8107089511529,"21"
"background",1265,1265,877,622,89.6383674363113,"21"
"background",1266,1266,985,547,86.0760077536014,"13"
"background",1267,1267,1373,455,9.26985055208206,"2"
"background",1268,1268,1031,659,42.7623580210833,"8"
"background",1269,1269,1628,600,93.2638202980161,"15"
"background",1270,1270,1061,500,162.854062771755,"8"
"background",1271,1271,1615,583,30.2770381625742,"2"
"background",1272,1272,841,891,59.1819390803575,"8"
"background",1273,1273,1388,454,21.8033532146364,"8"
"background",1274,1274,1156,490,513.500302235324,"8"
"background",1275,1275,1688,624,17.7944247797132,"8"
"background",1276,1276,897,586,109.618973986423,"21"
"background",1277,1277,1354,453,21.811632577334,"2"
"background",1278,1278,1021,570,124.141595222089,"1"
"background",1279,1279,1290,491,41.3220803814454,"2"
"background",1280,1280,1373,450,21.8033540714532,"2"
"background",1281,1281,1395,456,9.26985035184771,"2"
"background",1282,1282,1111,463,135.9572885841,"3"
"background",1283,1283,1072,560,47.8364895581931,"21"
"background",1284,1284,1700,643,29.4596152510493,"2"
"background",1285,1285,1526,554,54.9546575210989,"2"
"background",1286,1286,1576,530,7.99457277683541,"2"
"background",1287,1287,1106,586,124.380650483108,"1"
"background",1288,1288,1160,456,62.1508170105503,"2"
"background",1289,1289,1496,546,15.3538834117353,"8"
"background",1290,1290,1728,608,18.8232013136475,"3"
"background",1291,1291,1075,608,47.1907090920667,"21"
"background",1292,1292,1028,511,151.733422385886,"8"
"background",1293,1293,1730,609,23.6192307863106,"2"
"background",1294,1294,1665,571,45.9195543415836,"3"
"background",1295,1295,1582,528,8.32851376198232,"2"
"background",1296,1296,857,599,110.779030561447,"21"
"background",1297,1297,965,771,47.7085878814691,"1"
"background",1298,1298,1390,477,16.1109503526241,"2"
"background",1299,1299,1010,551,202.421274156212,"21"
"background",1300,1300,1138,466,70.8143485859482,"2"
"background",1301,1301,1321,459,21.8033537846059,"2"
"background",1302,1302,973,521,159.209174454212,"3"
"background",1303,1303,1654,579,47.4861507751005,"8"
"background",1304,1304,1776,624,87.858300730586,"8"
"background",1305,1305,1069,503,22.6926357112825,"2"
"background",1306,1306,997,656,97.1699855849147,"21"
"background",1307,1307,1802,614,74.6372925051402,"3"
"background",1308,1308,1019,576,83.3254651986686,"21"
"background",1309,1309,1507,520,7.99457287369296,"2"
"background",1310,1310,912,608,78.6185427159071,"21"
"background",1311,1311,950,708,69.2006495445967,"1"
"background",1312,1312,1788,639,47.2207553237677,"8"
"background",1313,1313,938,895,77.9810216426849,"1"
"background",1314,1314,1625,594,45.3161171600223,"8"
"background",1315,1315,985,533,94.3341322616573,"21"
"background",1316,1316,1585,565,10.6038286825367,"2"
"background",1317,1317,1561,521,8.28258278732777,"2"
"background",1318,1318,1161,479,80.975475743413,"2"
"background",1319,1319,1150,509,28.3309336329535,"9"
"background",1320,1320,1133,451,153.972560629249,"21"
"background",1321,1321,1007,567,124.207229249179,"21"
"background",1322,1322,1096,605,124.833370334518,"8"
"background",1323,1323,1308,494,26.497227375132,"8"
"background",1324,1324,1112,470,263.444990124305,"2"
"background",1325,1325,1067,621,67.4982961639762,"8"
"background",1326,1326,1038,552,62.8201345131357,"1"
"background",1327,1327,1063,531,123.940729468614,"21"
"background",1328,1328,1618,551,22.2466148609418,"2"
"background",1329,1329,1062,570,48.7409247495234,"21"
"background",1330,1330,1134,488,591.702123536103,"21"
"background",1331,1331,1225,468,28.1442185547277,"15"
"background",1332,1332,1320,587,29.3296748455614,"21"
"background",1333,1333,1672,564,45.9121853969991,"3"
"background",1334,1334,1733,603,23.1764067206296,"2"
"background",1335,1335,1555,570,30.2770379986614,"2"
"background",1336,1336,1044,512,281.862869057784,"21"
"background",1337,1337,1709,645,29.4622429516166,"8"
"background",1338,1338,1818,664,28.7210873793811,"8"
"background",1339,1339,1325,562,59.3752641665439,"9"
"background",1340,1340,1250,457,21.8033537752926,"2"
"background",1341,1341,973,535,113.854859644152,"8"
"background",1342,1342,1557,625,31.648378899321,"8"
"background",1343,1343,1156,451,62.1432969085872,"2"
"background",1344,1344,1252,484,164.260419771075,"2"
"background",1345,1345,969,610,155.333251908421,"21"
"background",1346,1346,1727,596,13.3724336326122,"2"
"background",1347,1347,1600,544,11.3742204944571,"2"
"background",1348,1348,1324,567,58.939895958966,"8"
"background",1349,1349,1066,494,146.464595928788,"2"
"background",1350,1350,1043,499,160.78279364109,"8"
"background",1351,1351,1090,608,47.1806315034628,"8"
"background",1352,1352,1179,459,104.665095254779,"8"
"background",1353,1353,1592,571,30.2833271864802,"8"
"background",1354,1354,894,630,75.4984040404407,"8"
"background",1355,1355,966,688,95.5702754926868,"8"
"background",1356,1356,1085,472,87.8378272653232,"8"
"background",1357,1357,1480,531,15.3538834247738,"2"
"background",1358,1358,1751,609,12.5381239985506,"2"
"background",1359,1359,1533,562,49.9080638630287,"8"
"background",1360,1360,1607,631,31.6483797747642,"2"
"background",1361,1361,880,624,92.1938558145873,"13"
"background",1362,1362,1819,649,35.4126689062251,"2"
"background",1363,1363,1655,632,31.6483788639307,"8"
"background",1364,1364,1067,503,35.1086794969936,"2"
"background",1365,1365,1474,529,15.3538834089413,"2"
"background",1366,1366,904,831,76.5618049874902,"8"
"background",1367,1367,1010,654,61.3606121771674,"21"
"background",1368,1368,1182,451,148.174097219368,"2"
"background",1369,1369,1470,488,8.32851367816329,"8"
"background",1370,1370,1493,489,8.17949471204019,"2"
"background",1371,1371,1329,495,49.1204350822999,"2"
"background",1372,1372,1066,507,122.927869454026,"8"
"background",1373,1373,1762,632,35.1432880831598,"8"
"background",1374,1374,1206,502,12.2851089891046,"2"
"background",1375,1375,1063,522,122.927871249616,"8"
"background",1376,1376,1744,604,23.9018103033304,"2"
"background",1377,1377,1282,506,13.4783362225453,"2"
"background",1378,1378,1217,455,174.639559948274,"2"
"background",1379,1379,1170,497,12.2851090468466,"2"
"background",1380,1380,1605,572,38.0764345433923,"15"
"background",1381,1381,1748,607,15.7905758681388,"2"
"background",1382,1382,1094,480,70.9196857214076,"2"
"background",1383,1383,949,731,68.3891672858243,"21"
"background",1384,1384,1006,547,249.552138317224,"21"
"background",1385,1385,1512,503,7.99457290302962,"8"
"background",1386,1386,1463,590,14.7171322069539,"2"
"background",1387,1387,1561,628,31.6483791451901,"2"
"background",1388,1388,1179,556,55.3958940616192,"21"
"background",1389,1389,1277,496,28.0261335000396,"8"
"background",1390,1390,1187,475,783.936519266856,"21"
"background",1391,1391,1065,510,109.542939994668,"8"
"background",1392,1392,1063,512,35.1086778789759,"2"
"background",1393,1393,1754,608,23.9018101561815,"2"
"background",1394,1394,1307,563,29.3296754863113,"2"
"background",1395,1395,1588,542,7.99457303853706,"2"
"background",1396,1396,1030,598,214.924372389599,"8"
"background",1397,1397,1715,612,13.3724340163171,"2"
"background",1398,1398,1480,491,8.32848918531091,"2"
"background",1399,1399,1620,616,93.2638167366385,"8"
"background",1400,1400,1323,568,59.3752659633756,"2"
"background",1401,1401,1709,621,11.5878554880619,"2"
"background",1402,1402,936,650,69.1843178346737,"8"
"background",1403,1403,1786,623,35.6915398755272,"8"
"background",1404,1404,1532,561,49.3227344648694,"8"
"background",1405,1405,1274,473,28.0261333975941,"2"
"background",1406,1406,933,602,79.1770610276506,"8"
"background",1407,1407,1631,622,86.6047357339596,"2"
"background",1408,1408,1682,601,23.9018098041415,"15"
"background",1409,1409,1058,473,62.3651200346649,"2"
"background",1410,1410,1329,479,60.7562492194859,"2"
"background",1411,1411,1565,619,31.6483794488013,"2"
"background",1412,1412,1068,488,377.027801322831,"8"
"background",1413,1413,1084,578,127.741477309837,"8"
"background",1414,1414,1070,590,48.5494941696728,"1"
"background",1415,1415,966,895,77.9283378198677,"1"
"background",1416,1416,1586,574,30.2770377397537,"8"
"background",1417,1417,962,791,44.0854802019893,"8"
"background",1418,1418,1053,526,93.7082247227418,"8"
"background",1419,1419,1525,520,8.32851378433406,"2"
"background",1420,1420,1024,627,188.625377967954,"21"
"background",1421,1421,1316,555,29.3296753186733,"8"
"background",1422,1422,1369,512,13.5638850508258,"2"
"background",1423,1423,972,510,35.1086784787476,"2"
"background",1424,1424,1052,527,95.7282481784505,"8"
"background",1425,1425,1139,469,62.3651209510863,"8"
"background",1426,1426,933,579,276.27162236035,"21"
"background",1427,1427,942,556,99.0083808301917,"21"
"background",1428,1428,1066,481,54.6680496074259,"21"
"background",1429,1429,1088,621,55.6118976583588,"8"
"background",1430,1430,1320,571,29.3296744022518,"21"
"background",1431,1431,994,660,55.1219362951815,"1"
"background",1432,1432,976,542,168.823498579147,"21"
"background",1433,1433,1000,612,74.969032846325,"1"
"background",1434,1434,1101,462,88.0344356298447,"21"
"background",1435,1435,1011,691,38.5946523286402,"8"
"background",1436,1436,1060,672,38.5946504026651,"1"
"background",1437,1437,1763,610,36.4315736144781,"8"
"background",1438,1438,1083,560,96.8656911849975,"21"
"background",1439,1439,1436,462,9.26985026523471,"8"
"background",1440,1440,1084,608,47.1806315481663,"8"
"background",1441,1441,1107,523,49.0090678110464,"8"
"background",1442,1442,1487,518,8.72250377250379,"2"
"background",1443,1443,1204,484,40.0368200950325,"2"
"background",1444,1444,1435,493,8.78298342981894,"2"
"background",1445,1445,1597,569,19.6327601727098,"2"
"background",1446,1446,1088,481,86.3960767611861,"8"
"background",1447,1447,1040,497,35.108677903047,"9"
"background",1448,1448,1598,588,47.1491959990629,"2"
"background",1449,1449,1001,515,95.3301763531987,"21"
"background",1450,1450,1731,599,23.9018097091466,"2"
"background",1451,1451,1080,502,35.108677570567,"2"
"background",1452,1452,1366,462,21.8033540714532,"2"
"background",1453,1453,1044,508,35.1086784340441,"8"
"background",1454,1454,1619,582,30.277037685737,"2"
"background",1455,1455,1040,606,86.7977918224697,"21"
"background",1456,1456,1457,499,8.32851342670619,"2"
"background",1457,1457,1417,484,16.1109506580979,"2"
"background",1458,1458,1181,511,55.0739775938647,"9"
"background",1459,1459,1278,454,90.6621080785989,"2"
"background",1460,1460,1014,701,38.5946517325938,"8"
"background",1461,1461,1332,559,45.1262032904674,"9"
"background",1462,1462,1833,619,72.0656947156942,"8"
"background",1463,1463,1689,583,47.509010925889,"3"
"background",1464,1464,1603,590,157.812477315261,"2"
"background",1465,1465,1028,499,34.0289856944247,"21"
"background",1466,1466,1518,602,26.2088728971511,"2"
"background",1467,1467,1724,642,24.9755649287254,"8"
"background",1468,1468,1036,565,89.3483158882615,"21"
"background",1469,1469,1047,580,57.5062714032829,"1"
"background",1470,1470,951,891,168.42186944731,"8"
"background",1471,1471,1474,524,15.3538831984624,"2"
"background",1472,1472,1027,546,71.1526966199382,"21"
"background",1473,1473,970,672,97.1699876785278,"8"
"background",1474,1474,1063,529,370.973725705416,"8"
"background",1475,1475,1119,469,86.1063037291964,"21"
"background",1476,1476,1108,605,47.1806310266256,"21"
"background",1477,1477,1596,606,31.6483787819743,"2"
"background",1478,1478,1314,495,39.9404725022614,"2"
"background",1479,1479,988,623,58.1415072418427,"1"
"background",1480,1480,1563,519,7.99457305064425,"2"
"background",1481,1481,1231,453,3268.24073252113,"13"
"background",1482,1482,1842,613,107.893997021019,"2"
"background",1483,1483,1098,466,88.2404264956953,"1"
"background",1484,1484,1343,455,70.2905614784353,"8"
"background",1485,1485,816,595,134.436167001722,"8"
"background",1486,1486,1344,584,29.3296737894416,"2"
"background",1487,1487,1496,560,38.7361618129999,"8"
"background",1488,1488,1204,470,31.4828615430744,"2"
"background",1489,1489,1306,490,17.4583224415058,"2"
"background",1490,1490,1499,612,34.1233816739907,"2"
"background",1491,1491,1002,720,41.8599400778827,"8"
"background",1492,1492,1132,490,22.6926347278058,"2"
"background",1493,1493,1461,499,14.9345788770184,"2"
"background",1494,1494,997,577,223.203464791287,"8"
"background",1495,1495,1022,514,22.6926352828741,"21"
"background",1496,1496,1149,447,81.9851041361689,"8"
"background",1497,1497,1630,622,27.9982844871335,"2"
"background",1498,1498,1073,583,99.5245677160366,"8"
"background",1499,1499,1274,529,12.2851088792086,"2"
"background",1500,1500,1155,479,80.975475512445,"2"
"background",1501,1501,1049,489,108.488696418604,"8"
"background",1502,1502,1217,472,28.9363783616305,"8"
"background",1503,1503,1036,515,109.221917055547,"8"
"background",1504,1504,1514,619,31.4070983510188,"2"
"background",1505,1505,1342,460,11.6694722010884,"2"
"background",1506,1506,893,622,146.882190436181,"8"
"background",1507,1507,1067,565,48.7409241236746,"13"
"background",1508,1508,1543,622,31.4915644600851,"15"
"background",1509,1509,1086,567,48.7409238442778,"1"
"background",1510,1510,1679,594,46.7501607391825,"8"
"background",1511,1511,1118,477,143.942992021827,"1"
"background",1512,1512,1572,565,29.783929978384,"2"
"background",1513,1513,1033,606,44.0877669230103,"1"
"background",1514,1514,1619,558,7.99457313958555,"15"
"background",1515,1515,1781,619,77.5055318554207,"2"
"background",1516,1516,1836,614,131.272943347998,"8"
"background",1517,1517,1482,500,8.32851359900087,"8"
"background",1518,1518,1032,635,39.7251543029047,"1"
"background",1519,1519,1085,571,48.740924321115,"8"
"background",1520,1520,1625,578,201.308149716194,"8"
"background",1521,1521,1762,632,11.5878553390503,"2"
"background",1522,1522,1206,451,87.5195001727487,"8"
"background",1523,1523,1152,468,80.9754749760032,"8"
"background",1524,1524,1610,580,30.2770374957472,"2"
"background",1525,1525,1434,457,9.26985030807555,"2"
"background",1526,1526,972,682,65.8609046899115,"1"
"background",1527,1527,1771,629,40.9362178248803,"8"
"background",1528,1528,951,715,44.0877667553723,"21"
"background",1529,1529,1163,461,104.752780862144,"2"
"background",1530,1530,1539,574,42.7215566188097,"2"
"background",1531,1531,1807,619,11.9836497165359,"2"
"background",1532,1532,1832,615,107.431003846218,"2"
"background",1533,1533,955,554,101.014747899974,"21"
"background",1534,1534,1079,573,184.258285551915,"8"
"background",1535,1535,1512,513,7.99457284994423,"2"
"background",1536,1536,1246,493,18.1373707675913,"2"
"background",1537,1537,1133,563,56.9827597290277,"1"
"background",1538,1538,1844,620,123.158952370286,"8"
"background",1539,1539,1240,480,40.0367291942238,"2"
"background",1540,1540,1607,577,74.409799703429,"8"
"background",1541,1541,1532,530,7.99457298684865,"2"
"background",1542,1542,940,547,101.111183702946,"21"
"background",1543,1543,1043,493,111.233423962635,"21"
"background",1544,1544,1574,559,7.99457291094586,"2"
"background",1545,1545,953,577,187.189679392257,"21"
"background",1546,1546,1487,527,15.3481042506192,"15"
"background",1547,1547,1063,528,618.718448102474,"21"
"background",1548,1548,1830,607,187.033162429929,"2"
"background",1549,1549,1057,562,57.5062714740634,"8"
"background",1550,1550,1111,541,452.247520986238,"8"
"background",1551,1551,1536,527,8.32851371634752,"2"
"background",1552,1552,1097,468,111.351492576301,"2"
"background",1553,1553,1113,471,63.5417709164944,"2"
"background",1554,1554,1758,611,23.9018096830696,"15"
"background",1555,1555,903,613,146.653954535723,"21"
"background",1556,1556,1036,594,56.5352707900708,"1"
"background",1557,1557,1815,600,108.537523950151,"9"
"background",1558,1558,1745,612,23.901809990406,"8"
"background",1559,1559,1091,463,30.5852452929366,"2"
"background",1560,1560,1336,471,39.9404727630317,"2"
"background",1561,1561,1061,502,173.278224572539,"21"
"background",1562,1562,1184,451,81.9851067438722,"21"
"background",1563,1563,1303,561,58.1913217088428,"2"
"background",1564,1564,874,595,110.779027931392,"21"
"background",1565,1565,1113,507,62.5052851476504,"8"
"background",1566,1566,1337,481,16.1109504252672,"2"
"background",1567,1567,1111,472,62.3651204891503,"8"
"background",1568,1568,1051,505,155.835734989781,"21"
"background",1569,1569,1019,510,85.8618908748813,"21"
"background",1570,1570,1334,578,59.3752653263509,"2"
"background",1571,1571,1435,588,22.2051524821054,"9"
"background",1572,1572,900,616,147.001329094214,"8"
"background",1573,1573,1440,485,8.32851365488023,"2"
"background",1574,1574,1084,592,189.063606187918,"21"
"background",1575,1575,1137,461,109.726290918208,"3"
"background",1576,1576,1166,460,70.8868262991309,"2"
"background",1577,1577,1125,472,31.4841162003577,"8"
"background",1578,1578,998,663,44.0877674520016,"8"
"background",1579,1579,859,593,84.2636711448699,"21"
"background",1580,1580,893,1001,77.9810220450163,"21"
"background",1581,1581,1509,510,7.99457306275144,"2"
"background",1582,1582,1681,567,45.9121833667159,"9"
"background",1583,1583,1336,641,29.3296744469553,"1"
"background",1584,1584,1334,473,63.6416183190615,"8"
"background",1585,1585,1261,485,151.775659394757,"2"
"background",1586,1586,1213,460,950.866661417607,"8"
"background",1587,1587,1044,525,58.0412626861405,"21"
"background",1588,1588,1369,455,21.8033539541066,"15"
"background",1589,1589,1829,647,54.8149043916437,"8"
"background",1590,1590,931,554,85.7343336193083,"21"
"background",1591,1591,1097,482,330.646251332301,"21"
"background",1592,1592,950,1032,76.7493515215892,"15"
"background",1593,1593,1077,468,120.216378312019,"1"
"background",1594,1594,869,552,86.102535225461,"8"
"background",1595,1595,1048,608,71.9183512389521,"1"
"background",1596,1596,1803,623,25.0693245269693,"8"
"background",1597,1597,1187,480,31.4841164890677,"8"
"background",1598,1598,920,594,312.835780113746,"8"
"background",1599,1599,1536,563,42.7728013731225,"15"
"background",1600,1600,1154,453,153.857374116785,"8"
"background",1601,1601,1754,616,23.9018096625805,"8"
"background",1602,1602,926,613,102.63135062166,"21"
"background",1603,1603,1465,488,8.27272651390825,"2"
"background",1604,1604,1217,508,12.2851087208837,"2"
"background",1605,1605,1427,602,29.2032628003508,"2"
"background",1606,1606,1367,585,38.1363665014816,"8"
"background",1607,1607,1023,514,168.947846517462,"8"
"background",1608,1608,1756,601,33.7881636449352,"9"
"background",1609,1609,1341,462,14.5595364793794,"2"
"background",1610,1610,1812,589,175.344699857942,"8"
"background",1611,1611,1149,510,66.4852617159486,"8"
"background",1612,1612,1614,590,87.67247442167,"2"
"background",1613,1613,1717,629,22.6771412339773,"3"
"background",1614,1614,1077,477,499.053678867414,"9"
"background",1615,1615,1000,509,35.1086788699031,"2"
"background",1616,1616,1355,531,17.6430987880811,"2"
"background",1617,1617,1107,619,67.4982966706157,"21"
"background",1618,1618,1803,625,124.199564084458,"8"
"background",1619,1619,1537,559,8.3285139426589,"2"
"background",1620,1620,1641,631,29.4622426107526,"8"
"background",1621,1621,1169,451,81.9851055294275,"21"
"background",1622,1622,1097,489,197.977926503695,"13"
"background",1623,1623,1146,455,62.1432976163924,"1"
"background",1624,1624,1776,629,24.2327889892851,"2"
"background",1625,1625,996,506,35.1086788401008,"2"
"background",1626,1626,1071,565,57.5062714256346,"13"
"background",1627,1627,1359,572,37.4480629004538,"2"
"background",1628,1628,983,562,178.737684905529,"8"
"background",1629,1629,1522,572,8.3656019987532,"2"
"background",1630,1630,1805,655,80.8444774882106,"8"
"background",1631,1631,1582,568,7.99457311350852,"2"
"background",1632,1632,1062,497,22.6926351319999,"8"
"background",1633,1633,1592,570,30.2770382408053,"2"
"background",1634,1634,1373,491,16.1109499875456,"2"
"background",1635,1635,986,509,101.425014201138,"8"
"background",1636,1636,1418,483,16.1109500993043,"2"
"background",1637,1637,903,580,104.101383065857,"21"
"background",1638,1638,1260,468,36.851030066973,"15"
"background",1639,1639,1808,648,47.2207556888461,"8"
"background",1640,1640,1085,625,67.4982964545488,"8"
"background",1641,1641,1505,509,7.99457289231941,"15"
"background",1642,1642,1323,481,29.1206640308168,"99"
"background",1643,1643,1569,624,35.6588763352347,"2"
"background",1644,1644,1059,493,148.162684641298,"2"
"background",1645,1645,1077,572,48.7409244254231,"21"
"background",1646,1646,1082,537,48.74092406407,"21"
"background",1647,1647,873,858,76.5618061572313,"1"
"background",1648,1648,1820,616,132.36847999204,"8"
"background",1649,1649,1465,604,37.9388120151773,"9"
"background",1650,1650,1331,577,59.3752669580281,"2"
"background",1651,1651,1518,554,54.954656727612,"2"
"background",1652,1652,1654,590,17.0866481590537,"2"
"background",1653,1653,1013,484,130.632072657347,"2"
"background",1654,1654,1323,557,29.3296754658222,"15"
"background",1655,1655,1504,610,32.7798559029374,"2"
"background",1656,1656,1244,488,40.0368201062083,"2"
"background",1657,1657,769,974,76.3145997449794,"13"
"background",1658,1658,1123,544,48.7409254051745,"8"
"background",1659,1659,1236,456,93.046082302928,"31"
"background",1660,1660,1036,534,381.258250840695,"8"
"background",1661,1661,1067,478,38.7746026143432,"2"
"background",1662,1662,1050,557,90.0100734457374,"21"
"background",1663,1663,1171,436,76.4113837253055,"8"
"background",1664,1664,1156,468,47.3505946430652,"15"
"background",1665,1665,893,609,110.779028266668,"21"
"background",1666,1666,929,613,87.0516278005399,"21"
"background",1667,1667,1222,475,31.4360825456614,"8"
"background",1668,1668,1235,456,93.0460815653205,"8"
"background",1669,1669,1538,595,13.5638850256801,"2"
"background",1670,1670,1557,571,42.7215552181005,"2"
"background",1671,1671,1740,634,24.9755643773824,"2"
"background",1672,1672,1645,563,45.9121850058436,"8"
"background",1673,1673,1773,628,11.5878555756062,"15"
"background",1674,1674,997,500,193.266027060967,"21"
"background",1675,1675,1249,539,55.0739779546857,"2"
"background",1676,1676,1316,546,17.4545723443516,"9"
"background",1677,1677,1033,591,44.0877673886716,"21"
"background",1678,1678,1213,459,107.295588731763,"8"
"background",1679,1679,928,598,71.6766688078521,"1"
"background",1680,1680,1040,515,72.3948083406002,"21"
"background",1681,1681,1136,469,80.9754749909043,"8"
"background",1682,1682,899,628,72.4451402053237,"21"
"background",1683,1683,906,652,72.4548652768075,"21"
"background",1684,1684,1081,543,62.0733904465663,"21"
"background",1685,1685,1258,480,28.0261340085417,"15"
"background",1686,1686,1217,460,107.314192920923,"8"
"background",1687,1687,1004,568,80.7477559664873,"8"
"background",1688,1688,1059,534,593.352377537618,"21"
"background",1689,1689,1200,481,31.4841169212013,"8"
"background",1690,1690,1238,448,7553.35304765509,"13"
"background",1691,1691,1092,482,130.134573305466,"9"
"background",1692,1692,1165,510,12.2851089295,"2"
"background",1693,1693,1023,598,46.7591473605318,"21"
"background",1694,1694,1179,511,55.0739765390754,"8"
"background",1695,1695,1463,608,33.1548388695893,"9"
"background",1696,1696,1495,506,8.32851374428719,"2"
"background",1697,1697,1088,559,61.0797341054883,"1"
"background",1698,1698,1229,601,67.2567721383393,"1"
"background",1699,1699,1739,616,11.5878553567454,"2"
"background",1700,1700,1627,576,368.029031872688,"8"
"background",1701,1701,1065,502,35.1086769998074,"9"
"background",1702,1702,1116,468,27.3929609656334,"2"
"background",1703,1703,1318,457,21.8033541552722,"2"
"background",1704,1704,1044,504,277.491355446753,"21"
"background",1705,1705,1382,587,49.650078035891,"2"
"background",1706,1706,913,631,153.254180878401,"21"
"background",1707,1707,1550,530,7.99457299616188,"2"
"background",1708,1708,913,562,599.255589684786,"1"
"background",1709,1709,1175,479,31.4841161686927,"8"
"background",1710,1710,1387,549,13.2162387296863,"2"
"background",1711,1711,921,693,69.2003584057092,"21"
"background",1712,1712,1626,609,92.8625501842078,"8"
"background",1713,1713,1584,541,8.32851377595216,"2"
"background",1714,1714,1241,470,164.26042021811,"2"
"background",1715,1715,1150,450,82.0153521895312,"21"
"background",1716,1716,1489,496,7.99962184345393,"2"
"background",1717,1717,1086,471,70.0695516130098,"2"
"background",1718,1718,870,835,76.5618068575859,"8"
"background",1719,1719,1073,542,62.146839980036,"1"
"background",1720,1720,1213,468,35.5149230252672,"2"
"background",1721,1721,1804,621,56.1341452193382,"2"
"background",1722,1722,1034,492,35.1086772680283,"9"
"background",1723,1723,1504,522,7.99457286950201,"2"
"background",1724,1724,1498,548,15.3538833521306,"8"
"background",1725,1725,1016,565,78.0169000102917,"8"
"background",1726,1726,1292,583,29.3296742402017,"1"
"background",1727,1727,1360,467,58.7364747002941,"2"
"background",1728,1728,1711,606,11.5878551416099,"2"
"background",1729,1729,1222,478,31.484117180109,"2"
"background",1730,1730,1098,486,24.7017038914346,"8"
"background",1731,1731,1008,502,35.1086794137955,"2"
"background",1732,1732,1419,509,15.3133751303413,"3"
"background",1733,1733,1265,470,28.0261332318187,"2"
"background",1734,1734,941,546,84.4578637927906,"21"
"background",1735,1735,1195,515,12.2851083359371,"9"
"background",1736,1736,1489,566,8.4404632495532,"2"
"background",1737,1737,1553,523,7.99457306135446,"2"
"background",1738,1738,1821,603,76.0686200262198,"2"
"background",1739,1739,985,663,97.169986911118,"1"
"background",1740,1740,1530,554,8.32851372100413,"15"
"background",1741,1741,1028,498,131.495848910274,"21"
"background",1742,1742,1714,591,23.9018097501248,"2"
"background",1743,1743,1697,614,17.7944244723767,"2"
"background",1744,1744,1753,622,23.1023962160525,"8"
"background",1745,1745,1116,515,58.0375978761024,"8"
"background",1746,1746,1097,477,62.2597873772303,"2"
"background",1747,1747,936,578,78.8860994129989,"21"
"background",1748,1748,995,687,44.0877680331468,"21"
"background",1749,1749,1351,574,51.4934523069698,"3"
"background",1750,1750,1854,654,83.6827559354144,"8"
"background",1751,1751,1328,459,21.8033538218588,"2"
"background",1752,1752,1350,564,30.0316452515119,"2"
"background",1753,1753,1643,595,14.0832138661085,"2"
"background",1754,1754,1583,631,30.2959641684962,"2"
"background",1755,1755,1235,470,28.3115591947346,"2"
"background",1756,1756,1660,594,45.0617362840768,"8"
"background",1757,1757,896,593,155.333249360323,"21"
"background",1758,1758,1719,607,11.5878554135561,"2"
"background",1759,1759,1003,628,55.364833608246,"1"
"background",1760,1760,1142,460,70.8868260830641,"8"
"background",1761,1761,826,863,66.8532866952067,"8"
"background",1762,1762,1524,535,8.32851367071271,"2"
"background",1763,1763,992,905,77.3404062961266,"1"
"background",1764,1764,889,605,99.3042090382798,"8"
"background",1765,1765,1331,542,12.2851088577881,"15"
"background",1766,1766,1014,564,69.0044860578902,"8"
"background",1767,1767,1313,624,28.8029313046867,"21"
"background",1768,1768,1026,569,191.423938067222,"8"
"background",1769,1769,1022,539,62.2483340129256,"21"
"background",1770,1770,1329,452,20.8072509515311,"2"
"background",1771,1771,1772,628,24.9755647499114,"2"
"background",1772,1772,1571,555,7.99457290163264,"2"
"background",1773,1773,1569,568,19.6327604018152,"8"
"background",1774,1774,1100,582,47.9678789377297,"21"
"background",1775,1775,1467,510,14.7442826547577,"2"
"background",1776,1776,977,534,101.425014384091,"21"
"background",1777,1777,1072,620,525.766222815794,"21"
