"species","x","y","bio4","bio16","gpw2000_30_sec","simplelc2000"
"species",1,1,1356,474,69.3124694824219,"4"
"species",2,2,1016,497,333.760406494141,"1"
"species",3,3,1013,552,531.619750976562,"5"
"species",4,4,1063,522,122.927871704102,"4"
"species",5,5,943,602,120.175727844238,"4"
"species",6,6,926,603,155.333251953125,"1"
"species",7,7,950,708,69.2006454467773,"1"
"species",8,8,1100,587,188.625381469727,"4"
"species",9,9,919,598,102.726890563965,"4"
"species",10,10,1200,469,803.260070800781,"2"
"species",11,11,1191,447,5515.67724609375,"5"
"species",12,12,1032,534,95.0354919433594,"4"
"species",13,13,1045,544,96.8656921386719,"1"
"species",14,14,1231,453,2945.83374023438,"5"
"species",15,15,1070,545,4781.9638671875,"5"
"species",16,16,1060,476,64.4457702636719,"2"
"species",17,17,771,1043,76.5618057250977,"2"
"species",18,18,1115,487,345.755889892578,"4"
"species",19,19,1362,442,10.410608291626,"2"
"species",20,20,959,546,266.476287841797,"1"
"species",21,21,962,716,50.7844047546387,"1"
"species",22,22,952,565,127.936836242676,"1"
"species",23,23,1103,496,174.172302246094,"4"
"species",24,24,954,572,83.513069152832,"1"
"species",25,25,931,612,83.6362762451172,"1"
"species",26,26,942,940,77.9810180664062,"1"
"species",27,27,881,592,141.79670715332,"1"
"species",28,28,1163,489,647.445556640625,"1"
"species",29,29,930,579,192.635498046875,"4"
"species",30,30,997,577,222.451919555664,"4"
"species",31,31,1010,499,112.895240783691,"5"
"species",32,32,1061,492,146.464599609375,"3"
"species",33,33,1044,474,509.759307861328,"4"
"species",34,34,1005,563,178.737686157227,"4"
"species",35,35,885,577,155.333251953125,"4"
"species",36,36,1178,440,2465.0966796875,"5"
"species",37,37,980,676,97.1699905395508,"3"
"species",38,38,1202,424,2584.28857421875,"5"
"species",39,39,1239,456,93.0460815429688,"4"
"species",40,40,984,547,266.476287841797,"5"
"species",41,41,1059,473,62.3651161193848,"5"
"species",42,42,1608,577,300.831848144531,"4"
"species",43,43,1329,479,64.6427307128906,"2"
"species",44,44,883,586,82.5017166137695,"1"
"species",45,45,919,550,160.944412231445,"1"
"species",46,46,955,556,264.542755126953,"4"
"species",47,47,1035,657,248.812072753906,"4"
"species",48,48,936,559,178.660491943359,"4"
"species",49,49,1094,486,137.720108032227,"2"
"species",50,50,1006,619,73.5313034057617,"1"
"species",51,51,1141,469,62.1432952880859,"2"
"species",52,52,1367,479,111.174736022949,"2"
"species",53,53,1027,526,152.196258544922,"4"
"species",54,54,1102,498,173.043045043945,"4"
"species",55,55,949,723,69.1341400146484,"1"
"species",56,56,1083,576,183.593200683594,"1"
"species",57,57,1143,454,922.254760742188,"2"
"species",58,58,924,610,155.333251953125,"1"
"species",59,59,892,592,84.3945083618164,"1"
"species",60,60,1807,616,36.4315719604492,"2"
"species",61,61,1086,567,48.7409248352051,"1"
"species",62,62,1026,495,134.922729492188,"4"
"species",63,63,1171,442,62.1432991027832,"4"
"species",64,64,1117,478,143.299713134766,"1"
"species",65,65,1059,508,127.341445922852,"4"
"species",66,66,937,595,167.163467407227,"1"
"species",67,67,1040,508,155.835739135742,"4"
"species",68,68,1072,621,1064.81335449219,"4"
"species",69,69,1068,494,173.278228759766,"4"
"species",70,70,1241,470,164.26042175293,"2"
"species",71,71,1100,602,47.1806297302246,"1"
"species",72,72,1216,467,61.9662437438965,"4"
"species",73,73,1257,476,164.26042175293,"2"
"species",74,74,1129,468,64.4278564453125,"2"
"species",75,75,1143,454,82.9152374267578,"4"
"species",76,76,892,602,83.5130767822266,"1"
"species",77,77,1369,455,21.8033542633057,"1"
"species",78,78,1522,544,15.3538827896118,"2"
"species",79,79,1568,572,30.2770366668701,"4"
"species",80,80,930,551,84.4146347045898,"1"
"species",81,81,1126,472,70.8868255615234,"2"
"species",82,82,929,554,845.626220703125,"1"
"species",83,83,860,886,76.5618057250977,"1"
"species",84,84,1329,452,20.9288349151611,"2"
"species",85,85,938,558,434.030548095703,"1"
"species",86,86,832,1028,77.9810256958008,"1"
"species",87,87,922,711,59.1819381713867,"3"
"species",88,88,933,632,69.2006454467773,"1"
"species",89,89,1070,495,143.900543212891,"2"
"species",90,90,1080,511,128.383529663086,"4"
"species",91,91,1074,497,155.835739135742,"3"
"species",92,92,1089,498,146.596389770508,"2"
"species",93,93,1098,496,173.115921020508,"1"
"species",94,94,1017,532,509.632080078125,"1"
"species",95,95,1070,499,288.309143066406,"2"
"species",96,96,894,593,79.883056640625,"1"
"species",97,97,859,593,84.1681900024414,"1"
"species",98,98,893,620,72.784309387207,"4"
"species",99,99,894,630,75.0208587646484,"4"
"species",100,100,901,660,83.6288299560547,"1"
"species",101,101,872,663,79.6872024536133,"1"
"species",102,102,1022,501,38.7746047973633,"1"
"species",103,103,1023,504,38.1871681213379,"1"
"species",104,104,885,607,83.6338500976562,"4"
"species",105,105,893,605,111.445602416992,"1"
"species",106,106,995,555,226.575698852539,"4"
"species",107,107,1004,519,884.409729003906,"4"
"species",108,108,1027,562,101.09935760498,"1"
"species",109,109,1016,568,124.19694519043,"1"
"species",110,110,1539,596,13.5638847351074,"2"
"species",111,111,1076,480,38.774600982666,"2"
"species",112,112,1767,638,47.2207565307617,"2"
"species",113,113,1087,607,47.1806335449219,"1"
"species",114,114,1625,596,31.6483783721924,"1"
"species",115,115,1550,604,17.1533126831055,"2"
"species",116,116,1539,517,7.99457311630249,"1"
"species",117,117,1538,514,7.99457311630249,"2"
"species",118,118,1479,508,7.99457311630249,"2"
"species",119,119,1028,492,22.6926345825195,"4"
"species",120,120,1786,647,47.2207527160645,"4"
"species",121,121,1477,503,11.0603828430176,"4"
"species",122,122,1537,604,26.6780796051025,"2"
"species",123,123,1150,485,410.988037109375,"4"
"species",124,124,1097,466,88.0344390869141,"1"
"species",125,125,1096,470,64.9709014892578,"2"
"species",126,126,1740,610,11.5878553390503,"2"
"species",127,127,1126,507,103.315734863281,"3"
"species",128,128,952,555,159.741821289062,"4"
"species",129,129,1796,633,47.2207565307617,"4"
"species",130,130,1556,589,13.5638847351074,"2"
"species",131,131,1245,456,69.6078414916992,"4"
"species",132,132,898,587,83.9077835083008,"1"
"species",133,133,960,557,195.198379516602,"4"
"species",134,134,1083,500,150.107208251953,"1"
"species",135,135,893,604,72.4451370239258,"1"
"species",136,136,929,586,83.513069152832,"4"
"species",137,137,1030,569,98.2231369018555,"4"
"species",138,138,1798,638,47.2207565307617,"2"
"species",139,139,1759,633,24.975564956665,"2"
"species",140,140,1108,494,46.1702079772949,"2"
"species",141,141,960,604,159.050857543945,"4"
"species",142,142,1077,487,228.800033569336,"2"
"species",143,143,1044,512,310.038909912109,"1"
"species",144,144,997,544,208.110961914062,"1"
"species",145,145,1039,559,90.0100784301758,"1"
"species",146,146,1074,569,124.207229614258,"4"
"species",147,147,1077,509,142.360275268555,"1"
"species",148,148,935,571,84.4146347045898,"1"
"species",149,149,1108,478,30.9381942749023,"2"
"species",150,150,1069,482,146.261444091797,"2"
"species",151,151,1115,480,57.8004035949707,"2"
"species",152,152,1553,539,8.32851409912109,"4"
"species",153,153,1176,472,684.615844726562,"4"
"species",154,154,1107,475,158.619705200195,"2"
"species",155,155,1106,476,159.741821289062,"2"
"species",156,156,1164,596,268.058135986328,"4"
"species",157,157,1197,518,12.2851095199585,"2"
"species",158,158,1592,584,34.1089019775391,"2"
"species",159,159,1552,621,31.4635143280029,"4"
"species",160,160,1321,557,52.0174293518066,"3"
"species",161,161,1814,645,60.0151519775391,"4"
"species",162,162,1545,561,24.6760349273682,"2"
"species",163,163,1572,576,30.2770385742188,"4"
"species",164,164,891,835,76.5618057250977,"1"
"species",165,165,991,724,44.0877685546875,"1"
"species",166,166,1038,523,332.797729492188,"4"
"species",167,167,1058,473,62.365119934082,"2"
"species",168,168,1060,477,509.75927734375,"3"
"species",169,169,826,1042,77.2446212768555,"1"
"species",170,170,1050,557,90.0100708007812,"1"
"species",171,171,1573,570,30.2770366668701,"4"
"species",172,172,1001,532,271.643859863281,"4"
"species",173,173,1630,625,31.6483783721924,"3"
"species",174,174,1231,452,79.292854309082,"1"
"species",175,175,1050,629,238.961776733398,"4"
"species",176,176,937,543,827.052429199219,"1"
"species",177,177,1437,503,13.8752145767212,"2"
"species",178,178,1544,594,13.5638847351074,"2"
"species",179,179,986,657,94.9552383422852,"4"
"species",180,180,1030,645,55.1219367980957,"3"
"species",181,181,1011,514,168.966522216797,"4"
"species",182,182,1023,493,36.3793296813965,"2"
"species",183,183,826,916,76.5618057250977,"4"
"species",184,184,925,637,69.2006454467773,"4"
"species",185,185,985,499,130.632080078125,"1"
"species",186,186,952,560,240.650283813477,"4"
"species",187,187,1057,565,124.042289733887,"1"
"species",188,188,920,594,313.878051757812,"4"
"species",189,189,987,574,120.405693054199,"1"
"species",190,190,1073,505,35.1086769104004,"2"
"species",191,191,1005,552,62.2483329772949,"1"
"species",192,192,1111,472,62.365119934082,"4"
"species",193,193,907,648,83.6362838745117,"1"
"species",194,194,1051,568,88.8038024902344,"1"
"species",195,195,1120,459,88.0344390869141,"4"
"species",196,196,884,834,76.5618057250977,"1"
"species",197,197,1010,654,55.1219329833984,"1"
"species",198,198,968,704,44.0877685546875,"4"
"species",199,199,870,615,95.7044677734375,"4"
"species",200,200,1057,475,88.0344390869141,"4"
"species",201,201,1038,565,92.1555023193359,"1"
"species",202,202,1142,447,81.9949264526367,"4"
"species",203,203,1057,509,35.1086807250977,"2"
"species",204,204,1033,591,44.0877685546875,"1"
"species",205,205,949,535,86.1483459472656,"1"
"species",206,206,976,600,183.411087036133,"1"
"species",207,207,1766,609,36.4315719604492,"2"
"species",208,208,1798,612,79.7007675170898,"2"
"species",209,209,1338,463,39.9404716491699,"1"
"species",210,210,889,599,83.513069152832,"1"
"species",211,211,1110,507,12.2851085662842,"2"
"species",212,212,1109,464,88.0344390869141,"1"
"species",213,213,1614,553,8.32851409912109,"2"
"species",214,214,1034,565,89.748908996582,"1"
"species",215,215,1078,485,54.6680488586426,"4"
"species",216,216,1097,489,196.37907409668,"5"
"species",217,217,936,759,60.5284652709961,"4"
"species",218,218,1073,509,35.1086807250977,"2"
"species",219,219,900,580,84.4146347045898,"1"
"species",220,220,964,545,159.741821289062,"1"
"species",221,221,938,565,198.090774536133,"1"
"species",222,222,974,608,73.5590972900391,"4"
"species",223,223,1262,474,28.0254764556885,"4"
"species",224,224,1104,574,47.9212760925293,"1"
"species",225,225,990,763,39.7274856567383,"1"
"species",226,226,873,858,76.5618057250977,"1"
"species",227,227,1089,561,47.3731651306152,"1"
"species",228,228,1071,499,146.464599609375,"2"
"species",229,229,1076,473,54.6680526733398,"1"
"species",230,230,1086,538,62.1468391418457,"1"
"species",231,231,1106,474,88.0344390869141,"1"
"species",232,232,991,670,86.853271484375,"1"
"species",233,233,1115,546,48.7409248352051,"1"
"species",234,234,1081,486,54.6680488586426,"1"
"species",235,235,1128,499,66.4852676391602,"1"
"species",236,236,1198,464,80.5115737915039,"1"
"species",237,237,1063,596,129.609710693359,"1"
"species",238,238,1239,454,106.371536254883,"1"
"species",239,239,1509,515,7.99457263946533,"2"
"species",240,240,978,603,71.5932846069336,"1"
"species",241,241,1169,442,931.858154296875,"2"
"species",242,242,1106,576,48.7409210205078,"4"
"species",243,243,1826,613,272.296600341797,"4"
"species",244,244,1509,509,7.99457311630249,"2"
"species",245,245,1038,552,62.2483329772949,"1"
"species",246,246,1222,478,31.4841175079346,"2"
"species",247,247,1168,434,62.1432952880859,"2"
"species",248,248,1165,441,62.1432952880859,"2"
"species",249,249,933,630,153.254180908203,"1"
"species",250,250,1371,442,19.5668869018555,"2"
"species",251,251,920,609,153.234954833984,"1"
"species",252,252,1078,542,4871.93212890625,"5"
"species",253,253,1750,631,12.0262975692749,"4"
"species",254,254,1363,474,69.4097366333008,"4"
"species",255,255,1251,443,8061.51025390625,"5"
"species",256,256,1815,600,108.685287475586,"3"
"species",257,257,1717,622,17.8032131195068,"4"
"species",258,258,1213,447,7595.47021484375,"5"
"species",259,259,1064,499,22.6926345825195,"4"
"species",260,260,895,610,146.653961181641,"1"
"species",261,261,1125,492,281.844116210938,"1"
"species",262,262,1351,464,21.8033542633057,"2"
"species",263,263,1268,488,143.433135986328,"2"
"species",264,264,979,626,188.625381469727,"4"
"species",265,265,1318,550,27.9818267822266,"3"
"species",266,266,1523,507,7.99457311630249,"2"
"species",267,267,1166,435,659.147399902344,"2"
"species",268,268,706,1042,76.5618057250977,"4"
"species",269,269,1227,481,161.637451171875,"2"
"species",270,270,1143,464,62.1432952880859,"2"
"species",271,271,1173,456,104.665092468262,"2"
"species",272,272,1003,1115,77.9810256958008,"4"
"species",273,273,1123,491,192.811157226562,"2"
"species",274,274,1146,455,62.1432991027832,"1"
"species",275,275,1034,488,38.7746047973633,"4"
"species",276,276,1116,468,27.3929615020752,"2"
"species",277,277,1014,500,35.1086807250977,"2"
"species",278,278,1369,456,21.8033542633057,"2"
"species",279,279,1520,559,47.8940200805664,"4"
"species",280,280,1628,600,93.2638244628906,"1"
"species",281,281,1226,469,28.0261344909668,"2"
"species",282,282,926,880,77.9810180664062,"1"
"species",283,283,1040,535,62.2483367919922,"5"
"species",284,284,1804,641,47.2207527160645,"4"
"species",285,285,1370,449,21.8033542633057,"2"
"species",286,286,1343,459,21.8033542633057,"4"
"species",287,287,1477,513,15.3538837432861,"2"
"species",288,288,1170,440,62.1432952880859,"2"
"species",289,289,1529,524,11.3748712539673,"2"
"species",290,290,1631,558,9.53620433807373,"2"
"species",291,291,1647,607,73.7905044555664,"2"
"species",292,292,1683,586,47.5090103149414,"1"
"species",293,293,1105,472,115.217002868652,"1"
"species",294,294,1164,434,62.1432991027832,"4"
"species",295,295,1074,625,627.505310058594,"1"
"species",296,296,1143,574,261.376983642578,"4"
"species",297,297,1625,580,368.515075683594,"2"
"species",298,298,1159,530,56.9762306213379,"1"
"species",299,299,1577,536,8.32851409912109,"4"
"species",300,300,1068,619,188.625381469727,"4"
"species",301,301,1125,475,127.538475036621,"3"
"species",302,302,1059,542,142.866058349609,"1"
"species",303,303,1012,566,195.669525146484,"1"
"species",304,304,1097,552,48.7409248352051,"1"
"species",305,305,870,578,155.333251953125,"4"
"species",306,306,913,607,155.333251953125,"4"
"species",307,307,964,546,234.305709838867,"1"
"species",308,308,1093,613,249.174423217773,"4"
"species",309,309,1101,585,48.7403717041016,"1"
"species",310,310,1028,499,129.354309082031,"1"
"species",311,311,1006,654,55.1219367980957,"1"
"species",312,312,1807,644,79.4317092895508,"2"
"species",313,313,1316,546,14.123140335083,"3"
"species",314,314,1524,558,54.9546585083008,"4"
"species",315,315,1605,633,31.648380279541,"4"
"species",316,316,1268,524,12.2851085662842,"3"
"species",317,317,1144,503,285.836822509766,"5"
"species",318,318,1021,570,124.098052978516,"1"
"species",319,319,928,577,188.271255493164,"4"
"species",320,320,1092,528,122.927871704102,"1"
"species",321,321,906,712,69.1455078125,"4"
"species",322,322,1078,544,4871.93212890625,"5"
"species",323,323,897,598,135.272064208984,"4"
"species",324,324,992,532,86.1829147338867,"4"
"species",325,325,1603,587,348.498840332031,"2"
"species",326,326,1494,517,7.99457311630249,"2"
"species",327,327,1099,486,296.967590332031,"5"
"species",328,328,1824,614,87.8582992553711,"4"
"species",329,329,1453,493,9.269850730896,"2"
"species",330,330,960,607,73.5593872070312,"1"
"species",331,331,966,701,61.507926940918,"4"
