"species","x","y","bio4","bio16","gpw2000_30_sec","simplelc2000"
"species",1,1,1509,509,7.99457311630249,"2"
"species",2,2,1204,451,2382.44482421875,"5"
"species",3,3,1153,431,722.71435546875,"4"
"species",4,4,883,586,82.5017166137695,"1"
"species",5,5,1202,424,2584.28857421875,"5"
"species",6,6,959,546,266.476287841797,"1"
"species",7,7,1176,490,12.2851085662842,"2"
"species",8,8,1642,565,56.4491729736328,"4"
"species",9,9,1583,573,45.3161163330078,"4"
"species",10,10,1183,449,1043.12109375,"5"
"species",11,11,1517,514,7.99457311630249,"2"
"species",12,12,1063,522,122.927871704102,"4"
"species",13,13,1083,576,183.593200683594,"1"
"species",14,14,1329,464,21.8033542633057,"4"
"species",15,15,1261,485,149.038482666016,"2"
"species",16,16,1804,641,47.2207527160645,"4"
"species",17,17,1061,492,146.464599609375,"3"
"species",18,18,1213,447,7595.47021484375,"5"
"species",19,19,1361,477,125.834373474121,"2"
"species",20,20,1382,439,21.6681728363037,"2"
"species",21,21,1222,478,31.4841175079346,"2"
"species",22,22,1478,502,8.32851409912109,"2"
"species",23,23,1546,562,30.5128440856934,"2"
"species",24,24,1043,528,192.811157226562,"2"
"species",25,25,1333,472,62.169319152832,"4"
"species",26,26,938,561,97.0738906860352,"1"
"species",27,27,1371,442,19.5668869018555,"2"
"species",28,28,1383,476,64.6427383422852,"4"
"species",29,29,1365,445,14.2677574157715,"2"
"species",30,30,1625,576,368.515075683594,"5"
"species",31,31,1042,674,374.790893554688,"4"
"species",32,32,1326,489,39.9404716491699,"2"
"species",33,33,1178,440,2465.0966796875,"5"
"species",34,34,1343,459,21.8033542633057,"4"
"species",35,35,1146,455,62.1432991027832,"1"
"species",36,36,1529,521,7.99457311630249,"2"
"species",37,37,1191,447,5515.67724609375,"5"
"species",38,38,1171,442,62.1432991027832,"4"
"species",39,39,1500,513,7.99457311630249,"2"
"species",40,40,1115,487,345.755889892578,"4"
"species",41,41,1365,475,64.6427383422852,"2"
"species",42,42,1057,505,155.835739135742,"1"
"species",43,43,1064,506,137.249862670898,"1"
"species",44,44,1203,468,159.563064575195,"4"
"species",45,45,1538,514,7.99457311630249,"2"
"species",46,46,1432,502,16.1109504699707,"2"
"species",47,47,1491,503,7.99457311630249,"2"
"species",48,48,1556,564,22.4365329742432,"2"
"species",49,49,1553,570,30.2770385742188,"4"
"species",50,50,1541,521,7.99457311630249,"2"
"species",51,51,1284,477,164.049240112305,"2"
"species",52,52,1237,459,64.6427307128906,"4"
"species",53,53,1245,456,69.6078414916992,"4"
"species",54,54,1354,487,21.7184925079346,"2"
"species",55,55,1209,471,127.015380859375,"4"
"species",56,56,1329,452,20.9288349151611,"2"
"species",57,57,1096,470,64.9709014892578,"2"
"species",58,58,1342,464,41.5667114257812,"2"
"species",59,59,1326,486,39.9404716491699,"2"
"species",60,60,892,602,83.5130767822266,"1"
"species",61,61,1386,464,21.8033542633057,"2"
"species",62,62,1080,511,128.383529663086,"4"
"species",63,63,1421,504,16.0943336486816,"2"
"species",64,64,1107,474,70.8868255615234,"2"
"species",65,65,935,562,84.4146347045898,"1"
"species",66,66,1799,614,36.4315757751465,"2"
"species",67,67,1762,602,23.9018096923828,"2"
"species",68,68,1522,544,15.3538827896118,"2"
"species",69,69,1520,562,54.9546585083008,"4"
"species",70,70,1558,564,19.6327610015869,"4"
"species",71,71,1106,476,159.741821289062,"2"
"species",72,72,1557,524,8.32851314544678,"2"
"species",73,73,1289,476,164.26042175293,"4"
"species",74,74,1607,599,31.648380279541,"2"
"species",75,75,1556,622,31.6483783721924,"2"
"species",76,76,1200,451,81.985107421875,"1"
"species",77,77,1198,497,12.2851085662842,"2"
"species",78,78,1594,581,30.2770385742188,"2"
"species",79,79,1796,633,47.2207565307617,"4"
"species",80,80,1798,638,47.2207565307617,"2"
"species",81,81,1544,594,13.5638847351074,"2"
"species",82,82,1106,505,17.3878040313721,"2"
"species",83,83,1039,502,262.848358154297,"4"
"species",84,84,919,568,84.4146347045898,"1"
"species",85,85,1048,495,146.563049316406,"3"
"species",86,86,1141,496,15.5990715026855,"2"
"species",87,87,1543,617,31.6483783721924,"2"
"species",88,88,1625,596,31.6483783721924,"1"
"species",89,89,1641,601,31.6483783721924,"4"
"species",90,90,1537,604,26.6780796051025,"2"
"species",91,91,1525,512,8.32851409912109,"2"
"species",92,92,1539,517,7.99457311630249,"1"
"species",93,93,1507,509,7.99457311630249,"2"
"species",94,94,1782,623,24.3189544677734,"2"
"species",95,95,1791,635,47.2207565307617,"2"
"species",96,96,1042,498,23.6892395019531,"1"
"species",97,97,1809,641,47.2207527160645,"4"
"species",98,98,1786,647,47.2207527160645,"4"
"species",99,99,1778,612,33.1794281005859,"2"
"species",100,100,1482,502,8.0025110244751,"2"
"species",101,101,1477,503,11.0603828430176,"4"
"species",102,102,1471,505,15.351731300354,"2"
"species",103,103,1863,661,28.7210865020752,"2"
"species",104,104,1335,566,37.4480628967285,"2"
"species",105,105,1108,494,46.1702079772949,"2"
"species",106,106,1121,457,105.932487487793,"1"
"species",107,107,1437,503,13.8752145767212,"2"
"species",108,108,1552,621,31.4635143280029,"4"
"species",109,109,1573,570,30.2770366668701,"4"
"species",110,110,1299,548,39.3066482543945,"3"
"species",111,111,1767,638,47.2207565307617,"2"
"species",112,112,1197,518,12.2851095199585,"2"
"species",113,113,1106,480,267.508117675781,"2"
"species",114,114,1126,472,70.8868255615234,"2"
"species",115,115,1023,504,38.1871681213379,"1"
"species",116,116,938,544,84.4146347045898,"1"
"species",117,117,1572,576,30.2770385742188,"4"
"species",118,118,1556,589,13.5638847351074,"2"
"species",119,119,1587,626,30.1923217773438,"4"
"species",120,120,1748,607,16.5530033111572,"2"
"species",121,121,1222,464,146.987838745117,"4"
"species",122,122,1545,519,8.32851409912109,"2"
"species",123,123,1530,622,31.648380279541,"2"
"species",124,124,1740,610,11.5878553390503,"2"
"species",125,125,1607,595,31.6483783721924,"2"
"species",126,126,1478,503,8.22598171234131,"2"
"species",127,127,1766,609,36.4315719604492,"2"
"species",128,128,1091,601,47.1806297302246,"4"
"species",129,129,1050,557,90.0100708007812,"1"
"species",130,130,935,571,84.4146347045898,"1"
"species",131,131,1121,504,148.542556762695,"3"
"species",132,132,1024,505,174.73420715332,"3"
"species",133,133,1553,539,8.32851409912109,"4"
"species",134,134,1315,555,29.3296756744385,"2"
"species",135,135,1592,584,34.1089019775391,"2"
"species",136,136,1197,434,7641.16357421875,"5"
"species",137,137,1330,485,27.281063079834,"6"
"species",138,138,1744,619,17.7944240570068,"2"
"species",139,139,1077,487,228.800033569336,"2"
"species",140,140,1545,561,24.6760349273682,"2"
"species",141,141,1814,645,60.0151519775391,"4"
"species",142,142,1231,452,79.292854309082,"1"
"species",143,143,1528,561,54.9546585083008,"5"
"species",144,144,1108,478,30.9381942749023,"2"
"species",145,145,1174,515,12.2851085662842,"2"
"species",146,146,1369,455,21.8033542633057,"1"
"species",147,147,1174,510,55.0739784240723,"4"
"species",148,148,1185,456,65.3426971435547,"4"
"species",149,149,1076,480,38.774600982666,"2"
"species",150,150,1545,531,8.32851409912109,"2"
"species",151,151,1414,454,9.26984977722168,"2"
"species",152,152,1067,499,35.1086769104004,"3"
"species",153,153,922,569,84.4146347045898,"1"
"species",154,154,884,834,76.5618057250977,"1"
"species",155,155,1405,493,15.6472902297974,"2"
"species",156,156,1831,605,187.033157348633,"2"
"species",157,157,1714,620,17.7944240570068,"2"
"species",158,158,1756,607,23.9018096923828,"2"
"species",159,159,1779,634,47.2207565307617,"4"
"species",160,160,1782,641,47.2207565307617,"4"
"species",161,161,1097,466,88.0344390869141,"1"
"species",162,162,1798,612,79.7007675170898,"2"
"species",163,163,1110,469,78.8164749145508,"2"
"species",164,164,985,499,130.632080078125,"1"
"species",165,165,1216,467,61.9662437438965,"4"
"species",166,166,1120,459,88.0344390869141,"4"
"species",167,167,1023,493,36.3793296813965,"2"
"species",168,168,1550,524,8.32851409912109,"4"
"species",169,169,1529,512,8.32851314544678,"2"
"species",170,170,1372,463,21.8033542633057,"2"
"species",171,171,1111,472,62.365119934082,"4"
"species",172,172,892,568,83.7335510253906,"1"
"species",173,173,1777,643,47.2207527160645,"4"
"species",174,174,893,604,72.4451370239258,"1"
"species",175,175,1618,556,45.9121856689453,"4"
"species",176,176,1342,486,16.1109504699707,"2"
"species",177,177,1784,641,47.2207565307617,"4"
"species",178,178,945,553,90.1486434936523,"1"
"species",179,179,881,653,72.5464324951172,"1"
"species",180,180,869,552,86.1257553100586,"4"
"species",181,181,1010,654,55.1219329833984,"1"
"species",182,182,1362,455,21.8033542633057,"4"
"species",183,183,1044,592,129.228149414062,"4"
"species",184,184,1142,447,81.9949264526367,"4"
"species",185,185,893,605,111.445602416992,"1"
"species",186,186,1351,571,59.3752670288086,"4"
"species",187,187,1338,463,39.9404716491699,"1"
"species",188,188,1644,633,31.6483783721924,"4"
"species",189,189,1337,481,16.1109504699707,"2"
"species",190,190,1592,552,8.32851409912109,"4"
"species",191,191,1038,523,332.797729492188,"4"
"species",192,192,1109,464,88.0344390869141,"1"
"species",193,193,1799,614,104.430213928223,"2"
"species",194,194,1132,459,62.1432952880859,"2"
"species",195,195,1314,554,51.1525650024414,"3"
"species",196,196,1097,489,196.37907409668,"5"
"species",197,197,1596,582,30.7580738067627,"2"
"species",198,198,1530,532,14.5286293029785,"2"
"species",199,199,1076,473,54.6680526733398,"1"
"species",200,200,1106,474,88.0344390869141,"1"
"species",201,201,1274,497,39.9404716491699,"2"
"species",202,202,1115,546,48.7409248352051,"1"
"species",203,203,1351,478,16.1109504699707,"2"
"species",204,204,1198,464,80.5115737915039,"1"
"species",205,205,1063,596,129.609710693359,"1"
"species",206,206,1239,454,106.371536254883,"1"
"species",207,207,1356,474,69.3124694824219,"4"
"species",208,208,1018,502,101.425010681152,"3"
"species",209,209,1388,454,21.803352355957,"4"
"species",210,210,1362,442,10.410608291626,"2"
"species",211,211,1367,456,27.5398216247559,"2"
"species",212,212,1173,456,104.665092468262,"2"
"species",213,213,1311,474,39.9404716491699,"2"
"species",214,214,1536,527,8.32851314544678,"2"
"species",215,215,1549,533,8.32851409912109,"4"
"species",216,216,1165,441,62.1432952880859,"2"
"species",217,217,1370,449,21.8033542633057,"2"
"species",218,218,1490,551,15.3538837432861,"2"
"species",219,219,1647,606,13.2312936782837,"2"
"species",220,220,1467,511,15.3538837432861,"2"
"species",221,221,1611,579,45.3161163330078,"2"
"species",222,222,1523,507,7.99457311630249,"2"
"species",223,223,1702,585,47.5090103149414,"4"
"species",224,224,1107,475,158.619705200195,"2"
"species",225,225,1170,453,83.1051940917969,"1"
"species",226,226,1351,574,13.5638847351074,"4"
"species",227,227,1318,550,27.9818267822266,"3"
"species",228,228,1485,494,7.99457311630249,"4"
"species",229,229,1605,633,31.648380279541,"4"
"species",230,230,1598,621,93.2638168334961,"2"
"species",231,231,1614,590,86.8862838745117,"2"
"species",232,232,1581,559,14.0853967666626,"2"
"species",233,233,1603,587,348.498840332031,"2"
"species",234,234,1049,509,155.835739135742,"3"
"species",235,235,1683,586,47.5090103149414,"1"
"species",236,236,1329,463,21.8033542633057,"4"
"species",237,237,1309,534,20.4771404266357,"2"
"species",238,238,1010,499,112.895240783691,"5"
"species",239,239,1308,456,21.8033542633057,"2"
"species",240,240,1188,493,12.2851085662842,"3"
"species",241,241,1640,623,17.8472785949707,"2"
"species",242,242,1125,467,71.1256561279297,"2"
"species",243,243,1475,506,8.32851314544678,"2"
"species",244,244,1119,479,27.3929615020752,"2"
"species",245,245,1779,626,11.5878553390503,"1"
"species",246,246,1605,629,29.4081115722656,"4"
"species",247,247,1524,558,54.9546585083008,"4"
"species",248,248,1777,644,47.2207565307617,"4"
"species",249,249,1268,488,143.433135986328,"2"
"species",250,250,1527,568,42.7215576171875,"4"
"species",251,251,1645,554,45.5455169677734,"4"
"species",252,252,1792,617,23.9018096923828,"2"
"species",253,253,1699,602,47.5090103149414,"2"
"species",254,254,1477,513,15.3538837432861,"2"
"species",255,255,1170,440,62.1432952880859,"2"
"species",256,256,1529,524,11.3748712539673,"2"
"species",257,257,1631,558,9.53620433807373,"2"
"species",258,258,1647,607,73.7905044555664,"2"
"species",259,259,1627,608,31.6483783721924,"2"
"species",260,260,1369,456,21.8033542633057,"2"
"species",261,261,1117,478,143.299713134766,"1"
"species",262,262,1251,443,8061.51025390625,"5"
"species",263,263,935,555,101.111183166504,"1"
"species",264,264,1040,508,155.835739135742,"4"
"species",265,265,1103,496,174.172302246094,"4"
"species",266,266,1210,438,8061.51025390625,"5"
"species",267,267,873,858,76.5618057250977,"1"
"species",268,268,1040,535,62.2483367919922,"5"
"species",269,269,1085,496,181.311569213867,"4"
"species",270,270,973,528,101.425018310547,"1"
"species",271,271,1135,544,59.2672119140625,"4"
"species",272,272,1844,617,45.2908706665039,"4"
"species",273,273,1097,490,173.278228759766,"1"
"species",274,274,1236,519,55.0739784240723,"3"
"species",275,275,1169,455,119.058074951172,"4"
"species",276,276,1385,459,9.66579723358154,"2"
"species",277,277,1574,538,8.32851314544678,"2"
"species",278,278,1146,500,192.811157226562,"5"
"species",279,279,1116,468,27.3929615020752,"2"
"species",280,280,1125,492,281.844116210938,"1"
"species",281,281,1635,575,368.515075683594,"5"
"species",282,282,1283,543,56.3692817687988,"3"
"species",283,283,1608,617,31.6483783721924,"4"
"species",284,284,1339,454,90.6621017456055,"4"
"species",285,285,1818,626,123.158958435059,"2"
"species",286,286,1220,457,140.540374755859,"2"
"species",287,287,1333,626,29.3296756744385,"1"
"species",288,288,1192,460,104.665092468262,"3"
"species",289,289,1482,523,15.3538837432861,"2"
"species",290,290,1226,469,28.0261344909668,"2"
"species",291,291,1480,535,15.3538837432861,"2"
"species",292,292,1577,536,8.32851409912109,"4"
"species",293,293,1473,510,14.3602733612061,"4"
"species",294,294,1337,453,91.0330429077148,"2"
"species",295,295,1461,572,13.5638847351074,"2"
"species",296,296,1520,512,7.99457311630249,"2"
"species",297,297,1058,497,109.22191619873,"1"
"species",298,298,1064,499,22.6926345825195,"4"
"species",299,299,1815,600,108.685287475586,"3"
"species",300,300,1593,585,315.889343261719,"4"
"species",301,301,1482,516,8.01048278808594,"2"
"species",302,302,1639,583,47.5090103149414,"4"
"species",303,303,1499,516,7.99457311630249,"2"
"species",304,304,1313,485,42.1458206176758,"2"
"species",305,305,1532,560,45.8973770141602,"2"
