"species","x","y","bio4","bio16","gpw2000_30_sec","simplelc2000"
"species",1,1,1061,492,146.464599609375,"3"
"species",2,2,990,530,283.663452148438,"4"
"species",3,3,1153,431,722.71435546875,"4"
"species",4,4,1357,452,10.6904935836792,"2"
"species",5,5,883,586,82.5017166137695,"1"
"species",6,6,1356,474,69.3124694824219,"4"
"species",7,7,1078,544,4871.93212890625,"5"
"species",8,8,1016,497,333.760406494141,"1"
"species",9,9,1059,508,127.341445922852,"4"
"species",10,10,1143,574,261.376983642578,"4"
"species",11,11,1013,552,531.619750976562,"5"
"species",12,12,1063,522,122.927871704102,"4"
"species",13,13,943,602,120.175727844238,"4"
"species",14,14,966,542,159.209167480469,"4"
"species",15,15,926,603,155.333251953125,"1"
"species",16,16,950,708,69.2006454467773,"1"
"species",17,17,1000,594,264.156219482422,"1"
"species",18,18,1052,563,263.471435546875,"1"
"species",19,19,1100,587,188.625381469727,"4"
"species",20,20,895,610,146.653961181641,"1"
"species",21,21,919,598,102.726890563965,"4"
"species",22,22,1200,469,803.260070800781,"2"
"species",23,23,771,1043,76.5618057250977,"2"
"species",24,24,1191,447,5515.67724609375,"5"
"species",25,25,1075,561,95.0469284057617,"4"
"species",26,26,1141,507,192.811157226562,"2"
"species",27,27,929,606,155.193725585938,"4"
"species",28,28,1621,575,368.515045166016,"4"
"species",29,29,1045,544,96.8656921386719,"1"
"species",30,30,1204,451,2382.44482421875,"5"
"species",31,31,1070,545,4781.9638671875,"5"
"species",32,32,892,592,84.3945083618164,"1"
"species",33,33,1060,476,64.4457702636719,"2"
"species",34,34,1222,478,31.4841175079346,"2"
"species",35,35,1072,621,1064.81335449219,"4"
"species",36,36,1115,487,345.755889892578,"4"
"species",37,37,1241,470,164.26042175293,"2"
"species",38,38,1509,509,7.99457311630249,"2"
"species",39,39,1176,490,12.2851085662842,"2"
"species",40,40,1099,464,79.6243286132812,"1"
"species",41,41,900,1016,77.9810180664062,"1"
"species",42,42,1642,565,56.4491729736328,"4"
"species",43,43,1125,492,281.844116210938,"1"
"species",44,44,962,716,50.7844047546387,"1"
"species",45,45,1027,669,200.216644287109,"4"
"species",46,46,952,565,127.936836242676,"1"
"species",47,47,1117,478,143.299713134766,"1"
"species",48,48,1103,496,174.172302246094,"4"
"species",49,49,1169,442,931.858154296875,"2"
"species",50,50,1028,546,224.358245849609,"1"
"species",51,51,954,572,83.513069152832,"1"
"species",52,52,931,612,83.6362762451172,"1"
"species",53,53,1059,473,62.3651161193848,"5"
"species",54,54,942,940,77.9810180664062,"1"
"species",55,55,1804,641,47.2207527160645,"4"
"species",56,56,1162,466,926.984252929688,"2"
"species",57,57,1163,489,647.445556640625,"1"
"species",58,58,930,579,192.635498046875,"4"
"species",59,59,997,577,222.451919555664,"4"
"species",60,60,1010,499,112.895240783691,"5"
"species",61,61,1034,632,122.235809326172,"4"
"species",62,62,1178,440,2465.0966796875,"5"
"species",63,63,1005,563,178.737686157227,"4"
"species",64,64,885,577,155.333251953125,"4"
"species",65,65,1096,495,173.278213500977,"1"
"species",66,66,1080,549,96.8656921386719,"1"
"species",67,67,935,555,101.111183166504,"1"
"species",68,68,1026,495,134.922729492188,"4"
"species",69,69,1329,464,21.8033542633057,"4"
"species",70,70,1340,484,164.26042175293,"2"
"species",71,71,1298,582,29.31325340271,"1"
"species",72,72,1013,484,130.632064819336,"2"
"species",73,73,959,546,266.476287841797,"1"
"species",74,74,1296,453,90.69287109375,"2"
"species",75,75,1383,476,64.6427383422852,"4"
"species",76,76,1038,552,62.2483329772949,"1"
"species",77,77,980,676,97.1699905395508,"3"
"species",78,78,1333,626,29.3296756744385,"1"
"species",79,79,1040,508,155.835739135742,"4"
"species",80,80,989,496,469.486389160156,"4"
"species",81,81,1239,456,93.0460815429688,"4"
"species",82,82,984,547,266.476287841797,"5"
"species",83,83,999,763,176.495590209961,"4"
"species",84,84,881,592,141.79670715332,"1"
"species",85,85,1367,479,111.174736022949,"2"
"species",86,86,924,610,155.333251953125,"1"
"species",87,87,1361,477,125.834373474121,"2"
"species",88,88,1171,442,62.1432991027832,"4"
"species",89,89,912,613,146.653961181641,"1"
"species",90,90,951,555,248.258056640625,"4"
"species",91,91,1546,562,30.5128440856934,"2"
"species",92,92,1043,528,192.811157226562,"2"
"species",93,93,1006,619,73.5313034057617,"1"
"species",94,94,1517,514,7.99457311630249,"2"
"species",95,95,919,550,160.944412231445,"1"
"species",96,96,955,556,264.542755126953,"4"
"species",97,97,1035,657,248.812072753906,"4"
"species",98,98,1056,521,109.755096435547,"4"
"species",99,99,1227,481,161.637451171875,"2"
"species",100,100,936,559,178.660491943359,"4"
"species",101,101,1094,486,137.720108032227,"2"
"species",102,102,1206,502,12.2851085662842,"2"
"species",103,103,1371,442,19.5668869018555,"2"
"species",104,104,1485,530,15.3538837432861,"4"
"species",105,105,854,601,153.254180908203,"5"
"species",106,106,1370,449,21.8033542633057,"2"
"species",107,107,1083,576,183.593200683594,"1"
"species",108,108,1272,501,39.9404716491699,"2"
"species",109,109,1146,455,62.1432991027832,"1"
"species",110,110,1334,473,64.6427307128906,"4"
"species",111,111,1365,475,64.6427383422852,"2"
"species",112,112,789,1026,76.6122817993164,"4"
"species",113,113,964,546,234.305709838867,"1"
"species",114,114,1216,461,107.314193725586,"1"
"species",115,115,1109,529,219.839935302734,"1"
"species",116,116,1102,498,173.043045043945,"4"
"species",117,117,949,723,69.1341400146484,"1"
"species",118,118,1176,431,1164.94055175781,"2"
"species",119,119,1252,479,164.26042175293,"4"
"species",120,120,908,598,114.025398254395,"4"
"species",121,121,1483,495,7.99457311630249,"2"
"species",122,122,1061,473,62.365119934082,"2"
"species",123,123,942,562,99.3551406860352,"1"
"species",124,124,1106,576,48.7409210205078,"4"
"species",125,125,1290,491,47.1303863525391,"2"
"species",126,126,1065,578,96.8656921386719,"1"
"species",127,127,928,577,188.271255493164,"4"
"species",128,128,925,580,183.14533996582,"1"
"species",129,129,1313,473,70.8796997070312,"2"
"species",130,130,1529,521,7.99457311630249,"2"
"species",131,131,1213,447,7595.47021484375,"5"
"species",132,132,1369,456,21.8033542633057,"2"
"species",133,133,1143,464,1007.06805419922,"4"
"species",134,134,1118,548,123.324485778809,"4"
"species",135,135,937,595,167.163467407227,"1"
"species",136,136,1326,489,39.9404716491699,"2"
"species",137,137,1068,494,173.278228759766,"4"
"species",138,138,1069,541,3867.49389648438,"4"
"species",139,139,987,574,120.405693054199,"1"
"species",140,140,1332,489,71.7386245727539,"1"
"species",141,141,1040,573,124.207229614258,"1"
"species",142,142,1109,464,88.0344390869141,"1"
"species",143,143,1485,494,7.99457311630249,"4"
"species",144,144,1201,494,12.2851085662842,"2"
"species",145,145,1078,542,4871.93212890625,"5"
"species",146,146,841,891,59.1819381713867,"4"
"species",147,147,1483,524,15.2950458526611,"2"
"species",148,148,1273,454,21.803352355957,"2"
"species",149,149,1018,549,1828.87744140625,"4"
"species",150,150,1048,674,38.5946502685547,"1"
"species",151,151,1092,604,129.609710693359,"4"
"species",152,152,988,540,133.009780883789,"1"
"species",153,153,1303,499,48.3470115661621,"2"
"species",154,154,992,672,97.1699905395508,"4"
"species",155,155,1171,458,142.400497436523,"1"
"species",156,156,929,580,104.814964294434,"1"
"species",157,157,1052,528,618.718444824219,"4"
"species",158,158,1508,508,7.99457311630249,"2"
"species",159,159,1197,492,12.2851085662842,"4"
"species",160,160,1120,459,88.0344390869141,"4"
"species",161,161,961,606,158.039993286133,"4"
"species",162,162,935,571,84.4146347045898,"1"
"species",163,163,1038,523,332.797729492188,"4"
"species",164,164,1203,468,159.563064575195,"4"
"species",165,165,913,562,602.742553710938,"1"
"species",166,166,1538,514,7.99457311630249,"2"
"species",167,167,1100,602,47.1806297302246,"1"
"species",168,168,1070,499,288.309143066406,"2"
"species",169,169,1174,466,57.9572639465332,"1"
"species",170,170,1556,564,22.4365329742432,"2"
"species",171,171,924,578,201.977874755859,"5"
"species",172,172,1027,550,79.0863571166992,"4"
"species",173,173,898,587,83.9077835083008,"1"
"species",174,174,898,623,73.2598342895508,"1"
"species",175,175,860,886,76.5618057250977,"1"
"species",176,176,1541,521,7.99457311630249,"2"
"species",177,177,1181,461,150.268447875977,"1"
"species",178,178,1237,459,64.6427307128906,"4"
"species",179,179,1216,467,61.9662437438965,"4"
"species",180,180,1087,607,47.1806335449219,"1"
"species",181,181,1369,455,21.8033542633057,"1"
"species",182,182,1063,476,62.365119934082,"4"
"species",183,183,1110,469,78.8164749145508,"2"
"species",184,184,1340,455,19.4944667816162,"2"
"species",185,185,1257,476,164.26042175293,"2"
"species",186,186,1110,471,67.9299163818359,"2"
"species",187,187,1209,471,127.015380859375,"4"
"species",188,188,1184,451,81.985107421875,"1"
"species",189,189,1302,552,29.3296756744385,"1"
"species",190,190,1342,464,41.5667114257812,"2"
"species",191,191,1326,486,39.9404716491699,"2"
"species",192,192,1135,452,83.8956146240234,"1"
"species",193,193,1143,454,82.9152374267578,"4"
"species",194,194,1158,462,73.7972106933594,"1"
"species",195,195,892,602,83.5130767822266,"1"
"species",196,196,1386,464,21.8033542633057,"2"
"species",197,197,893,620,72.784309387207,"4"
"species",198,198,836,897,64.5519256591797,"1"
"species",199,199,1111,469,106.265213012695,"1"
"species",200,200,974,608,73.5590972900391,"4"
"species",201,201,893,604,72.4451370239258,"1"
"species",202,202,1139,469,66.9710540771484,"1"
"species",203,203,1080,511,128.383529663086,"4"
"species",204,204,1170,453,83.1051940917969,"1"
"species",205,205,1077,487,228.800033569336,"2"
"species",206,206,1421,504,16.0943336486816,"2"
"species",207,207,1107,474,70.8868255615234,"2"
"species",208,208,935,562,84.4146347045898,"1"
"species",209,209,907,648,83.6362838745117,"1"
"species",210,210,1114,509,64.1746139526367,"1"
"species",211,211,1799,614,36.4315757751465,"2"
"species",212,212,929,586,83.513069152832,"4"
"species",213,213,1769,630,47.1974945068359,"2"
"species",214,214,1108,494,46.1702079772949,"2"
"species",215,215,1314,554,51.1525650024414,"3"
"species",216,216,1762,602,23.9018096923828,"2"
"species",217,217,1522,544,15.3538827896118,"2"
"species",218,218,1703,592,45.601921081543,"2"
"species",219,219,1588,543,7.99457311630249,"1"
"species",220,220,1520,562,54.9546585083008,"4"
"species",221,221,1558,564,19.6327610015869,"4"
"species",222,222,1106,476,159.741821289062,"2"
"species",223,223,1557,524,8.32851314544678,"2"
"species",224,224,1289,476,164.26042175293,"4"
"species",225,225,1607,599,31.648380279541,"2"
"species",226,226,1556,622,31.6483783721924,"2"
"species",227,227,1814,645,60.0151519775391,"4"
"species",228,228,1200,451,81.985107421875,"1"
"species",229,229,1198,497,12.2851085662842,"2"
"species",230,230,1594,581,30.2770385742188,"2"
"species",231,231,1796,633,47.2207565307617,"4"
"species",232,232,1066,498,173.278213500977,"4"
"species",233,233,1798,638,47.2207565307617,"2"
"species",234,234,891,835,76.5618057250977,"1"
"species",235,235,1022,501,38.7746047973633,"1"
"species",236,236,919,568,84.4146347045898,"1"
"species",237,237,1315,555,29.3296756744385,"2"
"species",238,238,960,604,159.050857543945,"4"
"species",239,239,1076,480,38.774600982666,"2"
"species",240,240,1568,572,30.2770366668701,"4"
"species",241,241,930,551,84.4146347045898,"1"
"species",242,242,1126,472,70.8868255615234,"2"
"species",243,243,1106,505,17.3878040313721,"2"
"species",244,244,922,711,59.1819381713867,"3"
"species",245,245,933,708,69.2006530761719,"4"
"species",246,246,1151,458,62.9567565917969,"2"
"species",247,247,1486,493,7.99462604522705,"1"
"species",248,248,1096,485,135.565780639648,"2"
"species",249,249,1500,516,13.2728681564331,"2"
"species",250,250,803,924,76.5618057250977,"4"
"species",251,251,1077,509,142.360275268555,"1"
"species",252,252,938,558,434.030548095703,"1"
"species",253,253,832,1028,77.9810256958008,"1"
"species",254,254,933,632,69.2006454467773,"1"
"species",255,255,1070,495,143.900543212891,"2"
"species",256,256,1074,497,155.835739135742,"3"
"species",257,257,1048,495,146.563049316406,"3"
"species",258,258,1098,496,173.115921020508,"1"
"species",259,259,1017,532,509.632080078125,"1"
"species",260,260,894,593,79.883056640625,"1"
"species",261,261,859,593,84.1681900024414,"1"
"species",262,262,894,630,75.0208587646484,"4"
"species",263,263,899,607,72.4451370239258,"1"
"species",264,264,909,635,83.6362762451172,"4"
"species",265,265,901,660,83.6288299560547,"1"
"species",266,266,872,663,79.6872024536133,"1"
"species",267,267,1019,494,38.774600982666,"4"
"species",268,268,1023,504,38.1871681213379,"1"
"species",269,269,885,607,83.6338500976562,"4"
"species",270,270,893,605,111.445602416992,"1"
"species",271,271,995,555,226.575698852539,"4"
"species",272,272,1004,519,884.409729003906,"4"
"species",273,273,1016,568,124.19694519043,"1"
"species",274,274,960,546,738.201599121094,"1"
"species",275,275,1552,621,31.4635143280029,"4"
"species",276,276,1543,617,31.6483783721924,"2"
"species",277,277,1625,596,31.6483783721924,"1"
"species",278,278,1641,601,31.6483783721924,"4"
"species",279,279,1537,604,26.6780796051025,"2"
"species",280,280,1525,512,8.32851409912109,"2"
"species",281,281,1539,517,7.99457311630249,"1"
"species",282,282,1507,509,7.99457311630249,"2"
"species",283,283,1479,508,7.99457311630249,"2"
"species",284,284,1791,635,47.2207565307617,"2"
"species",285,285,1803,643,47.2207565307617,"2"
"species",286,286,1028,492,22.6926345825195,"4"
"species",287,287,1804,641,47.2207565307617,"2"
"species",288,288,1809,641,47.2207527160645,"4"
"species",289,289,1840,613,138.096252441406,"4"
"species",290,290,1800,645,47.2207527160645,"2"
"species",291,291,1798,612,79.7007675170898,"2"
"species",292,292,1778,612,33.1794281005859,"2"
"species",293,293,1783,641,47.2207527160645,"4"
"species",294,294,1471,505,15.351731300354,"2"
"species",295,295,1477,503,11.0603828430176,"4"
"species",296,296,1700,601,23.9018096923828,"2"
"species",297,297,1711,599,23.9018096923828,"2"
"species",298,298,1490,509,8.02015399932861,"2"
"species",299,299,1863,661,28.7210865020752,"2"
"species",300,300,1335,566,37.4480628967285,"2"
"species",301,301,1121,457,105.932487487793,"1"
"species",302,302,1437,503,13.8752145767212,"2"
"species",303,303,1573,570,30.2770366668701,"4"
"species",304,304,1299,548,39.3066482543945,"3"
"species",305,305,1767,638,47.2207565307617,"2"
"species",306,306,1544,594,13.5638847351074,"2"
"species",307,307,1197,518,12.2851095199585,"2"
"species",308,308,1106,480,267.508117675781,"2"
"species",309,309,938,544,84.4146347045898,"1"
"species",310,310,1572,576,30.2770385742188,"4"
"species",311,311,883,605,83.513069152832,"4"
"species",312,312,979,620,73.5593795776367,"1"
"species",313,313,930,728,69.2006530761719,"1"
"species",314,314,900,580,84.4146347045898,"1"
"species",315,315,1051,482,99.9957809448242,"1"
"species",316,316,928,757,66.4790725708008,"1"
"species",317,317,943,721,69.1540679931641,"1"
"species",318,318,934,755,59.1819343566895,"1"
"species",319,319,809,938,76.5618057250977,"1"
"species",320,320,1836,605,187.033157348633,"2"
"species",321,321,1478,503,8.22598171234131,"2"
"species",322,322,1556,589,13.5638847351074,"2"
"species",323,323,964,599,155.333251953125,"1"
"species",324,324,1041,506,181.875259399414,"4"
"species",325,325,966,547,158.686813354492,"4"
"species",326,326,1096,606,129.609710693359,"4"
"species",327,327,1150,485,410.988037109375,"4"
"species",328,328,1025,623,72.7703094482422,"4"
"species",329,329,1005,553,64.0821533203125,"4"
"species",330,330,1025,648,238.961791992188,"5"
"species",331,331,1405,493,15.6472902297974,"2"
"species",332,332,1068,488,377.425994873047,"4"
"species",333,333,1164,596,268.058135986328,"4"
"species",334,334,870,615,95.7044677734375,"4"
"species",335,335,1091,601,47.1806297302246,"4"
"species",336,336,1089,474,54.6680488586426,"1"
"species",337,337,916,585,92.9564437866211,"4"
"species",338,338,1245,456,69.6078414916992,"4"
"species",339,339,960,557,195.198379516602,"4"
"species",340,340,1083,500,150.107208251953,"1"
"species",341,341,1030,569,98.2231369018555,"4"
"species",342,342,1099,466,59.4226303100586,"1"
"species",343,343,1074,569,124.207229614258,"4"
"species",344,344,1107,475,158.619705200195,"2"
"species",345,345,938,565,198.090774536133,"1"
"species",346,346,882,556,154.181869506836,"1"
"species",347,347,1030,566,88.3620681762695,"5"
"species",348,348,1587,626,30.1923217773438,"4"
"species",349,349,1748,607,16.5530033111572,"2"
"species",350,350,1222,464,146.987838745117,"4"
"species",351,351,1545,519,8.32851409912109,"2"
"species",352,352,1530,622,31.648380279541,"2"
"species",353,353,1740,610,11.5878553390503,"2"
"species",354,354,1607,595,31.6483783721924,"2"
"species",355,355,1766,609,36.4315719604492,"2"
"species",356,356,1108,478,30.9381942749023,"2"
"species",357,357,1062,485,96.5451889038086,"4"
"species",358,358,1185,456,65.3426971435547,"4"
"species",359,359,1176,472,684.615844726562,"4"
"species",360,360,1545,561,24.6760349273682,"2"
"species",361,361,1731,610,11.5878553390503,"2"
"species",362,362,1231,452,79.292854309082,"1"
"species",363,363,1067,498,155.835739135742,"3"
"species",364,364,892,568,83.7335510253906,"1"
"species",365,365,1096,470,64.9709014892578,"2"
"species",366,366,972,591,195.55827331543,"4"
"species",367,367,1338,583,58.9720649719238,"4"
"species",368,368,1058,473,62.365119934082,"2"
"species",369,369,1044,504,286.163421630859,"1"
"species",370,370,969,610,155.333251953125,"1"
"species",371,371,1009,499,134.917068481445,"4"
"species",372,372,1615,540,35.7089538574219,"2"
"species",373,373,914,603,155.333251953125,"1"
"species",374,374,922,569,84.4146347045898,"1"
"species",375,375,1167,474,677.532653808594,"3"
"species",376,376,936,623,146.653945922852,"4"
"species",377,377,934,547,100.689987182617,"1"
"species",378,378,1054,627,261.49072265625,"4"
"species",379,379,1338,463,39.9404716491699,"1"
"species",380,380,1592,584,34.1089019775391,"2"
"species",381,381,1530,510,8.32851314544678,"2"
"species",382,382,1655,632,31.6483783721924,"4"
"species",383,383,1085,481,37.1308708190918,"2"
"species",384,384,1080,480,28.3115653991699,"2"
"species",385,385,1044,512,310.038909912109,"1"
"species",386,386,1528,561,54.9546585083008,"5"
"species",387,387,1044,472,439.188049316406,"4"
"species",388,388,1043,610,82.2531967163086,"3"
"species",389,389,1491,509,10.1235904693604,"2"
"species",390,390,1174,515,12.2851085662842,"2"
"species",391,391,1787,637,24.975564956665,"4"
"species",392,392,1490,506,7.99457311630249,"2"
"species",393,393,1032,515,35.1086769104004,"4"
"species",394,394,826,1042,77.2446212768555,"1"
"species",395,395,1630,625,31.6483783721924,"3"
"species",396,396,1776,645,48.4276313781738,"2"
"species",397,397,1062,496,172.617172241211,"4"
"species",398,398,1013,635,238.961761474609,"4"
"species",399,399,872,607,83.513069152832,"1"
"species",400,400,1051,502,170.378372192383,"1"
"species",401,401,1019,559,96.3691711425781,"1"
"species",402,402,877,621,95.6770935058594,"4"
"species",403,403,1142,460,89.3080291748047,"1"
"species",404,404,1067,486,127.14478302002,"1"
"species",405,405,1174,510,55.0739784240723,"4"
"species",406,406,1137,516,12.2851085662842,"2"
"species",407,407,937,543,827.052429199219,"1"
"species",408,408,1097,466,88.0344390869141,"1"
"species",409,409,1050,557,90.0100708007812,"1"
"species",410,410,997,544,208.110961914062,"1"
"species",411,411,1024,505,174.73420715332,"3"
"species",412,412,919,580,83.513069152832,"4"
"species",413,413,1001,532,271.643859863281,"4"
"species",414,414,1074,476,86.4845199584961,"1"
"species",415,415,920,594,313.878051757812,"4"
"species",416,416,869,552,86.1257553100586,"4"
"species",417,417,906,626,83.4141464233398,"4"
"species",418,418,997,693,54.3131523132324,"4"
"species",419,419,1023,493,36.3793296813965,"2"
"species",420,420,889,599,83.513069152832,"1"
"species",421,421,1011,514,168.966522216797,"4"
"species",422,422,1133,470,80.9754791259766,"2"
"species",423,423,1044,592,129.228149414062,"4"
"species",424,424,1141,496,15.5990715026855,"2"
"species",425,425,1779,634,47.2207565307617,"4"
"species",426,426,1782,641,47.2207565307617,"4"
"species",427,427,1080,505,35.1086807250977,"2"
"species",428,428,880,624,94.3283538818359,"5"
"species",429,429,1060,504,218.845413208008,"4"
"species",430,430,908,593,83.5130767822266,"4"
"species",431,431,1029,510,159.192199707031,"1"
"species",432,432,1101,505,148.542572021484,"3"
"species",433,433,1756,607,23.9018096923828,"2"
"species",434,434,1060,507,258.074188232422,"4"
"species",435,435,985,499,130.632080078125,"1"
"species",436,436,1077,517,366.729125976562,"4"
"species",437,437,1777,612,36.4315757751465,"2"
"species",438,438,1831,605,187.033157348633,"2"
"species",439,439,1067,499,35.1086769104004,"3"
"species",440,440,1197,434,7641.16357421875,"5"
"species",441,441,1062,503,23.0307064056396,"1"
"species",442,442,1110,507,12.2851085662842,"2"
"species",443,443,950,575,181.335418701172,"3"
"species",444,444,1303,478,15.218111038208,"4"
"species",445,445,1799,614,104.430213928223,"2"
"species",446,446,1108,457,108.471771240234,"1"
"species",447,447,1013,568,44.0877647399902,"1"
"species",448,448,899,585,281.397827148438,"1"
"species",449,449,941,581,83.8386993408203,"4"
"species",450,450,1051,568,88.8038024902344,"1"
"species",451,451,1078,471,62.365119934082,"2"
"species",452,452,1179,509,12.2851095199585,"2"
"species",453,453,945,553,90.1486434936523,"1"
"species",454,454,1596,582,30.7580738067627,"2"
"species",455,455,1791,613,36.4315719604492,"2"
"species",456,456,1414,454,9.26984977722168,"2"
"species",457,457,1330,485,27.281063079834,"6"
"species",458,458,1620,586,45.2149467468262,"4"
"species",459,459,1029,577,69.0961303710938,"4"
"species",460,460,1784,641,47.2207565307617,"4"
"species",461,461,1257,537,55.0739784240723,"4"
"species",462,462,1612,584,32.9270286560059,"2"
"species",463,463,924,595,78.9452438354492,"1"
"species",464,464,908,578,89.4900436401367,"4"
"species",465,465,1777,643,47.2207527160645,"4"
"species",466,466,1080,478,54.6680526733398,"1"
"species",467,467,1030,538,62.2483329772949,"4"
"species",468,468,1088,600,129.609710693359,"4"
"species",469,469,986,587,84.7478408813477,"4"
"species",470,470,1010,495,131.272964477539,"1"
"species",471,471,1787,643,47.2207527160645,"4"
"species",472,472,1097,489,196.37907409668,"5"
"species",473,473,1362,455,21.8033542633057,"4"
"species",474,474,1142,447,81.9949264526367,"4"
"species",475,475,1057,509,35.1086807250977,"2"
"species",476,476,1033,591,44.0877685546875,"1"
"species",477,477,965,556,183.697875976562,"4"
"species",478,478,980,869,56.5530471801758,"1"
"species",479,479,1351,571,59.3752670288086,"4"
"species",480,480,1378,590,41.7708511352539,"4"
"species",481,481,1524,619,31.5118579864502,"2"
"species",482,482,873,858,76.5618057250977,"1"
"species",483,483,914,558,84.4146347045898,"1"
"species",484,484,1026,598,195.669525146484,"1"
"species",485,485,1011,505,38.774600982666,"1"
"species",486,486,1073,500,172.041046142578,"1"
"species",487,487,977,692,97.1699829101562,"5"
"species",488,488,1342,486,16.1109504699707,"2"
"species",489,489,1086,586,125.806167602539,"1"
"species",490,490,1111,472,62.365119934082,"4"
"species",491,491,1073,505,35.1086769104004,"2"
"species",492,492,1715,598,23.9018096923828,"3"
"species",493,493,1042,653,238.961776733398,"4"
"species",494,494,826,916,76.5618057250977,"4"
"species",495,495,1005,552,62.2483329772949,"1"
"species",496,496,936,650,69.2006454467773,"4"
"species",497,497,1034,565,89.748908996582,"1"
"species",498,498,1065,477,87.8223419189453,"1"
"species",499,499,1002,674,80.1623229980469,"4"
"species",500,500,1133,509,12.2851085662842,"2"
"species",501,501,981,504,72.3717422485352,"4"
"species",502,502,1235,459,1147.59704589844,"2"
"species",503,503,1233,471,162.897827148438,"2"
"species",504,504,934,575,297.986083984375,"1"
"species",505,505,1802,647,47.4549713134766,"2"
"species",506,506,1151,506,12.2851085662842,"2"
"species",507,507,936,759,60.5284652709961,"4"
"species",508,508,1073,509,35.1086807250977,"2"
"species",509,509,964,545,159.741821289062,"1"
"species",510,510,1262,474,28.0254764556885,"4"
"species",511,511,1104,574,47.9212760925293,"1"
"species",512,512,1089,577,47.1806297302246,"1"
"species",513,513,1523,507,7.99457311630249,"2"
"species",514,514,1082,480,112.417007446289,"2"
"species",515,515,938,895,77.9810180664062,"1"
"species",516,516,925,981,59.1819381713867,"4"
"species",517,517,1168,434,62.1432952880859,"2"
"species",518,518,1204,443,62.1432991027832,"2"
"species",519,519,1119,479,27.3929615020752,"2"
"species",520,520,1007,522,116.969169616699,"5"
"species",521,521,1037,541,125.534103393555,"4"
"species",522,522,1089,561,47.3731651306152,"1"
"species",523,523,990,763,39.7274856567383,"1"
"species",524,524,1346,478,64.6427383422852,"2"
"species",525,525,941,659,69.2006454467773,"1"
"species",526,526,873,580,111.938720703125,"4"
"species",527,527,890,591,108.62922668457,"1"
"species",528,528,1156,480,390.714996337891,"1"
"species",529,529,1035,521,155.811294555664,"4"
"species",530,530,1146,500,192.811157226562,"5"
"species",531,531,1063,470,203.749893188477,"4"
"species",532,532,1182,451,149.729125976562,"2"
"species",533,533,1144,503,285.836822509766,"5"
"species",534,534,1175,458,104.665092468262,"2"
"species",535,535,1093,469,111.351493835449,"4"
"species",536,536,1107,475,57.9572601318359,"4"
"species",537,537,1036,534,367.081451416016,"4"
"species",538,538,905,559,263.089691162109,"4"
"species",539,539,1097,490,173.278228759766,"1"
"species",540,540,1159,512,803.006530761719,"1"
"species",541,541,1066,475,485.228942871094,"4"
"species",542,542,1005,507,59.8506851196289,"4"
"species",543,543,1125,496,177.800979614258,"2"
"species",544,544,899,726,59.1819381713867,"1"
"species",545,545,1130,476,343.712463378906,"4"
"species",546,546,970,521,178.50732421875,"4"
"species",547,547,1066,682,1551.17248535156,"4"
"species",548,548,966,581,312.397644042969,"4"
"species",549,549,1047,580,57.5062713623047,"1"
"species",550,550,1173,458,99.8370742797852,"2"
"species",551,551,897,598,135.272064208984,"4"
"species",552,552,976,530,879.088562011719,"5"
"species",553,553,870,578,155.333251953125,"4"
"species",554,554,911,591,78.618537902832,"1"
"species",555,555,965,577,195.669509887695,"1"
"species",556,556,931,609,155.333251953125,"1"
"species",557,557,1105,609,188.625381469727,"4"
"species",558,558,933,599,173.287902832031,"1"
"species",559,559,1096,547,192.811157226562,"5"
"species",560,560,1065,574,192.811157226562,"1"
"species",561,561,1064,468,235.319122314453,"2"
"species",562,562,903,618,146.653961181641,"4"
"species",563,563,1067,503,173.278228759766,"1"
"species",564,564,1073,509,129.260696411133,"1"
"species",565,565,1135,544,59.2672119140625,"4"
"species",566,566,1165,544,68.0516662597656,"5"
"species",567,567,1197,540,68.3031005859375,"1"
"species",568,568,1080,465,29.7946796417236,"2"
"species",569,569,1053,513,35.1086807250977,"2"
"species",570,570,1307,555,55.073974609375,"5"
"species",571,571,938,561,97.0738906860352,"1"
"species",572,572,1320,571,29.3296737670898,"1"
"species",573,573,1034,529,285.640197753906,"4"
"species",574,574,1306,566,29.3296737670898,"5"
"species",575,575,1035,558,195.669509887695,"4"
"species",576,576,1027,492,130.697265625,"4"
"species",577,577,1109,564,188.625381469727,"4"
"species",578,578,951,891,171.856338500977,"4"
"species",579,579,936,568,101.889770507812,"4"
"species",580,580,1159,530,56.9762306213379,"1"
"species",581,581,918,608,123.922836303711,"4"
"species",582,582,1066,563,195.669525146484,"1"
"species",583,583,1179,479,66.4852600097656,"1"
"species",584,584,1053,557,192.811157226562,"2"
"species",585,585,1105,508,66.4852600097656,"1"
"species",586,586,887,600,78.6185455322266,"1"
"species",587,587,1140,466,76.3998718261719,"4"
"species",588,588,1092,595,188.625381469727,"1"
"species",589,589,1165,478,66.4852600097656,"1"
"species",590,590,993,672,73.5713348388672,"4"
"species",591,591,997,655,44.1968879699707,"1"
"species",592,592,1060,685,1378.197265625,"5"
"species",593,593,1169,480,66.4852600097656,"1"
"species",594,594,1146,468,76.3998718261719,"1"
"species",595,595,1076,473,54.6680526733398,"1"
"species",596,596,1086,538,62.1468391418457,"1"
"species",597,597,1106,474,88.0344390869141,"1"
"species",598,598,1274,497,39.9404716491699,"2"
"species",599,599,991,670,86.853271484375,"1"
"species",600,600,1115,546,48.7409248352051,"1"
"species",601,601,1351,478,16.1109504699707,"2"
"species",602,602,1081,486,54.6680488586426,"1"
"species",603,603,1128,499,66.4852676391602,"1"
"species",604,604,1198,464,80.5115737915039,"1"
"species",605,605,1063,596,129.609710693359,"1"
"species",606,606,1239,454,106.371536254883,"1"
"species",607,607,1185,421,1274.24658203125,"5"
"species",608,608,978,603,71.5932846069336,"1"
"species",609,609,1036,669,38.5946502685547,"1"
"species",610,610,940,587,112.511528015137,"1"
"species",611,611,1014,564,67.787467956543,"4"
"species",612,612,1051,505,155.835739135742,"1"
"species",613,613,1145,458,70.8868255615234,"2"
"species",614,614,945,548,97.1012878417969,"1"
"species",615,615,1482,502,8.0025110244751,"2"
"species",616,616,1605,633,31.648380279541,"4"
"species",617,617,1046,592,195.031143188477,"1"
"species",618,618,1024,522,346.068939208984,"4"
"species",619,619,1365,445,14.2677574157715,"2"
"species",620,620,1388,454,21.803352355957,"4"
"species",621,621,949,795,176.495574951172,"1"
"species",622,622,1362,442,10.410608291626,"2"
"species",623,623,960,590,155.333251953125,"1"
"species",624,624,1046,516,84.9265213012695,"4"
"species",625,625,1251,443,8061.51025390625,"5"
"species",626,626,1085,571,48.7409248352051,"4"
"species",627,627,1329,462,33.7742347717285,"2"
"species",628,628,1329,479,64.6427307128906,"2"
"species",629,629,1183,472,765.849304199219,"1"
"species",630,630,1035,592,139.522933959961,"5"
"species",631,631,985,533,94.416259765625,"1"
"species",632,632,1261,480,28.0261325836182,"2"
"species",633,633,1536,527,8.32851314544678,"2"
"species",634,634,1337,469,64.6427383422852,"4"
"species",635,635,933,630,153.254180908203,"1"
"species",636,636,1382,439,21.6681728363037,"2"
"species",637,637,905,612,111.781425476074,"1"
"species",638,638,920,609,153.234954833984,"1"
"species",639,639,1278,506,16.6493606567383,"5"
"species",640,640,1772,629,11.5878553390503,"2"
"species",641,641,1763,620,11.5878553390503,"2"
"species",642,642,1351,458,21.8033542633057,"2"
"species",643,643,1627,633,31.6483783721924,"2"
"species",644,644,1486,525,15.3538837432861,"4"
"species",645,645,1476,528,15.3538837432861,"4"
"species",646,646,1045,539,1676.75842285156,"4"
"species",647,647,913,607,155.333251953125,"4"
"species",648,648,973,525,96.3897933959961,"4"
"species",649,649,1482,516,8.01048278808594,"2"
"species",650,650,1329,463,21.8033542633057,"4"
"species",651,651,1799,608,93.790641784668,"2"
"species",652,652,1074,625,627.505310058594,"1"
"species",653,653,950,530,101.111183166504,"1"
"species",654,654,992,532,86.1829147338867,"4"
"species",655,655,923,590,78.6185455322266,"1"
"species",656,656,1063,595,242.657012939453,"4"
"species",657,657,881,644,72.598747253418,"1"
"species",658,658,1006,650,55.1219367980957,"1"
"species",659,659,966,700,69.2006454467773,"1"
"species",660,660,979,665,55.1219367980957,"1"
"species",661,661,1079,514,62.146842956543,"1"
"species",662,662,1082,484,54.6895637512207,"1"
"species",663,663,1194,455,96.5851974487305,"4"
"species",664,664,1202,424,2584.28857421875,"5"
"species",665,665,1166,435,659.147399902344,"2"
"species",666,666,1702,585,47.5090103149414,"4"
"species",667,667,1351,574,13.5638847351074,"4"
"species",668,668,1318,550,27.9818267822266,"3"
"species",669,669,1598,621,93.2638168334961,"2"
"species",670,670,1614,590,86.8862838745117,"2"
"species",671,671,1581,559,14.0853967666626,"2"
"species",672,672,1603,587,348.498840332031,"2"
"species",673,673,1274,465,64.6427307128906,"4"
"species",674,674,979,626,188.625381469727,"4"
"species",675,675,1092,483,54.6680526733398,"1"
"species",676,676,1844,617,45.2908706665039,"4"
"species",677,677,1204,441,7615.6962890625,"5"
"species",678,678,1717,632,24.975564956665,"2"
"species",679,679,1049,509,155.835739135742,"3"
"species",680,680,1527,568,42.7215576171875,"4"
"species",681,681,706,1042,76.5618057250977,"4"
"species",682,682,1683,586,47.5090103149414,"1"
"species",683,683,1478,558,23.8291702270508,"4"
"species",684,684,1777,644,47.2207565307617,"4"
"species",685,685,1813,601,212.872131347656,"4"
"species",686,686,1064,499,22.6926345825195,"4"
"species",687,687,945,610,155.333251953125,"4"
"species",688,688,1317,477,131.525588989258,"4"
"species",689,689,1250,456,90.9282608032227,"4"
"species",690,690,1080,600,187.962844848633,"1"
"species",691,691,1236,519,55.0739784240723,"3"
"species",692,692,1170,440,62.1432952880859,"2"
"species",693,693,1173,456,1114.92114257812,"2"
"species",694,694,1342,459,9.269850730896,"4"
"species",695,695,1169,455,119.058074951172,"4"
"species",696,696,1791,624,65.5892105102539,"2"
"species",697,697,1750,631,12.0262975692749,"4"
"species",698,698,1116,468,27.3929615020752,"2"
"species",699,699,1064,490,129.688812255859,"1"
"species",700,700,1702,612,11.5878553390503,"2"
"species",701,701,1502,505,7.99457311630249,"1"
"species",702,702,1826,613,272.296600341797,"4"
"species",703,703,1088,494,172.944702148438,"1"
"species",704,704,1014,500,35.1086807250977,"2"
"species",705,705,1520,559,47.8940200805664,"4"
"species",706,706,1628,600,93.2638244628906,"1"
"species",707,707,1226,469,28.0261344909668,"2"
"species",708,708,1362,455,38.6800651550293,"2"
"species",709,709,952,521,93.1473617553711,"3"
"species",710,710,1807,644,79.4317092895508,"2"
"species",711,711,1625,576,368.515075683594,"5"
"species",712,712,1309,534,20.4771404266357,"2"
"species",713,713,1308,456,21.8033542633057,"2"
"species",714,714,1871,613,106.963768005371,"2"
"species",715,715,1848,606,187.033157348633,"4"
"species",716,716,1131,510,595.196838378906,"1"
"species",717,717,1339,454,90.6621017456055,"4"
"species",718,718,1268,488,143.433135986328,"2"
"species",719,719,1635,575,368.515075683594,"5"
"species",720,720,1043,526,176.019073486328,"4"
"species",721,721,1003,622,55.1219367980957,"5"
"species",722,722,1125,475,127.538475036621,"3"
"species",723,723,1077,516,122.927871704102,"1"
"species",724,724,1754,632,11.5878553390503,"4"
"species",725,725,1524,558,54.9546585083008,"4"
"species",726,726,1490,551,15.3538837432861,"2"
"species",727,727,1090,573,48.7409248352051,"1"
"species",728,728,1080,489,146.464599609375,"2"
"species",729,729,1012,566,195.669525146484,"1"
"species",730,730,779,1054,76.5618057250977,"2"
"species",731,731,1061,467,232.639801025391,"4"
"species",732,732,1084,607,47.1806335449219,"4"
"species",733,733,1217,519,55.073974609375,"3"
"species",734,734,1000,507,135.28059387207,"5"
"species",735,735,1097,552,48.7409248352051,"1"
"species",736,736,886,598,78.6430969238281,"1"
"species",737,737,1125,467,71.1256561279297,"2"
"species",738,738,1475,506,8.32851314544678,"2"
"species",739,739,1821,636,77.5378799438477,"2"
"species",740,740,1034,574,124.207229614258,"4"
"species",741,741,1779,626,11.5878553390503,"1"
"species",742,742,1133,468,27.5340194702148,"2"
"species",743,743,1238,455,93.0460815429688,"2"
"species",744,744,1071,499,146.464599609375,"2"
"species",745,745,1135,466,75.1001815795898,"1"
"species",746,746,1052,526,168.536102294922,"4"
"species",747,747,1049,521,62.2483329772949,"4"
"species",748,748,960,552,276.630218505859,"4"
"species",749,749,1605,629,29.4081115722656,"4"
"species",750,750,1042,546,4841.74267578125,"5"
"species",751,751,1025,561,87.8834075927734,"1"
"species",752,752,1060,511,54.6680526733398,"4"
"species",753,753,1019,590,223.80924987793,"5"
"species",754,754,1058,497,109.22191619873,"1"
"species",755,755,1343,459,21.8033542633057,"4"
"species",756,756,1477,513,15.3538837432861,"2"
"species",757,757,1529,524,11.3748712539673,"2"
"species",758,758,1631,558,9.53620433807373,"2"
"species",759,759,1647,607,73.7905044555664,"2"
"species",760,760,1105,472,115.217002868652,"1"
"species",761,761,1617,544,7.99457311630249,"2"
"species",762,762,957,615,188.625381469727,"1"
"species",763,763,1259,488,28.0261344909668,"2"
"species",764,764,918,610,105.204048156738,"1"
"species",765,765,1164,434,62.1432991027832,"4"
"species",766,766,1493,489,8.21338272094727,"2"
"species",767,767,1040,535,62.2483367919922,"5"
"species",768,768,1625,578,202.189224243164,"4"
"species",769,769,1831,591,186.989532470703,"2"
"species",770,770,1033,514,35.1086769104004,"2"
"species",771,771,1818,626,123.158958435059,"2"
"species",772,772,1608,617,31.6483783721924,"4"
"species",773,773,969,936,77.794807434082,"1"
"species",774,774,1099,486,296.967590332031,"5"
"species",775,775,1034,488,38.7746047973633,"4"
"species",776,776,925,580,190.429168701172,"4"
"species",777,777,973,528,101.425018310547,"1"
"species",778,778,1642,592,45.3161163330078,"4"
"species",779,779,1367,588,37.4480628967285,"4"
"species",780,780,1489,514,7.99457311630249,"2"
"species",781,781,1268,524,12.2851085662842,"3"
"species",782,782,1210,438,8061.51025390625,"5"
"species",783,783,946,521,159.209167480469,"1"
"species",784,784,1010,530,159.741821289062,"1"
"species",785,785,1182,548,63.1227073669434,"1"
"species",786,786,1645,554,45.5455169677734,"4"
"species",787,787,1213,518,55.073974609375,"3"
"species",788,788,1692,612,11.5878553390503,"2"
"species",789,789,1578,626,31.648380279541,"4"
"species",790,790,1363,474,69.4097366333008,"4"
"species",791,791,978,683,60.2725105285645,"1"
"species",792,792,895,586,128.536056518555,"4"
"species",793,793,1188,493,12.2851085662842,"3"
"species",794,794,1475,494,10.5749797821045,"3"
"species",795,795,1161,442,650.972106933594,"5"
"species",796,796,1003,1115,77.9810256958008,"4"
"species",797,797,1717,622,17.8032131195068,"4"
"species",798,798,1072,620,520.220336914062,"1"
"species",799,799,1036,509,35.1086769104004,"2"
"species",800,800,1841,589,200.918731689453,"4"
"species",801,801,1283,543,56.3692817687988,"3"
"species",802,802,953,1000,77.2085418701172,"1"
"species",803,803,943,725,48.7522888183594,"1"
"species",804,804,965,728,44.0877685546875,"1"
"species",805,805,936,773,76.5618057250977,"1"
"species",806,806,1002,720,42.0091133117676,"4"
"species",807,807,926,880,77.9810180664062,"1"
"species",808,808,916,734,63.085376739502,"4"
"species",809,809,1081,532,122.911354064941,"1"
"species",810,810,1058,477,71.7550430297852,"1"
"species",811,811,1351,464,21.8033542633057,"2"
"species",812,812,1021,570,124.098052978516,"1"
"species",813,813,1092,528,122.927871704102,"1"
"species",814,814,906,712,69.1455078125,"4"
"species",815,815,1494,517,7.99457311630249,"2"
"species",816,816,1023,661,307.781433105469,"4"
"species",817,817,1254,483,164.26042175293,"5"
"species",818,818,1593,585,315.889343261719,"4"
"species",819,819,1639,583,47.5090103149414,"4"
"species",820,820,1499,516,7.99457311630249,"2"
"species",821,821,1066,557,268.058135986328,"1"
"species",822,822,1109,579,124.207229614258,"4"
"species",823,823,1549,550,8.32851409912109,"1"
"species",824,824,969,833,50.5501480102539,"1"
"species",825,825,1048,730,38.5946502685547,"1"
"species",826,826,1039,565,178.737686157227,"4"
"species",827,827,1224,454,178.903701782227,"4"
"species",828,828,1005,584,71.5930709838867,"1"
"species",829,829,1176,455,132.266036987305,"3"
"species",830,830,948,678,97.1699829101562,"1"
"species",831,831,1185,457,76.6893920898438,"2"
"species",832,832,979,590,71.5930709838867,"1"
"species",833,833,1003,667,97.1699905395508,"1"
"species",834,834,1011,675,44.0877685546875,"4"
"species",835,835,842,1011,77.9260787963867,"1"
"species",836,836,1118,471,71.1240692138672,"2"
"species",837,837,939,708,69.2006454467773,"1"
"species",838,838,1127,464,70.8868255615234,"2"
"species",839,839,1020,653,43.9195022583008,"1"
"species",840,840,962,531,101.111183166504,"4"
"species",841,841,1062,602,187.782989501953,"4"
"species",842,842,936,599,89.353401184082,"4"
"species",843,843,1114,481,82.2935791015625,"2"
"species",844,844,1138,581,256.843597412109,"4"
"species",845,845,1111,480,72.3777694702148,"2"
"species",846,846,1133,467,66.7538223266602,"4"
"species",847,847,1095,601,188.625381469727,"4"
"species",848,848,1030,609,71.0175857543945,"4"
"species",849,849,1030,522,75.3234252929688,"1"
"species",850,850,974,688,58.1809196472168,"4"
"species",851,851,1077,499,61.6088714599609,"1"
"species",852,852,999,562,75.1034774780273,"1"
"species",853,853,912,583,308.596801757812,"4"
"species",854,854,872,626,148.259719848633,"4"
"species",855,855,1068,619,188.625381469727,"4"
"species",856,856,1090,470,62.365119934082,"2"
"species",857,857,938,554,84.4146347045898,"1"
"species",858,858,1094,497,62.146842956543,"4"
"species",859,859,894,570,85.4021987915039,"1"
"species",860,860,894,564,114.398017883301,"1"
"species",861,861,1549,582,13.5638847351074,"4"
"species",862,862,1078,485,54.6680526733398,"4"
"species",863,863,1236,477,31.4841175079346,"4"
"species",864,864,1061,489,109.22191619873,"1"
"species",865,865,1441,607,29.2032642364502,"2"
"species",866,866,1262,486,40.0129661560059,"2"
"species",867,867,1392,457,9.26984977722168,"4"
"species",868,868,1520,629,36.5193023681641,"4"
"species",869,869,1479,500,8.32851409912109,"2"
"species",870,870,1355,578,13.5638847351074,"4"
"species",871,871,1524,642,36.5142211914062,"2"
"species",872,872,1426,464,9.269850730896,"4"
"species",873,873,1461,511,15.3538837432861,"2"
"species",874,874,1602,636,31.648380279541,"4"
"species",875,875,1670,566,45.9121856689453,"4"
"species",876,876,1768,631,47.2207565307617,"4"
"species",877,877,1808,648,47.2207565307617,"4"
"species",878,878,1805,654,47.2207527160645,"2"
"species",879,879,1815,616,107.893997192383,"4"
"species",880,880,1826,619,159.642501831055,"2"
"species",881,881,1845,615,50.1381568908691,"2"
"species",882,882,1313,485,42.1458206176758,"2"
"species",883,883,1121,458,62.1432991027832,"2"
"species",884,884,1084,592,188.625381469727,"1"
"species",885,885,1532,560,45.8973770141602,"2"
