"species","x","y","bio4","bio16","gpw2000_30_sec","swa_2000lulc_2km"
"species",1,1,1176,490,12.2851085662842,"2"
"species",2,2,1509,509,7.99457311630249,"2"
"species",3,3,1171,436,67.8592758178711,"8"
"species",4,4,883,586,82.5017166137695,"21"
"species",5,5,1143,574,261.376983642578,"8"
"species",6,6,1371,442,19.5668869018555,"2"
"species",7,7,919,598,102.726890563965,"8"
"species",8,8,1191,447,5515.67724609375,"13"
"species",9,9,1115,487,345.755889892578,"8"
"species",10,10,1362,442,10.410608291626,"2"
"species",11,11,959,546,266.476287841797,"1"
"species",12,12,1583,573,45.3161163330078,"8"
"species",13,13,1061,492,146.464599609375,"9"
"species",14,14,1517,514,7.99457311630249,"2"
"species",15,15,1063,522,122.927871704102,"8"
"species",16,16,1034,632,122.235809326172,"8"
"species",17,17,984,547,266.476287841797,"13"
"species",18,18,1367,479,111.174736022949,"2"
"species",19,19,1083,576,183.593200683594,"1"
"species",20,20,1251,443,8061.51025390625,"13"
"species",21,21,924,610,155.333251953125,"1"
"species",22,22,1329,464,21.8033542633057,"8"
"species",23,23,1365,445,14.2677574157715,"2"
"species",24,24,969,936,77.794807434082,"21"
"species",25,25,1383,476,64.6427383422852,"8"
"species",26,26,942,940,77.9810180664062,"1"
"species",27,27,999,763,176.495590209961,"8"
"species",28,28,1030,586,88.2002716064453,"21"
"species",29,29,1213,447,7595.47021484375,"13"
"species",30,30,1361,477,125.834373474121,"2"
"species",31,31,1382,439,21.6681728363037,"2"
"species",32,32,1478,502,8.32851409912109,"2"
"species",33,33,1165,441,62.1432952880859,"2"
"species",34,34,1546,562,30.5128440856934,"2"
"species",35,35,1178,440,2465.0966796875,"13"
"species",36,36,1333,472,62.169319152832,"8"
"species",37,37,1356,474,69.3124694824219,"8"
"species",38,38,929,606,155.193725585938,"8"
"species",39,39,1006,619,73.5313034057617,"1"
"species",40,40,1027,526,152.196258544922,"8"
"species",41,41,1625,576,368.515075683594,"13"
"species",42,42,1143,454,922.254760742188,"2"
"species",43,43,1343,459,21.8033542633057,"8"
"species",44,44,1146,455,62.1432991027832,"1"
"species",45,45,1171,442,62.1432991027832,"8"
"species",46,46,1500,513,7.99457311630249,"2"
"species",47,47,1117,478,143.299713134766,"21"
"species",48,48,1227,481,161.637451171875,"2"
"species",49,49,1072,621,1064.81335449219,"8"
"species",50,50,919,550,160.944412231445,"21"
"species",51,51,1708,606,14.6039686203003,"2"
"species",52,52,1409,448,9.269850730896,"8"
"species",53,53,1516,508,7.99457311630249,"2"
"species",54,54,1292,453,90.7218627929688,"2"
"species",55,55,1227,475,31.4841156005859,"2"
"species",56,56,1711,599,23.9018096923828,"2"
"species",57,57,1494,517,7.99457311630249,"2"
"species",58,58,1599,626,31.6483783721924,"2"
"species",59,59,1329,556,29.3296756744385,"2"
"species",60,60,1484,514,7.99457311630249,"2"
"species",61,61,964,546,234.305709838867,"1"
"species",62,62,1200,451,81.985107421875,"21"
"species",63,63,1701,617,13.3724346160889,"15"
"species",64,64,1549,543,7.99457311630249,"2"
"species",65,65,1672,564,45.9121856689453,"3"
"species",66,66,1276,454,92.3831558227539,"2"
"species",67,67,1712,597,41.2943458557129,"8"
"species",68,68,1529,524,11.3748712539673,"2"
"species",69,69,1634,605,61.9592552185059,"8"
"species",70,70,1827,617,36.5317573547363,"2"
"species",71,71,1524,558,54.9546585083008,"8"
"species",72,72,1626,605,82.8126449584961,"8"
"species",73,73,1729,597,23.9018096923828,"2"
"species",74,74,1293,548,55.0739784240723,"2"
"species",75,75,1267,454,23.7438354492188,"8"
"species",76,76,1538,514,7.99457311630249,"2"
"species",77,77,1108,472,100.232200622559,"2"
"species",78,78,1432,502,16.1109504699707,"2"
"species",79,79,1491,503,7.99457311630249,"2"
"species",80,80,1556,564,22.4365329742432,"2"
"species",81,81,1553,570,30.2770385742188,"8"
"species",82,82,1749,610,36.4315719604492,"2"
"species",83,83,1203,468,159.563064575195,"8"
"species",84,84,860,886,76.5618057250977,"21"
"species",85,85,1216,467,61.9662437438965,"8"
"species",86,86,1284,477,164.049240112305,"2"
"species",87,87,1237,459,64.6427307128906,"8"
"species",88,88,1245,456,69.6078414916992,"8"
"species",89,89,1340,455,19.4944667816162,"2"
"species",90,90,1354,487,21.7184925079346,"2"
"species",91,91,1209,471,127.015380859375,"8"
"species",92,92,1329,452,20.9288349151611,"2"
"species",93,93,1342,464,41.5667114257812,"2"
"species",94,94,892,602,83.5130767822266,"1"
"species",95,95,1386,464,21.8033542633057,"2"
"species",96,96,1080,511,128.383529663086,"8"
"species",97,97,1421,504,16.0943336486816,"2"
"species",98,98,1107,474,70.8868255615234,"2"
"species",99,99,923,560,84.4146347045898,"21"
"species",100,100,1799,614,36.4315757751465,"2"
"species",101,101,1762,602,23.9018096923828,"2"
"species",102,102,1522,544,15.3538827896118,"2"
"species",103,103,1520,562,54.9546585083008,"8"
"species",104,104,1558,564,19.6327610015869,"8"
"species",105,105,1106,476,159.741821289062,"2"
"species",106,106,1557,524,8.32851314544678,"2"
"species",107,107,1289,476,164.26042175293,"8"
"species",108,108,1607,599,31.648380279541,"2"
"species",109,109,1556,622,31.6483783721924,"2"
"species",110,110,1198,497,12.2851085662842,"2"
"species",111,111,1594,581,30.2770385742188,"2"
"species",112,112,1796,633,47.2207565307617,"8"
"species",113,113,1798,638,47.2207565307617,"2"
"species",114,114,1544,594,13.5638847351074,"2"
"species",115,115,1106,505,17.3878040313721,"2"
"species",116,116,1089,498,146.596389770508,"2"
"species",117,117,1070,499,288.309143066406,"2"
"species",118,118,879,879,76.5618057250977,"21"
"species",119,119,938,558,434.030548095703,"21"
"species",120,120,1537,604,26.6780796051025,"2"
"species",121,121,1543,617,31.6483783721924,"2"
"species",122,122,1641,601,31.6483783721924,"8"
"species",123,123,1553,539,8.32851409912109,"8"
"species",124,124,1625,596,31.6483783721924,"15"
"species",125,125,1525,512,8.32851409912109,"2"
"species",126,126,1551,517,7.99457311630249,"2"
"species",127,127,1042,498,23.6892395019531,"15"
"species",128,128,1840,613,138.096252441406,"8"
"species",129,129,1786,647,47.2207527160645,"8"
"species",130,130,1778,612,33.1794281005859,"2"
"species",131,131,1783,641,47.2207527160645,"8"
"species",132,132,1482,502,8.0025110244751,"2"
"species",133,133,1471,505,15.351731300354,"2"
"species",134,134,1863,661,28.7210865020752,"2"
"species",135,135,1335,566,37.4480628967285,"2"
"species",136,136,1108,494,46.1702079772949,"2"
"species",137,137,1121,457,105.932487487793,"15"
"species",138,138,1437,503,13.8752145767212,"2"
"species",139,139,1552,621,31.4635143280029,"8"
"species",140,140,1573,570,30.2770366668701,"8"
"species",141,141,1299,548,39.3066482543945,"9"
"species",142,142,1767,638,47.2207565307617,"2"
"species",143,143,1197,518,12.2851095199585,"2"
"species",144,144,1106,480,267.508117675781,"2"
"species",145,145,1126,472,70.8868255615234,"2"
"species",146,146,1023,504,38.1871681213379,"21"
"species",147,147,938,544,84.4146347045898,"21"
"species",148,148,1572,576,30.2770385742188,"8"
"species",149,149,958,705,69.2006530761719,"21"
"species",150,150,935,571,84.4146347045898,"21"
"species",151,151,883,605,83.513069152832,"8"
"species",152,152,979,620,73.5593795776367,"21"
"species",153,153,930,728,69.2006530761719,"1"
"species",154,154,1017,532,509.632080078125,"21"
"species",155,155,1176,472,684.615844726562,"8"
"species",156,156,937,543,827.052429199219,"21"
"species",157,157,960,604,159.050857543945,"8"
"species",158,158,1074,625,627.505310058594,"21"
"species",159,159,893,604,72.4451370239258,"21"
"species",160,160,826,916,76.5618057250977,"8"
"species",161,161,916,734,63.085376739502,"8"
"species",162,162,1759,633,24.975564956665,"2"
"species",163,163,1077,487,228.800033569336,"2"
"species",164,164,1231,452,79.292854309082,"21"
"species",165,165,1382,489,16.1109504699707,"2"
"species",166,166,1114,509,64.1746139526367,"21"
"species",167,167,1528,561,54.9546585083008,"13"
"species",168,168,922,569,84.4146347045898,"21"
"species",169,169,1058,473,62.365119934082,"2"
"species",170,170,1330,485,27.281063079834,"99"
"species",171,171,1108,482,27.3929615020752,"2"
"species",172,172,1079,491,146.625595092773,"8"
"species",173,173,1587,626,30.1923217773438,"8"
"species",174,174,1748,607,16.5530033111572,"2"
"species",175,175,1222,464,146.987838745117,"8"
"species",176,176,1545,519,8.32851409912109,"2"
"species",177,177,1530,622,31.648380279541,"2"
"species",178,178,1315,555,29.3296756744385,"2"
"species",179,179,972,591,195.55827331543,"8"
"species",180,180,936,650,69.2006454467773,"8"
"species",181,181,1164,596,268.058135986328,"8"
"species",182,182,1478,503,8.22598171234131,"2"
"species",183,183,1799,613,45.4605026245117,"2"
"species",184,184,1836,605,187.033157348633,"2"
"species",185,185,1644,633,31.6483783721924,"8"
"species",186,186,1766,609,36.4315719604492,"2"
"species",187,187,1798,612,79.7007675170898,"2"
"species",188,188,1530,510,8.32851314544678,"2"
"species",189,189,1655,632,31.6483783721924,"8"
"species",190,190,934,547,100.689987182617,"21"
"species",191,191,929,586,83.513069152832,"8"
"species",192,192,1076,480,38.774600982666,"2"
"species",193,193,1831,605,187.033157348633,"2"
"species",194,194,1369,455,21.8033542633057,"15"
"species",195,195,1174,510,55.0739784240723,"8"
"species",196,196,1108,478,30.9381942749023,"2"
"species",197,197,1151,458,62.9567565917969,"2"
"species",198,198,1001,532,271.643859863281,"8"
"species",199,199,1070,495,143.900543212891,"2"
"species",200,200,1740,610,11.5878553390503,"2"
"species",201,201,1630,625,31.6483783721924,"3"
"species",202,202,1044,512,310.038909912109,"21"
"species",203,203,1197,434,7641.16357421875,"13"
"species",204,204,939,565,120.189315795898,"8"
"species",205,205,966,547,158.686813354492,"8"
"species",206,206,1066,498,173.278213500977,"8"
"species",207,207,1099,466,59.4226303100586,"1"
"species",208,208,885,577,155.333251953125,"8"
"species",209,209,995,555,226.575698852539,"8"
"species",210,210,1107,475,158.619705200195,"2"
"species",211,211,1127,471,70.8868255615234,"2"
"species",212,212,1171,514,12.2851085662842,"2"
"species",213,213,1050,629,238.961776733398,"8"
"species",214,214,1776,645,48.4276313781738,"2"
"species",215,215,1809,641,47.2207527160645,"8"
"species",216,216,1830,597,187.641860961914,"8"
"species",217,217,1780,645,47.2207565307617,"8"
"species",218,218,1681,591,7.99457311630249,"2"
"species",219,219,1660,599,13.3724336624146,"2"
"species",220,220,1784,616,36.4315719604492,"8"
"species",221,221,1814,645,60.0151519775391,"8"
"species",222,222,1547,608,31.6483783721924,"2"
"species",223,223,1772,633,47.2207527160645,"8"
"species",224,224,1057,505,155.835739135742,"21"
"species",225,225,892,616,86.3022003173828,"1"
"species",226,226,1581,581,13.5638847351074,"8"
"species",227,227,1141,496,15.5990715026855,"2"
"species",228,228,1378,590,41.7708511352539,"8"
"species",229,229,1067,498,155.835739135742,"9"
"species",230,230,919,568,84.4146347045898,"21"
"species",231,231,893,605,111.445602416992,"21"
"species",232,232,1669,602,13.3724336624146,"2"
"species",233,233,1487,527,15.3533267974854,"15"
"species",234,234,1545,531,8.32851409912109,"2"
"species",235,235,1414,454,9.26984977722168,"2"
"species",236,236,1067,499,35.1086769104004,"9"
"species",237,237,907,813,76.5618057250977,"8"
"species",238,238,1756,607,23.9018096923828,"2"
"species",239,239,1779,634,47.2207565307617,"8"
"species",240,240,1405,493,15.6472902297974,"2"
"species",241,241,1060,507,258.074188232422,"8"
"species",242,242,938,581,72.4451446533203,"8"
"species",243,243,1777,643,47.2207527160645,"8"
"species",244,244,1618,556,45.9121856689453,"8"
"species",245,245,1342,486,16.1109504699707,"2"
"species",246,246,964,551,138.214370727539,"21"
"species",247,247,1010,654,55.1219329833984,"21"
"species",248,248,1010,495,131.272964477539,"21"
"species",249,249,1362,455,21.8033542633057,"8"
"species",250,250,1044,592,129.228149414062,"8"
"species",251,251,945,553,90.1486434936523,"21"
"species",252,252,1351,571,59.3752670288086,"8"
"species",253,253,1120,459,88.0344390869141,"8"
"species",254,254,887,608,95.7269744873047,"21"
"species",255,255,1179,509,12.2851095199585,"2"
"species",256,256,1097,466,88.0344390869141,"21"
"species",257,257,1097,482,163.580795288086,"8"
"species",258,258,985,499,130.632080078125,"21"
"species",259,259,1782,641,47.2207565307617,"8"
"species",260,260,1799,614,104.430213928223,"2"
"species",261,261,1750,608,24.2831153869629,"2"
"species",262,262,1337,481,16.1109504699707,"2"
"species",263,263,1614,553,8.32851409912109,"2"
"species",264,264,1592,552,8.32851409912109,"8"
"species",265,265,1038,523,332.797729492188,"8"
"species",266,266,1101,462,88.0344390869141,"21"
"species",267,267,1132,459,62.1432952880859,"2"
"species",268,268,1314,554,51.1525650024414,"9"
"species",269,269,1097,489,196.37907409668,"13"
"species",270,270,1550,524,8.32851409912109,"8"
"species",271,271,1098,465,88.0344390869141,"21"
"species",272,272,1110,507,12.2851085662842,"2"
"species",273,273,1073,509,35.1086807250977,"2"
"species",274,274,1073,505,35.1086769104004,"2"
"species",275,275,1111,472,62.365119934082,"8"
"species",276,276,1110,469,78.8164749145508,"2"
"species",277,277,1062,485,96.5451889038086,"8"
"species",278,278,892,568,83.7335510253906,"1"
"species",279,279,987,574,120.405693054199,"21"
"species",280,280,1592,584,34.1089019775391,"2"
"species",281,281,1034,565,89.748908996582,"21"
"species",282,282,1066,481,54.6680488586426,"21"
"species",283,283,991,724,44.0877685546875,"1"
"species",284,284,936,754,72.9573364257812,"1"
"species",285,285,849,833,67.9295196533203,"8"
"species",286,286,1235,459,1147.59704589844,"2"
"species",287,287,1030,566,88.3620681762695,"13"
"species",288,288,1642,592,45.3161163330078,"8"
"species",289,289,1501,545,15.3538837432861,"2"
"species",290,290,1175,458,104.665092468262,"2"
"species",291,291,1664,593,13.3724346160889,"2"
"species",292,292,1195,594,268.058135986328,"13"
"species",293,293,1115,472,77.8419342041016,"2"
"species",294,294,1179,459,104.665092468262,"8"
"species",295,295,1552,564,30.2770366668701,"8"
"species",296,296,1082,480,112.417007446289,"2"
"species",297,297,938,895,77.9810180664062,"1"
"species",298,298,925,981,59.1819381713867,"8"
"species",299,299,1530,532,14.5286293029785,"2"
"species",300,300,1712,636,24.975564956665,"8"
"species",301,301,1089,561,47.3731651306152,"1"
"species",302,302,990,763,39.7274856567383,"21"
"species",303,303,873,858,76.5618057250977,"1"
"species",304,304,1071,499,146.464599609375,"2"
"species",305,305,1076,473,54.6680526733398,"1"
"species",306,306,1086,538,62.1468391418457,"1"
"species",307,307,1106,474,88.0344390869141,"1"
"species",308,308,1274,497,39.9404716491699,"2"
"species",309,309,991,670,86.853271484375,"1"
"species",310,310,1115,546,48.7409248352051,"1"
"species",311,311,1351,478,16.1109504699707,"2"
"species",312,312,1081,486,54.6680488586426,"1"
"species",313,313,1128,499,66.4852676391602,"1"
"species",314,314,1198,464,80.5115737915039,"21"
"species",315,315,1063,596,129.609710693359,"1"
"species",316,316,1239,454,106.371536254883,"21"
"species",317,317,1261,480,28.0261325836182,"2"
"species",318,318,1479,508,7.99457311630249,"2"
"species",319,319,1836,615,49.4788665771484,"8"
"species",320,320,1236,454,87.0331344604492,"2"
"species",321,321,1509,558,54.8277740478516,"8"
"species",322,322,1254,455,105.474098205566,"21"
"species",323,323,1733,603,23.423942565918,"2"
"species",324,324,1749,600,23.9018096923828,"2"
"species",325,325,1698,613,13.3724336624146,"2"
"species",326,326,1659,564,45.912181854248,"8"
"species",327,327,1643,600,57.7711791992188,"8"
"species",328,328,1707,595,23.9018096923828,"2"
"species",329,329,1638,601,55.0335426330566,"2"
"species",330,330,1501,500,7.99457311630249,"2"
"species",331,331,1199,451,81.985107421875,"21"
"species",332,332,1524,520,8.72613334655762,"2"
"species",333,333,920,552,266.476287841797,"8"
"species",334,334,1835,621,126.113151550293,"8"
"species",335,335,1635,575,368.515075683594,"13"
"species",336,336,1164,447,935.370361328125,"2"
"species",337,337,1804,641,47.2207527160645,"8"
"species",338,338,963,752,144.425582885742,"6"
"species",339,339,1024,522,346.068939208984,"8"
"species",340,340,1204,451,2382.44482421875,"13"
"species",341,341,1388,454,21.803352355957,"8"
"species",342,342,938,561,97.0738906860352,"21"
"species",343,343,1064,469,201.625183105469,"8"
"species",344,344,1792,622,11.5878553390503,"2"
"species",345,345,1367,456,27.5398216247559,"2"
"species",346,346,1173,456,104.665092468262,"2"
"species",347,347,1311,474,39.9404716491699,"2"
"species",348,348,1549,533,8.32851409912109,"8"
"species",349,349,1222,478,31.4841175079346,"2"
"species",350,350,1066,491,331.923492431641,"8"
"species",351,351,933,630,153.254180908203,"1"
"species",352,352,1087,551,120.52010345459,"1"
"species",353,353,1069,541,3867.49389648438,"8"
"species",354,354,1750,631,12.0262975692749,"8"
"species",355,355,1363,474,69.4097366333008,"8"
"species",356,356,1815,600,108.685287475586,"9"
"species",357,357,1717,622,17.8032131195068,"8"
"species",358,358,1490,551,15.3538837432861,"2"
"species",359,359,1647,606,13.2312936782837,"2"
"species",360,360,1467,511,15.3538837432861,"2"
"species",361,361,1611,579,45.3161163330078,"2"
"species",362,362,1523,507,7.99457311630249,"2"
"species",363,363,1702,585,47.5090103149414,"8"
"species",364,364,1170,453,83.1051940917969,"21"
"species",365,365,1351,574,13.5638847351074,"8"
"species",366,366,1318,550,27.9818267822266,"9"
"species",367,367,1485,494,7.99457311630249,"8"
"species",368,368,1605,633,31.648380279541,"8"
"species",369,369,1598,621,93.2638168334961,"2"
"species",370,370,1614,590,86.8862838745117,"2"
"species",371,371,1581,559,14.0853967666626,"2"
"species",372,372,1603,587,348.498840332031,"2"
"species",373,373,1844,617,45.2908706665039,"8"
"species",374,374,1204,441,7615.6962890625,"13"
"species",375,375,1717,632,24.975564956665,"2"
"species",376,376,992,532,86.1829147338867,"8"
"species",377,377,1166,435,659.147399902344,"2"
"species",378,378,1369,456,21.8033542633057,"2"
"species",379,379,897,598,135.272064208984,"8"
"species",380,380,1146,500,192.811157226562,"13"
"species",381,381,1125,475,127.538475036621,"9"
"species",382,382,1133,466,68.913215637207,"2"
"species",383,383,1125,492,281.844116210938,"21"
"species",384,384,924,595,78.9452438354492,"1"
"species",385,385,1042,546,4841.74267578125,"13"
"species",386,386,1059,473,62.3651161193848,"13"
"species",387,387,1822,598,187.033157348633,"8"
"species",388,388,935,555,101.111183166504,"21"
"species",389,389,1683,586,47.5090103149414,"25"
"species",390,390,984,506,35.1086807250977,"2"
"species",391,391,1063,595,242.657012939453,"8"
"species",392,392,1179,479,66.4852600097656,"21"
"species",393,393,1012,566,195.669525146484,"21"
"species",394,394,1035,518,552.806030273438,"8"
"species",395,395,841,600,141.583236694336,"8"
"species",396,396,1813,601,212.872131347656,"8"
"species",397,397,1329,463,21.8033542633057,"8"
"species",398,398,1309,534,20.4771404266357,"2"
"species",399,399,1010,499,112.895240783691,"13"
"species",400,400,1308,456,21.8033542633057,"2"
"species",401,401,1871,613,106.963768005371,"2"
"species",402,402,1848,606,187.033157348633,"8"
"species",403,403,1131,510,595.196838378906,"21"
"species",404,404,1125,467,71.1256561279297,"2"
"species",405,405,1475,506,8.32851314544678,"2"
"species",406,406,1119,479,27.3929615020752,"2"
"species",407,407,1779,626,11.5878553390503,"15"
"species",408,408,1605,629,29.4081115722656,"8"
"species",409,409,1214,479,164.26042175293,"2"
"species",410,410,963,518,101.111190795898,"21"
"species",411,411,1161,540,67.3902816772461,"8"
"species",412,412,1064,499,22.6926345825195,"8"
"species",413,413,1339,454,90.6621017456055,"8"
"species",414,414,1448,492,15.8388786315918,"8"
"species",415,415,1608,617,31.6483783721924,"8"
"species",416,416,1059,509,155.835739135742,"21"
"species",417,417,1527,568,42.7215576171875,"8"
"species",418,418,1841,589,200.918731689453,"8"
"species",419,419,1713,626,13.3724336624146,"2"
"species",420,420,1821,619,163.65754699707,"8"
"species",421,421,1796,624,123.158958435059,"2"
"species",422,422,1807,644,79.4317092895508,"2"
"species",423,423,1834,586,182.781723022461,"8"
"species",424,424,1661,637,29.3746871948242,"8"
"species",425,425,1803,650,24.975564956665,"15"
"species",426,426,1220,457,140.540374755859,"2"
"species",427,427,1696,636,24.975564956665,"2"
"species",428,428,1482,516,8.01048278808594,"2"
"species",429,429,1831,591,186.989532470703,"2"
"species",430,430,1173,440,62.1432952880859,"2"
"species",431,431,1418,480,16.1109504699707,"8"
"species",432,432,1574,538,8.32851314544678,"2"
"species",433,433,1046,574,124.207229614258,"21"
"species",434,434,1145,443,62.1432991027832,"2"
"species",435,435,1065,509,155.835739135742,"21"
"species",436,436,945,548,97.1012878417969,"21"
"species",437,437,932,556,96.7551651000977,"21"
"species",438,438,1627,608,31.6483783721924,"2"
"species",439,439,1006,636,55.1219367980957,"1"
"species",440,440,906,712,69.1455078125,"8"
"species",441,441,895,610,146.653961181641,"1"
"species",442,442,1245,513,12.2851085662842,"2"
"species",443,443,1169,447,665.575256347656,"2"
"species",444,444,1173,456,1114.92114257812,"2"
"species",445,445,1081,622,1006.64916992188,"8"
"species",446,446,1135,468,263.444976806641,"3"
"species",447,447,1080,496,368.308044433594,"21"
"species",448,448,936,623,146.653945922852,"8"
"species",449,449,1097,490,173.278228759766,"21"
"species",450,450,1077,516,122.927871704102,"21"
"species",451,451,1236,477,31.4841175079346,"8"
"species",452,452,1430,605,29.3133430480957,"2"
"species",453,453,1372,463,21.8033542633057,"2"
"species",454,454,1642,565,56.4491729736328,"14"
"species",455,455,1105,513,192.811157226562,"2"
"species",456,456,1275,507,39.9404716491699,"8"
"species",457,457,1073,512,122.927871704102,"21"
"species",458,458,1008,502,35.1086807250977,"2"
"species",459,459,894,570,85.4021987915039,"21"
"species",460,460,1252,521,55.0739784240723,"9"
"species",461,461,1185,457,76.6893920898438,"2"
"species",462,462,1385,459,9.66579723358154,"2"
"species",463,463,1170,440,62.1432952880859,"2"
"species",464,464,1144,503,285.836822509766,"13"
"species",465,465,1102,498,173.043045043945,"8"
"species",466,466,952,521,93.1473617553711,"9"
"species",467,467,1006,654,55.1219367980957,"1"
"species",468,468,1771,624,13.3724336624146,"2"
"species",469,469,942,562,99.3551406860352,"21"
"species",470,470,1201,433,989.29736328125,"2"
"species",471,471,1577,536,8.32851409912109,"8"
"species",472,472,886,791,59.181941986084,"8"
"species",473,473,937,972,77.9810180664062,"21"
"species",474,474,963,987,77.9810180664062,"8"
"species",475,475,1333,626,29.3296756744385,"21"
"species",476,476,1192,460,104.665092468262,"3"
"species",477,477,1482,523,15.3538837432861,"2"
"species",478,478,1226,469,28.0261344909668,"2"
"species",479,479,1480,535,15.3538837432861,"2"
"species",480,480,1473,510,14.3602733612061,"8"
"species",481,481,1337,453,91.0330429077148,"2"
"species",482,482,1461,572,13.5638847351074,"2"
"species",483,483,1520,512,7.99457311630249,"2"
"species",484,484,977,692,97.1699829101562,"78"
"species",485,485,1054,491,109.22191619873,"1"
"species",486,486,1824,614,87.8582992553711,"8"
"species",487,487,1453,493,9.269850730896,"2"
"species",488,488,1210,438,8061.51025390625,"13"
"species",489,489,1529,622,36.5193023681641,"2"
"species",490,490,1857,652,83.8414916992188,"3"
"species",491,491,1120,472,27.3929615020752,"2"
"species",492,492,1341,481,16.1109504699707,"8"
"species",493,493,1759,620,13.3724336624146,"2"
"species",494,494,1827,595,107.568031311035,"8"
"species",495,495,1621,575,368.515045166016,"8"
"species",496,496,1377,455,9.269850730896,"8"
"species",497,497,1224,454,178.903701782227,"8"
"species",498,498,1464,492,9.269850730896,"2"
"species",499,499,922,582,71.5930709838867,"8"
"species",500,500,1040,508,155.835739135742,"8"
"species",501,501,1487,560,53.5546798706055,"8"
"species",502,502,1641,585,47.5090103149414,"2"
"species",503,503,1537,559,8.32851409912109,"2"
"species",504,504,936,569,84.1557693481445,"1"
"species",505,505,1170,456,153.972549438477,"13"
"species",506,506,1217,460,107.314193725586,"8"
"species",507,507,1501,603,26.2546710968018,"8"
"species",508,508,959,550,101.111183166504,"21"
"species",509,509,1170,453,87.5569686889648,"8"
"species",510,510,1163,461,104.788383483887,"2"
"species",511,511,1496,541,15.3538837432861,"8"
"species",512,512,1189,458,107.314193725586,"21"
"species",513,513,903,618,146.653961181641,"8"
"species",514,514,1816,620,73.4699630737305,"2"
"species",515,515,1549,550,8.32851409912109,"15"
"species",516,516,1776,629,23.914623260498,"2"
"species",517,517,1680,582,47.5090103149414,"8"
"species",518,518,1826,619,159.642501831055,"2"
"species",519,519,1825,602,187.033157348633,"8"
"species",520,520,1820,629,123.158958435059,"8"
"species",521,521,1829,595,75.6105728149414,"8"
"species",522,522,1634,576,368.515075683594,"8"
"species",523,523,1627,615,93.2638168334961,"2"
"species",524,524,1347,478,39.9404716491699,"2"
"species",525,525,1121,458,62.1432991027832,"2"
"species",526,526,1532,560,45.8973770141602,"2"
"species",527,527,893,1001,77.9810256958008,"21"
"species",528,528,1262,474,28.0254764556885,"8"
