"species","x","y","bio4","bio16","gpw2000_30_sec","swa_2000lulc_2km"
"species",1,1,1061,492,146.464593266447,"9"
"species",2,2,990,530,277.744457829451,"8"
"species",3,3,883,586,81.4365999391549,"21"
"species",4,4,1016,497,324.136080184699,"21"
"species",5,5,1059,508,125.539439551812,"8"
"species",6,6,1013,552,838.323408968824,"13"
"species",7,7,943,602,136.262894426567,"8"
"species",8,8,926,603,155.333251997828,"1"
"species",9,9,950,708,69.2006495445967,"1"
"species",10,10,1000,594,268.481857370876,"21"
"species",11,11,1100,587,188.625379964709,"8"
"species",12,12,919,598,104.534336426432,"8"
"species",13,13,771,1043,76.5618060777585,"31"
"species",14,14,1191,447,4778.3535200576,"13"
"species",15,15,1032,534,94.8997115465162,"8"
"species",16,16,1070,545,4731.86116542809,"13"
"species",17,17,1087,551,120.577222399776,"1"
"species",18,18,959,546,266.476282685995,"1"
"species",19,19,962,716,51.0278341449138,"1"
"species",20,20,1078,544,4871.93225622177,"13"
"species",21,21,952,565,139.5452786244,"21"
"species",22,22,1103,496,174.158336484659,"8"
"species",23,23,1028,546,204.184598244666,"21"
"species",24,24,954,572,83.5130711123347,"21"
"species",25,25,940,602,203.470295206973,"8"
"species",26,26,1045,544,96.865690998733,"21"
"species",27,27,942,940,77.9810211881995,"1"
"species",28,28,881,592,137.263175637642,"21"
"species",29,29,1163,489,623.758380052214,"21"
"species",30,30,930,579,182.136685357281,"8"
"species",31,31,997,577,223.203464791287,"8"
"species",32,32,1010,499,111.208333699697,"13"
"species",33,33,984,547,266.476282298565,"13"
"species",34,34,924,610,155.304796770209,"1"
"species",35,35,1005,563,178.737688198686,"8"
"species",36,36,885,577,167.774179012318,"8"
"species",37,37,1178,440,2209.05704646396,"13"
"species",38,38,1329,464,21.8033534791321,"8"
"species",39,39,1013,484,130.632072657347,"2"
"species",40,40,980,676,97.1699872240424,"9"
"species",41,41,1239,456,93.0460819974542,"8"
"species",42,42,1383,476,64.6627370566046,"8"
"species",43,43,1030,586,87.9407831582249,"21"
"species",44,44,895,610,146.653956130147,"1"
"species",45,45,1274,465,64.6427347511053,"8"
"species",46,46,929,606,155.190992087121,"8"
"species",47,47,919,550,165.108220991303,"21"
"species",48,48,951,555,244.103119895609,"8"
"species",49,49,1115,487,427.014916744046,"8"
"species",50,50,955,556,262.068325386097,"8"
"species",51,51,1035,657,248.969121516933,"8"
"species",52,52,936,559,176.334273830108,"8"
"species",53,53,1094,486,142.104758255336,"2"
"species",54,54,1006,619,73.3765832781458,"1"
"species",55,55,1068,494,173.204806238458,"8"
"species",56,56,1102,498,170.878170349744,"8"
"species",57,57,943,721,69.1285022124596,"21"
"species",58,58,1083,576,183.451147564766,"1"
"species",59,59,1252,479,164.260419428349,"8"
"species",60,60,892,592,90.0132536812548,"21"
"species",61,61,1026,495,133.166006989701,"8"
"species",62,62,928,577,180.454835669883,"8"
"species",63,63,933,630,153.254177317023,"1"
"species",64,64,1060,476,70.5282521932162,"2"
"species",65,65,1143,464,902.169060565247,"8"
"species",66,66,937,595,171.601001664815,"21"
"species",67,67,1100,488,336.882714333176,"21"
"species",68,68,898,623,73.1341437475174,"1"
"species",69,69,938,558,384.186366996856,"21"
"species",70,70,1237,459,65.116795867708,"8"
"species",71,71,1063,476,62.3651190288365,"8"
"species",72,72,1203,468,151.212776261441,"8"
"species",73,73,1143,454,82.9319154401086,"8"
"species",74,74,1158,462,73.5834420149098,"21"
"species",75,75,892,602,83.5130732506514,"1"
"species",76,76,893,604,72.4451400637627,"21"
"species",77,77,880,642,83.6362783461809,"1"
"species",78,78,1369,455,21.8033539541066,"15"
"species",79,79,1522,544,15.3538834210485,"2"
"species",80,80,1568,572,30.2770376820117,"8"
"species",81,81,930,551,84.6945284679006,"21"
"species",82,82,1126,472,70.8868263587355,"2"
"species",83,83,900,580,84.4146357998252,"21"
"species",84,84,870,615,95.7044690623879,"8"
"species",85,85,1003,612,73.1923961714264,"21"
"species",86,86,860,886,76.5618063732982,"21"
"species",87,87,958,705,69.2006492391229,"21"
"species",88,88,832,1028,77.9810227453709,"1"
"species",89,89,922,711,59.2467420361776,"9"
"species",90,90,933,632,69.2006479650736,"1"
"species",91,91,1070,495,142.621888868988,"2"
"species",92,92,1074,497,149.23346924104,"9"
"species",93,93,1048,495,146.560784539041,"9"
"species",94,94,1098,496,173.230301633486,"21"
"species",95,95,1017,532,509.054742744705,"21"
"species",96,96,894,593,79.7593071087815,"21"
"species",97,97,898,587,83.8812415821134,"21"
"species",98,98,859,593,84.2636711448699,"21"
"species",99,99,893,620,72.7790123521987,"8"
"species",100,100,894,630,75.4984040404407,"8"
"species",101,101,899,607,72.4451398402452,"21"
"species",102,102,907,648,83.6362812817097,"21"
"species",103,103,901,660,83.6258058771504,"1"
"species",104,104,872,663,79.1897194166153,"21"
"species",105,105,1022,501,39.0017192774239,"21"
"species",106,106,1019,494,38.7746017388999,"8"
"species",107,107,1023,504,37.7663246187685,"21"
"species",108,108,885,607,83.6663882136193,"8"
"species",109,109,893,605,111.454305238983,"21"
"species",110,110,995,555,264.831413880411,"8"
"species",111,111,1004,519,880.332499528608,"8"
"species",112,112,1016,568,124.194099321966,"21"
"species",113,113,1027,562,101.15508795874,"21"
"species",114,114,960,546,722.521425147392,"21"
"species",115,115,1087,607,47.180631801486,"21"
"species",116,116,1625,596,31.1201393381406,"15"
"species",117,117,1543,617,31.6483792159706,"2"
"species",118,118,1550,604,17.2328880637665,"2"
"species",119,119,1539,515,7.99457286531106,"2"
"species",120,120,1536,517,8.0032497518704,"8"
"species",121,121,1782,623,25.0666630806725,"2"
"species",122,122,1791,635,47.220755752176,"2"
"species",123,123,1814,645,60.1243311558026,"8"
"species",124,124,1778,612,33.5646222542391,"2"
"species",125,125,1471,505,15.2223088237981,"2"
"species",126,126,1477,503,10.9468449388441,"8"
"species",127,127,989,570,88.5507980547539,"8"
"species",128,128,883,605,83.5352247953402,"8"
"species",129,129,964,599,155.333253622055,"1"
"species",130,130,1113,471,63.5417709164944,"2"
"species",131,131,1164,596,268.058144281308,"8"
"species",132,132,966,547,158.220933534444,"8"
"species",133,133,863,635,83.5857031643493,"1"
"species",134,134,891,835,76.5618059709668,"1"
"species",135,135,960,604,163.581839501492,"8"
"species",136,136,1538,514,8.00364848133137,"2"
"species",137,137,1740,610,11.5878555672243,"2"
"species",138,138,1126,507,104.619238411493,"9"
"species",139,139,952,555,159.644566685021,"8"
"species",140,140,960,557,203.936984311972,"8"
"species",141,141,1083,500,150.197226125967,"21"
"species",142,142,929,586,83.5130716860294,"8"
"species",143,143,1030,569,99.2831960332118,"8"
"species",144,144,1701,592,23.9018098358065,"2"
"species",145,145,1796,633,47.1156765409048,"8"
"species",146,146,1545,561,24.9279500663015,"2"
"species",147,147,1525,512,8.32848954293877,"2"
"species",148,148,935,571,84.4146363884211,"21"
"species",149,149,1108,478,31.108424272952,"2"
"species",150,150,1069,482,145.582661472453,"2"
"species",151,151,1115,480,66.9515439968854,"2"
"species",152,152,1553,539,8.32851382251829,"8"
"species",153,153,1176,472,696.131098663919,"8"
"species",154,154,1107,475,156.562285086921,"2"
"species",155,155,1066,498,173.193332225074,"8"
"species",156,156,1050,629,238.961779773235,"8"
"species",157,157,1167,474,692.858120685398,"9"
"species",158,158,972,591,193.808026984435,"8"
"species",159,159,1787,637,24.9755647704005,"8"
"species",160,160,913,562,599.255589684786,"1"
"species",161,161,934,547,100.886460632116,"21"
"species",162,162,1077,487,217.830595209639,"2"
"species",163,163,1572,576,30.2770382035524,"8"
"species",164,164,1556,589,13.5787339424716,"2"
"species",165,165,1076,480,38.7746027521789,"2"
"species",166,166,1437,503,13.725075202376,"2"
"species",167,167,1080,480,28.1680328809834,"2"
"species",168,168,1014,494,38.7746020145714,"21"
"species",169,169,933,708,69.2006505727768,"8"
"species",170,170,1478,503,8.27811791016837,"2"
"species",171,171,1779,634,47.220755033195,"8"
"species",172,172,1852,609,176.854261729163,"8"
"species",173,173,1798,612,75.9409369685989,"2"
"species",174,174,1798,638,47.2207547165453,"2"
"species",175,175,1097,466,88.0344362929463,"21"
"species",176,176,985,499,130.557835750315,"21"
"species",177,177,1045,485,93.2306658029855,"21"
"species",178,178,916,585,96.6923481762123,"8"
"species",179,179,1025,623,72.3452824388922,"8"
"species",180,180,1051,568,88.7184446230162,"21"
"species",181,181,1011,514,171.82033892101,"8"
"species",182,182,1073,505,35.1086786463857,"2"
"species",183,183,1010,654,61.3606121771674,"21"
"species",184,184,1136,591,266.403967723373,"8"
"species",185,185,1120,459,88.0351059287786,"8"
"species",186,186,1074,471,88.0344366505742,"1"
"species",187,187,945,553,90.3193009862471,"21"
"species",188,188,980,869,55.5181102599813,"21"
"species",189,189,889,599,83.5130732804537,"21"
"species",190,190,920,594,312.835780113746,"8"
"species",191,191,1787,643,47.2207545414567,"8"
"species",192,192,1110,507,12.315577311445,"2"
"species",193,193,1101,462,88.0344356298447,"21"
"species",194,194,1330,485,27.7750494815295,"99"
"species",195,195,1863,661,28.7210868895054,"2"
"species",196,196,1198,497,12.2851085942239,"2"
"species",197,197,1782,641,43.6482142359052,"8"
"species",198,198,1558,564,20.3424272836825,"8"
"species",199,199,1216,467,85.1830618775173,"8"
"species",200,200,1097,489,197.977926503695,"13"
"species",201,201,937,543,806.290589398189,"21"
"species",202,202,1133,509,12.2851088792086,"2"
"species",203,203,924,578,216.888581028021,"13"
"species",204,204,981,542,117.602777371178,"21"
"species",205,205,1042,653,238.961779713631,"8"
"species",206,206,1023,493,35.4062486123486,"2"
"species",207,207,1002,674,82.7941398906989,"8"
"species",208,208,1231,452,74.4995024999836,"21"
"species",209,209,974,608,73.5591972321272,"8"
"species",210,210,1034,565,89.7320844903139,"21"
"species",211,211,1005,552,63.5969063754679,"21"
"species",212,212,1003,659,173.619034264421,"8"
"species",213,213,1027,649,217.486190343265,"8"
"species",214,214,873,858,76.5618061572313,"1"
"species",215,215,920,747,62.004003896807,"1"
"species",216,216,1073,509,35.1086794473231,"2"
"species",217,217,964,545,159.741824761033,"21"
"species",218,218,938,565,167.324439927331,"1"
"species",219,219,1104,574,47.9977731481575,"21"
"species",220,220,1125,492,282.603847504154,"21"
"species",221,221,1100,602,47.1806300319731,"1"
"species",222,222,1089,561,48.3054570219383,"1"
"species",223,223,990,763,39.9390476902274,"21"
"species",224,224,1065,509,155.835730493069,"21"
"species",225,225,1076,473,54.6680506318808,"1"
"species",226,226,1086,538,62.1468408405781,"1"
"species",227,227,1106,474,88.0344391837716,"1"
"species",228,228,1274,497,39.9404731355608,"2"
"species",229,229,991,670,85.847209631669,"1"
"species",230,230,1115,546,48.7409245334566,"1"
"species",231,231,1081,486,54.6694134548314,"1"
"species",232,232,1351,478,16.1109505612403,"2"
"species",233,233,1128,499,66.4852636307478,"1"
"species",234,234,1198,464,83.3472274008163,"21"
"species",235,235,1063,596,129.609715506434,"1"
"species",236,236,1239,454,104.970841154939,"21"
"species",237,237,1051,505,155.835734989781,"21"
"species",238,238,965,616,180.403259939419,"21"
"species",239,239,1106,576,48.7409229762852,"8"
"species",240,240,1509,509,7.99457306601107,"2"
"species",241,241,1066,491,335.561305880283,"8"
"species",242,242,1371,442,18.8938369400052,"2"
"species",243,243,905,612,112.94025001015,"21"
"species",244,244,920,609,151.918412939029,"1"
"species",245,245,1078,542,4830.73824167899,"13"
"species",246,246,1093,613,260.558396669216,"8"
"species",247,247,1490,551,15.3538834964856,"2"
"species",248,248,957,615,188.625376090407,"1"
"species",249,249,1777,644,48.0556841193639,"8"
"species",250,250,964,546,223.088214527917,"1"
"species",251,251,925,981,59.1819366216659,"8"
"species",252,252,1097,490,173.278222680092,"21"
"species",253,253,1482,516,8.04668484489577,"2"
"species",254,254,960,590,152.907446213477,"1"
"species",255,255,935,555,100.991320170463,"21"
"species",256,256,966,700,69.2006483003497,"1"
"species",257,257,1608,617,31.6483794748783,"8"
"species",258,258,1068,619,188.624616429209,"8"
"species",259,259,1213,447,6978.69307396515,"13"
"species",260,260,1146,455,62.1432976163924,"1"
"species",261,261,1512,509,7.99457298079505,"2"
"species",262,262,1524,558,54.9196268990522,"8"
"species",263,263,1485,494,7.99457300733775,"8"
"species",264,264,1166,435,688.487962215296,"2"
"species",265,265,1628,582,19.6255089901357,"8"
"species",266,266,1804,641,47.2207539305091,"8"
"species",267,267,1176,431,1166.66547977839,"2"
"species",268,268,1047,684,1551.17248666286,"8"
"species",269,269,1116,468,27.3929609656334,"2"
"species",270,270,1014,500,35.1086792014539,"2"
"species",271,271,1369,456,21.8033536616713,"2"
"species",272,272,1520,559,48.0304022575221,"8"
"species",273,273,1628,600,93.2638202980161,"15"
"species",274,274,1226,469,28.0261338762939,"2"
"species",275,275,908,598,115.966193102984,"8"
"species",276,276,1500,516,13.2798073388626,"2"
"species",277,277,952,521,93.9750591426943,"9"
"species",278,278,919,568,84.4146356284618,"21"
"species",279,279,1807,644,81.103418759127,"2"
"species",280,280,1792,617,23.9018094595522,"2"
"species",281,281,1125,474,129.253577847939,"2"
"species",282,282,1598,621,93.2638180553913,"2"
"species",283,283,1064,499,22.6926351059228,"8"
"species",284,284,943,627,153.254182115197,"8"
"species",285,285,925,580,180.147149281279,"8"
"species",286,286,985,614,61.8602877063278,"8"
"species",287,287,926,880,77.9810217544436,"1"
"species",288,288,1006,654,55.1219365186989,"1"
"species",289,289,1105,472,115.311483831838,"21"
"species",290,290,1033,514,35.1086789220571,"2"
"species",291,291,1625,580,368.515061944723,"2"
"species",292,292,1159,530,56.9827611967921,"21"
"species",293,293,1683,586,47.5090106390417,"25"
"species",294,294,1577,536,8.32851378899068,"8"
"species",295,295,1125,475,116.225207842332,"9"
"species",296,296,1251,443,8061.15866708758,"13"
"species",297,297,1028,520,124.141072541432,"21"
"species",298,298,1169,447,665.01063075174,"2"
"species",299,299,1173,456,1105.4778934441,"2"
"species",300,300,1081,622,964.787410510709,"8"
"species",301,301,1135,468,263.444989115,"3"
"species",302,302,1080,496,367.160324244766,"21"
"species",303,303,936,623,146.653951853514,"8"
"species",304,304,1844,617,44.1872628453217,"8"
"species",305,305,1524,520,8.54500515107038,"2"
"species",306,306,1750,631,12.0281213867487,"8"
"species",307,307,1477,513,15.3538835654035,"2"
"species",308,308,1268,524,12.2851083208289,"9"
"species",309,309,1144,503,285.836834281683,"13"
"species",310,310,706,1042,76.5618032167355,"8"
"species",311,311,1021,570,124.141595222089,"1"
"species",312,312,1092,528,122.927871868014,"21"
"species",313,313,906,712,69.1228164508863,"8"
"species",314,314,897,598,132.184007048677,"8"
"species",315,315,992,532,86.1829177811742,"8"
"species",316,316,1035,518,527.306888743712,"8"
"species",317,317,984,506,35.1086791604757,"2"
"species",318,318,965,556,248.195110320256,"8"
"species",319,319,1086,586,125.47870058582,"21"
"species",320,320,910,639,83.6362799182534,"8"
"species",321,321,1088,494,171.569678992211,"21"
"species",322,322,891,606,141.477821057224,"1"
"species",323,323,1183,449,1311.08139530855,"13"
"species",324,324,1347,478,39.9404726289213,"2"
