"species","x","y","bio4","bio16","gpw2000_30_sec","swa_2000lulc_2km"
"species",1,1,1191,447,5515.67724609375,"13"
"species",2,2,1061,492,146.464599609375,"9"
"species",3,3,990,530,283.663452148438,"8"
"species",4,4,1089,579,48.7409248352051,"1"
"species",5,5,1176,490,12.2851085662842,"2"
"species",6,6,1509,509,7.99457311630249,"2"
"species",7,7,1204,451,2382.44482421875,"13"
"species",8,8,1171,436,67.8592758178711,"8"
"species",9,9,1355,474,65.0076217651367,"8"
"species",10,10,1357,452,10.6904935836792,"2"
"species",11,11,1329,463,21.8033542633057,"8"
"species",12,12,883,586,82.5017166137695,"21"
"species",13,13,1204,441,7615.6962890625,"13"
"species",14,14,897,598,135.272064208984,"8"
"species",15,15,1382,439,21.6681728363037,"2"
"species",16,16,1356,474,69.3124694824219,"8"
"species",17,17,1328,490,158.605010986328,"2"
"species",18,18,1078,544,4871.93212890625,"13"
"species",19,19,1026,495,134.922729492188,"8"
"species",20,20,1045,544,96.8656921386719,"21"
"species",21,21,1290,491,47.1303863525391,"2"
"species",22,22,973,819,176.495574951172,"1"
"species",23,23,1016,497,333.760406494141,"21"
"species",24,24,1222,460,101.222198486328,"21"
"species",25,25,1383,476,64.6427383422852,"8"
"species",26,26,1848,606,187.033157348633,"8"
"species",27,27,1183,472,765.849304199219,"21"
"species",28,28,905,612,111.781425476074,"21"
"species",29,29,1075,534,195.669525146484,"21"
"species",30,30,1059,508,127.341445922852,"8"
"species",31,31,1143,574,261.376983642578,"8"
"species",32,32,923,590,78.6185455322266,"21"
"species",33,33,1096,495,173.278213500977,"21"
"species",34,34,1013,552,531.619750976562,"13"
"species",35,35,1063,522,122.927871704102,"8"
"species",36,36,1013,484,130.632064819336,"2"
"species",37,37,1251,443,8061.51025390625,"13"
"species",38,38,943,602,120.175727844238,"8"
"species",39,39,1109,529,219.839935302734,"21"
"species",40,40,1066,505,109.22191619873,"8"
"species",41,41,966,542,159.209167480469,"8"
"species",42,42,959,546,266.476287841797,"1"
"species",43,43,926,603,155.333251953125,"1"
"species",44,44,1061,473,62.365119934082,"2"
"species",45,45,950,708,69.2006454467773,"1"
"species",46,46,1000,594,264.156219482422,"21"
"species",47,47,1052,563,263.471435546875,"21"
"species",48,48,1100,587,188.625381469727,"8"
"species",49,49,895,610,146.653961181641,"1"
"species",50,50,919,598,102.726890563965,"8"
"species",51,51,1200,469,803.260070800781,"2"
"species",52,52,1072,621,1064.81335449219,"8"
"species",53,53,771,1043,76.5618057250977,"31"
"species",54,54,942,940,77.9810180664062,"1"
"species",55,55,1075,561,95.0469284057617,"8"
"species",56,56,1141,507,192.811157226562,"2"
"species",57,57,929,606,155.193725585938,"8"
"species",58,58,1328,459,21.8033542633057,"2"
"species",59,59,1621,575,368.515045166016,"8"
"species",60,60,1032,534,95.0354919433594,"8"
"species",61,61,1231,453,2945.83374023438,"13"
"species",62,62,1087,551,120.52010345459,"1"
"species",63,63,960,590,155.333251953125,"1"
"species",64,64,1213,447,7595.47021484375,"13"
"species",65,65,1115,487,345.755889892578,"8"
"species",66,66,1070,545,4781.9638671875,"13"
"species",67,67,892,592,84.3945083618164,"21"
"species",68,68,1060,476,64.4457702636719,"2"
"species",69,69,969,936,77.794807434082,"21"
"species",70,70,1056,521,109.755096435547,"8"
"species",71,71,1064,499,22.6926345825195,"8"
"species",72,72,1183,449,1043.12109375,"13"
"species",73,73,1201,494,12.2851085662842,"2"
"species",74,74,1222,478,31.4841175079346,"2"
"species",75,75,1517,514,7.99457311630249,"2"
"species",76,76,920,609,153.234954833984,"1"
"species",77,77,924,610,155.333251953125,"1"
"species",78,78,1176,431,1164.94055175781,"2"
"species",79,79,1241,470,164.26042175293,"2"
"species",80,80,1166,435,659.147399902344,"2"
"species",81,81,886,598,78.6430969238281,"21"
"species",82,82,881,592,141.79670715332,"21"
"species",83,83,1099,464,79.6243286132812,"1"
"species",84,84,972,694,97.1699829101562,"8"
"species",85,85,1362,442,10.410608291626,"2"
"species",86,86,900,1016,77.9810180664062,"21"
"species",87,87,1642,565,56.4491729736328,"14"
"species",88,88,1125,492,281.844116210938,"21"
"species",89,89,962,716,50.7844047546387,"1"
"species",90,90,1027,669,200.216644287109,"8"
"species",91,91,999,763,176.495590209961,"8"
"species",92,92,952,565,127.936836242676,"21"
"species",93,93,1117,478,143.299713134766,"21"
"species",94,94,1103,496,174.172302246094,"8"
"species",95,95,1091,527,122.927871704102,"21"
"species",96,96,1164,447,935.370361328125,"2"
"species",97,97,1028,546,224.358245849609,"21"
"species",98,98,954,572,83.513069152832,"21"
"species",99,99,940,602,208.190734863281,"8"
"species",100,100,1080,549,96.8656921386719,"1"
"species",101,101,1059,473,62.3651161193848,"13"
"species",102,102,1605,633,31.648380279541,"8"
"species",103,103,1528,525,7.99457263946533,"2"
"species",104,104,1583,573,45.3161163330078,"8"
"species",105,105,1804,641,47.2207527160645,"8"
"species",106,106,1162,466,926.984252929688,"2"
"species",107,107,1163,489,647.445556640625,"21"
"species",108,108,930,579,192.635498046875,"8"
"species",109,109,997,577,222.451919555664,"8"
"species",110,110,1010,499,112.895240783691,"13"
"species",111,111,1018,506,143.149276733398,"21"
"species",112,112,1044,474,509.759307861328,"8"
"species",113,113,1006,619,73.5313034057617,"1"
"species",114,114,1034,632,122.235809326172,"8"
"species",115,115,1141,469,62.1432952880859,"2"
"species",116,116,1051,505,155.835739135742,"21"
"species",117,117,1016,529,86.1829147338867,"21"
"species",118,118,1051,507,152.490707397461,"21"
"species",119,119,984,547,266.476287841797,"13"
"species",120,120,940,587,112.511528015137,"1"
"species",121,121,1806,616,160.790618896484,"8"
"species",122,122,1367,479,111.174736022949,"2"
"species",123,123,1178,440,2465.0966796875,"13"
"species",124,124,1342,464,41.5667114257812,"2"
"species",125,125,1163,461,104.788383483887,"2"
"species",126,126,1083,576,183.593200683594,"1"
"species",127,127,1088,494,172.944702148438,"21"
"species",128,128,1005,563,178.737686157227,"8"
"species",129,129,870,857,59.1819381713867,"8"
"species",130,130,885,577,155.333251953125,"8"
"species",131,131,1089,498,146.596389770508,"2"
"species",132,132,919,550,160.944412231445,"21"
"species",133,133,1202,456,65.217155456543,"2"
"species",134,134,1244,488,40.3434257507324,"2"
"species",135,135,935,555,101.111183166504,"21"
"species",136,136,1329,464,21.8033542633057,"8"
"species",137,137,1261,485,149.038482666016,"2"
"species",138,138,1337,469,64.6427383422852,"8"
"species",139,139,1340,484,164.26042175293,"2"
"species",140,140,1298,582,29.31325340271,"1"
"species",141,141,869,552,86.1257553100586,"8"
"species",142,142,1081,532,122.911354064941,"21"
"species",143,143,1365,445,14.2677574157715,"2"
"species",144,144,1340,455,19.4944667816162,"2"
"species",145,145,1296,453,90.69287109375,"2"
"species",146,146,908,598,114.025398254395,"8"
"species",147,147,1274,465,64.6427307128906,"8"
"species",148,148,1316,463,64.5624847412109,"8"
"species",149,149,1615,583,30.2770385742188,"2"
"species",150,150,1232,456,178.903701782227,"2"
"species",151,151,1561,521,8.27779102325439,"2"
"species",152,152,1047,522,62.2483329772949,"1"
"species",153,153,1235,459,1147.59704589844,"2"
"species",154,154,1384,454,9.26984977722168,"8"
"species",155,155,1128,557,129.030609130859,"1"
"species",156,156,1038,552,62.2483329772949,"1"
"species",157,157,1065,509,155.835739135742,"21"
"species",158,158,1065,574,192.811157226562,"21"
"species",159,159,1071,473,62.365119934082,"2"
"species",160,160,964,546,234.305709838867,"1"
"species",161,161,980,676,97.1699905395508,"9"
"species",162,162,1333,626,29.3296756744385,"21"
"species",163,163,1062,545,140.808197021484,"1"
"species",164,164,1002,720,42.0091133117676,"8"
"species",165,165,989,496,469.486389160156,"8"
"species",166,166,1236,477,31.4841175079346,"8"
"species",167,167,1202,424,2584.28857421875,"13"
"species",168,168,849,601,103.036224365234,"8"
"species",169,169,1626,604,31.6483783721924,"2"
"species",170,170,1093,596,47.1806335449219,"1"
"species",171,171,1732,608,23.9018096923828,"2"
"species",172,172,1239,456,93.0460815429688,"8"
"species",173,173,1030,586,88.2002716064453,"21"
"species",174,174,1608,577,300.831848144531,"8"
"species",175,175,938,895,77.9810180664062,"1"
"species",176,176,1078,542,4871.93212890625,"13"
"species",177,177,1329,479,64.6427307128906,"2"
"species",178,178,1256,463,64.6427307128906,"2"
"species",179,179,1334,473,64.6427307128906,"8"
"species",180,180,1330,482,136.7900390625,"8"
"species",181,181,994,660,55.1219367980957,"1"
"species",182,182,1361,477,125.834373474121,"2"
"species",183,183,1064,469,201.625183105469,"8"
"species",184,184,925,580,190.429168701172,"8"
"species",185,185,1523,507,7.99457311630249,"2"
"species",186,186,1521,510,7.99457311630249,"3"
"species",187,187,1171,442,62.1432991027832,"8"
"species",188,188,912,613,146.653961181641,"21"
"species",189,189,1478,502,8.32851409912109,"2"
"species",190,190,1067,524,76.7963638305664,"1"
"species",191,191,1165,441,62.1432952880859,"2"
"species",192,192,1268,488,143.433135986328,"2"
"species",193,193,951,555,248.258056640625,"8"
"species",194,194,1546,562,30.5128440856934,"2"
"species",195,195,1501,506,7.99457311630249,"8"
"species",196,196,1043,528,192.811157226562,"2"
"species",197,197,1051,502,170.378372192383,"21"
"species",198,198,955,556,264.542755126953,"8"
"species",199,199,1035,657,248.812072753906,"8"
"species",200,200,1333,472,62.169319152832,"8"
"species",201,201,842,1011,77.9260787963867,"21"
"species",202,202,1576,568,30.2770366668701,"2"
"species",203,203,926,880,77.9810180664062,"1"
"species",204,204,1197,492,12.2851085662842,"2"
"species",205,205,1227,481,161.637451171875,"2"
"species",206,206,969,610,155.333251953125,"21"
"species",207,207,936,559,178.660491943359,"8"
"species",208,208,1094,486,137.720108032227,"2"
"species",209,209,1022,544,253.810424804688,"21"
"species",210,210,1371,442,19.5668869018555,"2"
"species",211,211,1206,502,12.2851085662842,"2"
"species",212,212,1485,530,15.3538837432861,"8"
"species",213,213,854,601,153.254180908203,"13"
"species",214,214,1106,480,267.508117675781,"2"
"species",215,215,1363,434,18.2194976806641,"2"
"species",216,216,1272,501,39.9404716491699,"2"
"species",217,217,1146,455,62.1432991027832,"1"
"species",218,218,1014,649,44.0877647399902,"1"
"species",219,219,1334,459,21.8033542633057,"2"
"species",220,220,1365,475,64.6427383422852,"2"
"species",221,221,1284,453,92.8125686645508,"31"
"species",222,222,1077,566,48.7409248352051,"8"
"species",223,223,1369,461,21.8033542633057,"2"
"species",224,224,1068,494,173.278228759766,"8"
"species",225,225,789,1026,76.6122817993164,"8"
"species",226,226,1216,461,107.314193725586,"21"
"species",227,227,1027,526,152.196258544922,"8"
"species",228,228,1625,576,368.515075683594,"13"
"species",229,229,1071,471,292.078918457031,"8"
"species",230,230,1102,498,173.043045043945,"8"
"species",231,231,943,721,69.1540679931641,"21"
"species",232,232,1143,454,922.254760742188,"2"
"species",233,233,945,581,71.5930709838867,"21"
"species",234,234,1252,479,164.26042175293,"8"
"species",235,235,1483,495,7.99457311630249,"2"
"species",236,236,1489,514,7.99457311630249,"2"
"species",237,237,1545,527,8.32851409912109,"2"
"species",238,238,1807,616,36.4315719604492,"2"
"species",239,239,1316,481,39.9404716491699,"2"
"species",240,240,1086,567,48.7409248352051,"1"
"species",241,241,942,562,99.3551406860352,"21"
"species",242,242,913,607,155.333251953125,"8"
"species",243,243,1360,460,30.2803955078125,"2"
"species",244,244,1106,576,48.7409210205078,"8"
"species",245,245,1248,488,39.9634628295898,"2"
"species",246,246,1343,459,21.8033542633057,"8"
"species",247,247,1065,578,96.8656921386719,"21"
"species",248,248,1047,553,192.811157226562,"8"
"species",249,249,1122,543,188.625381469727,"8"
"species",250,250,928,577,188.271255493164,"8"
"species",251,251,933,630,153.254180908203,"1"
"species",252,252,925,580,183.14533996582,"21"
"species",253,253,1313,473,70.8796997070312,"2"
"species",254,254,1188,465,822.035583496094,"21"
"species",255,255,1529,521,7.99457311630249,"2"
"species",256,256,1164,434,62.1432991027832,"8"
"species",257,257,1110,535,62.9203605651855,"1"
"species",258,258,1500,513,7.99457311630249,"2"
"species",259,259,1369,456,21.8033542633057,"2"
"species",260,260,1143,464,1007.06805419922,"8"
"species",261,261,938,728,44.0877647399902,"8"
"species",262,262,1092,482,129.529678344727,"9"
"species",263,263,937,595,167.163467407227,"21"
"species",264,264,1237,459,64.6427307128906,"8"
"species",265,265,963,987,77.9810180664062,"8"
"species",266,266,1252,466,150.121978759766,"8"
"species",267,267,1057,505,155.835739135742,"21"
"species",268,268,978,683,60.2725105285645,"1"
"species",269,269,1040,479,263.444976806641,"3"
"species",270,270,1069,541,3867.49389648438,"8"
"species",271,271,1084,623,1170.70812988281,"9"
"species",272,272,987,574,120.405693054199,"21"
"species",273,273,1339,557,33.204475402832,"9"
"species",274,274,1017,688,38.5946502685547,"21"
"species",275,275,1626,542,31.4807415008545,"2"
"species",276,276,1073,500,172.041046142578,"21"
"species",277,277,1629,557,8.72253131866455,"8"
"species",278,278,1708,606,14.6039686203003,"2"
"species",279,279,1313,557,29.3296756744385,"3"
"species",280,280,1712,597,41.2943458557129,"8"
"species",281,281,1332,489,71.7386245727539,"15"
"species",282,282,1524,558,54.9546585083008,"8"
"species",283,283,1039,581,57.5062713623047,"21"
"species",284,284,1036,539,930.166320800781,"15"
"species",285,285,1484,514,7.99457311630249,"2"
"species",286,286,1409,448,9.269850730896,"8"
"species",287,287,1417,487,16.1109504699707,"8"
"species",288,288,1098,493,62.1266174316406,"21"
"species",289,289,1414,603,35.281436920166,"8"
"species",290,290,1073,535,62.2483329772949,"1"
"species",291,291,1485,520,15.3538837432861,"2"
"species",292,292,986,508,35.1086807250977,"2"
"species",293,293,1227,475,31.4841156005859,"2"
"species",294,294,1053,557,192.811157226562,"2"
"species",295,295,1682,601,23.9018096923828,"15"
"species",296,296,1485,494,7.99457311630249,"8"
"species",297,297,1292,453,90.7218627929688,"2"
"species",298,298,1618,556,45.9121856689453,"2"
"species",299,299,1342,459,9.269850730896,"8"
"species",300,300,1096,547,192.811157226562,"13"
"species",301,301,1733,629,13.3724336624146,"2"
"species",302,302,1530,510,8.32851314544678,"2"
"species",303,303,1040,573,124.207229614258,"21"
"species",304,304,1810,614,36.4315757751465,"2"
"species",305,305,1166,456,103.387649536133,"13"
"species",306,306,1525,558,53.6655921936035,"13"
"species",307,307,1176,468,78.7298736572266,"2"
"species",308,308,1516,508,7.99457311630249,"2"
"species",309,309,1549,543,7.99457311630249,"2"
"species",310,310,1059,497,22.6926345825195,"2"
"species",311,311,1097,484,27.4039535522461,"2"
"species",312,312,1114,507,148.542572021484,"21"
"species",313,313,1626,609,92.9136734008789,"8"
"species",314,314,1109,464,88.0344390869141,"21"
"species",315,315,1737,599,26.6575756072998,"8"
"species",316,316,1329,556,29.3296756744385,"2"
"species",317,317,1626,605,82.8126449584961,"8"
"species",318,318,1808,624,11.5878553390503,"2"
"species",319,319,1634,605,61.9592552185059,"8"
"species",320,320,1711,599,23.9018096923828,"2"
"species",321,321,1200,451,81.985107421875,"21"
"species",322,322,1494,517,7.99457311630249,"2"
"species",323,323,1767,601,32.7284545898438,"2"
"species",324,324,1070,583,57.5062713623047,"1"
"species",325,325,1213,498,12.2851085662842,"2"
"species",326,326,1138,581,256.843597412109,"8"
"species",327,327,1436,597,29.2032623291016,"8"
"species",328,328,958,510,35.1086807250977,"2"
"species",329,329,1020,547,355.078277587891,"8"
"species",330,330,1599,626,31.6483783721924,"2"
"species",331,331,1615,629,31.6483783721924,"8"
"species",332,332,1701,617,13.3724346160889,"15"
"species",333,333,1473,508,9.27183532714844,"2"
"species",334,334,1588,583,55.9056510925293,"8"
"species",335,335,1587,540,7.99457311630249,"15"
"species",336,336,1755,627,11.5878553390503,"2"
"species",337,337,1080,511,128.383529663086,"8"
"species",338,338,1529,524,11.3748712539673,"2"
"species",339,339,1223,467,40.0368194580078,"2"
"species",340,340,1777,610,36.4315719604492,"8"
"species",341,341,1483,524,15.2950458526611,"2"
"species",342,342,1369,455,21.8033542633057,"15"
"species",343,343,1273,454,21.803352355957,"2"
"species",344,344,1363,474,69.4097366333008,"8"
"species",345,345,1398,449,9.26984977722168,"13"
"species",346,346,1765,606,31.1889533996582,"2"
"species",347,347,1730,605,23.5289287567139,"2"
"species",348,348,1822,598,187.033157348633,"8"
"species",349,349,1018,549,1828.87744140625,"8"
"species",350,350,1793,612,36.4315719604492,"8"
"species",351,351,1068,585,119.044006347656,"1"
"species",352,352,1672,564,45.9121856689453,"3"
"species",353,353,1013,684,38.5946502685547,"8"
"species",354,354,1019,590,223.80924987793,"78"
"species",355,355,1060,685,1378.197265625,"13"
"species",356,356,1318,561,59.3752632141113,"2"
"species",357,357,1048,674,38.5946502685547,"21"
"species",358,358,1009,609,74.3906478881836,"21"
"species",359,359,1276,454,92.3831558227539,"2"
"species",360,360,1647,607,73.7905044555664,"2"
"species",361,361,1013,635,44.0877685546875,"13"
"species",362,362,1729,597,23.9018096923828,"2"
"species",363,363,1791,615,36.4315719604492,"2"
"species",364,364,1025,561,87.8834075927734,"21"
"species",365,365,936,647,69.2006454467773,"21"
"species",366,366,1345,565,59.3752670288086,"2"
"species",367,367,1827,617,36.5317573547363,"2"
"species",368,368,1213,475,31.4841175079346,"2"
"species",369,369,1092,604,129.609710693359,"8"
"species",370,370,1144,485,173.704483032227,"2"
"species",371,371,1659,591,7.99457311630249,"2"
"species",372,372,1632,576,368.515045166016,"2"
"species",373,373,925,677,67.3792419433594,"8"
"species",374,374,1728,601,35.3233070373535,"2"
"species",375,375,988,540,133.009780883789,"21"
"species",376,376,1293,548,55.0739784240723,"2"
"species",377,377,1124,532,192.811157226562,"2"
"species",378,378,1615,540,35.7089538574219,"2"
"species",379,379,1338,559,29.3296756744385,"8"
"species",380,380,1589,536,8.32851409912109,"2"
"species",381,381,1303,499,48.3470115661621,"2"
"species",382,382,992,672,97.1699905395508,"8"
"species",383,383,1175,478,80.9754791259766,"2"
"species",384,384,1703,598,23.9018096923828,"2"
"species",385,385,1562,625,31.648380279541,"2"
"species",386,386,1171,458,142.400497436523,"21"
"species",387,387,950,575,181.335418701172,"9"
"species",388,388,1052,528,618.718444824219,"8"
"species",389,389,1267,454,23.7438354492188,"8"
"species",390,390,931,608,110.779029846191,"21"
"species",391,391,874,570,111.93872833252,"8"
"species",392,392,1017,692,38.5946502685547,"8"
"species",393,393,936,587,90.7325592041016,"1"
"species",394,394,1757,628,11.5878553390503,"2"
"species",395,395,1508,508,7.99457311630249,"2"
"species",396,396,1197,492,12.2851085662842,"8"
"species",397,397,1487,518,8.51985454559326,"2"
"species",398,398,1120,459,88.0344390869141,"8"
"species",399,399,961,606,158.039993286133,"8"
"species",400,400,935,571,84.4146347045898,"21"
"species",401,401,900,580,84.4146347045898,"21"
"species",402,402,1100,488,337.363342285156,"21"
"species",403,403,1038,523,332.797729492188,"8"
"species",404,404,929,554,845.626220703125,"1"
"species",405,405,975,550,195.669509887695,"21"
"species",406,406,1203,468,159.563064575195,"8"
"species",407,407,938,558,434.030548095703,"21"
"species",408,408,913,562,602.742553710938,"1"
"species",409,409,1538,514,7.99457311630249,"2"
"species",410,410,1087,607,47.1806335449219,"21"
"species",411,411,1100,602,47.1806297302246,"1"
"species",412,412,1143,463,87.2459716796875,"21"
"species",413,413,1557,530,8.32851409912109,"2"
"species",414,414,892,602,83.5130767822266,"1"
"species",415,415,1025,547,62.2483367919922,"1"
"species",416,416,1030,552,62.8781204223633,"1"
"species",417,417,1025,542,62.2483329772949,"8"
"species",418,418,1106,476,159.741821289062,"2"
"species",419,419,1070,499,288.309143066406,"2"
"species",420,420,1550,562,25.4731121063232,"2"
"species",421,421,1576,565,52.5121078491211,"8"
"species",422,422,1174,466,57.9572639465332,"21"
"species",423,423,1339,469,40.3470268249512,"8"
"species",424,424,1338,463,39.9404716491699,"15"
"species",425,425,1432,502,16.1109504699707,"2"
"species",426,426,1491,503,7.99457311630249,"2"
"species",427,427,1556,564,22.4365329742432,"2"
"species",428,428,1560,569,30.2770385742188,"2"
"species",429,429,1553,570,30.2770385742188,"8"
"species",430,430,1749,610,36.4315719604492,"2"
"species",431,431,924,578,201.977874755859,"13"
"species",432,432,958,550,228.859909057617,"8"
"species",433,433,1027,550,79.0863571166992,"8"
"species",434,434,898,587,83.9077835083008,"21"
"species",435,435,1571,525,8.01487636566162,"2"
"species",436,436,796,930,76.5618057250977,"8"
"species",437,437,1096,470,64.9709014892578,"2"
"species",438,438,1151,468,74.0196762084961,"2"
"species",439,439,898,623,73.2598342895508,"1"
"species",440,440,860,886,76.5618057250977,"21"
"species",441,441,1541,521,7.99457311630249,"2"
"species",442,442,1527,513,8.17764377593994,"8"
"species",443,443,1181,461,150.268447875977,"21"
"species",444,444,1216,467,61.9662437438965,"8"
"species",445,445,1257,476,164.26042175293,"2"
"species",446,446,1289,476,164.26042175293,"8"
"species",447,447,1284,477,164.049240112305,"2"
"species",448,448,1001,532,271.643859863281,"8"
"species",449,449,1135,466,75.1001815795898,"1"
"species",450,450,1129,468,64.4278564453125,"2"
"species",451,451,1245,456,69.6078414916992,"8"
"species",452,452,1222,464,146.987838745117,"8"
"species",453,453,1063,476,62.365119934082,"8"
"species",454,454,1107,472,62.3679466247559,"2"
"species",455,455,1110,469,78.8164749145508,"2"
"species",456,456,1354,487,21.7184925079346,"2"
"species",457,457,1074,473,62.3651161193848,"2"
"species",458,458,1110,471,67.9299163818359,"2"
"species",459,459,1158,462,73.7972106933594,"21"
"species",460,460,1263,455,48.3201103210449,"8"
"species",461,461,1209,471,127.015380859375,"8"
"species",462,462,1184,451,81.985107421875,"21"
"species",463,463,1136,469,80.9754791259766,"8"
"species",464,464,1329,452,20.9288349151611,"2"
"species",465,465,1362,455,21.8033542633057,"8"
"species",466,466,1302,552,29.3296756744385,"15"
"species",467,467,1350,460,25.7251605987549,"2"
"species",468,468,1135,452,83.8956146240234,"21"
"species",469,469,1143,454,82.9152374267578,"8"
"species",470,470,1142,460,89.3080291748047,"21"
"species",471,471,1143,467,58.5686721801758,"21"
"species",472,472,1181,451,83.812126159668,"21"
"species",473,473,1174,463,58.1512489318848,"21"
"species",474,474,893,604,72.4451370239258,"21"
"species",475,475,1013,635,238.961761474609,"8"
"species",476,476,1386,464,21.8033542633057,"2"
"species",477,477,893,620,72.784309387207,"8"
"species",478,478,836,897,64.5519256591797,"21"
"species",479,479,1111,469,106.265213012695,"21"
"species",480,480,974,608,73.5590972900391,"8"
"species",481,481,1139,469,66.9710540771484,"21"
"species",482,482,872,607,83.513069152832,"1"
"species",483,483,1016,568,124.19694519043,"21"
"species",484,484,1115,480,57.8004035949707,"2"
"species",485,485,1077,509,142.360275268555,"21"
"species",486,486,1059,511,296.967590332031,"21"
"species",487,487,891,835,76.5618057250977,"1"
"species",488,488,880,642,83.6362762451172,"1"
"species",489,489,1077,487,228.800033569336,"2"
"species",490,490,1170,453,83.1051940917969,"21"
"species",491,491,1421,504,16.0943336486816,"2"
"species",492,492,1159,513,12.2851085662842,"2"
"species",493,493,964,545,159.741821289062,"21"
"species",494,494,916,585,92.9564437866211,"8"
"species",495,495,1107,474,70.8868255615234,"2"
"species",496,496,923,560,84.4146347045898,"21"
"species",497,497,907,648,83.6362838745117,"21"
"species",498,498,1114,509,64.1746139526367,"21"
"species",499,499,1552,621,31.4635143280029,"8"
"species",500,500,919,568,84.4146347045898,"21"
"species",501,501,1231,452,79.292854309082,"21"
"species",502,502,1799,614,36.4315757751465,"2"
"species",503,503,929,586,83.513069152832,"8"
"species",504,504,1769,630,47.1974945068359,"2"
"species",505,505,1108,494,46.1702079772949,"2"
"species",506,506,1314,554,51.1525650024414,"9"
"species",507,507,1728,600,23.9018096923828,"2"
"species",508,508,1762,602,23.9018096923828,"2"
"species",509,509,1492,539,15.3538837432861,"2"
"species",510,510,1522,544,15.3538827896118,"2"
"species",511,511,1703,592,45.601921081543,"2"
"species",512,512,1588,543,7.99457311630249,"15"
"species",513,513,1520,562,54.9546585083008,"8"
"species",514,514,1558,564,19.6327610015869,"8"
"species",515,515,1557,524,8.32851314544678,"2"
"species",516,516,1050,479,38.774600982666,"2"
"species",517,517,1042,653,238.961776733398,"8"
"species",518,518,1607,599,31.648380279541,"2"
"species",519,519,1556,622,31.6483783721924,"2"
"species",520,520,1814,645,60.0151519775391,"8"
"species",521,521,1550,528,8.32851409912109,"2"
"species",522,522,985,499,130.632080078125,"21"
"species",523,523,1198,497,12.2851085662842,"2"
"species",524,524,1787,643,47.2207527160645,"8"
"species",525,525,1010,484,130.632064819336,"8"
"species",526,526,1831,605,187.033157348633,"2"
"species",527,527,1594,581,30.2770385742188,"2"
"species",528,528,1796,633,47.2207565307617,"8"
"species",529,529,1066,498,173.278213500977,"8"
"species",530,530,1757,610,23.9018096923828,"2"
"species",531,531,1798,638,47.2207565307617,"2"
"species",532,532,958,705,69.2006530761719,"21"
"species",533,533,922,569,84.4146347045898,"21"
"species",534,534,1062,496,172.617172241211,"8"
"species",535,535,870,615,95.7044677734375,"8"
"species",536,536,1004,519,884.409729003906,"8"
"species",537,537,1027,649,223.690246582031,"8"
"species",538,538,936,650,69.2006454467773,"8"
"species",539,539,1039,640,238.961776733398,"8"
"species",540,540,951,742,44.2735176086426,"21"
"species",541,541,984,614,73.5593872070312,"21"
"species",542,542,951,644,69.2006530761719,"21"
"species",543,543,941,581,83.8386993408203,"8"
"species",544,544,1022,501,38.7746047973633,"21"
"species",545,545,1315,555,29.3296756744385,"2"
"species",546,546,995,555,226.575698852539,"8"
"species",547,547,1005,584,71.5930709838867,"21"
"species",548,548,1808,648,47.2207565307617,"8"
"species",549,549,1021,565,123.49641418457,"8"
"species",550,550,960,604,159.050857543945,"8"
"species",551,551,1510,615,29.2848625183105,"8"
"species",552,552,1076,480,38.774600982666,"2"
"species",553,553,928,757,66.4790725708008,"21"
"species",554,554,1078,595,47.1878356933594,"1"
"species",555,555,1568,572,30.2770366668701,"8"
"species",556,556,930,551,84.4146347045898,"21"
"species",557,557,1126,472,70.8868255615234,"2"
"species",558,558,1544,594,13.5638847351074,"2"
"species",559,559,1079,504,279.806182861328,"8"
"species",560,560,1611,574,23.6769351959229,"2"
"species",561,561,1003,612,73.1865692138672,"21"
"species",562,562,1070,496,146.464599609375,"2"
"species",563,563,1106,505,17.3878040313721,"2"
"species",564,564,1125,474,126.51261138916,"2"
"species",565,565,1072,507,343.131683349609,"8"
"species",566,566,1101,548,140.928848266602,"1"
"species",567,567,1037,556,83.4574279785156,"1"
"species",568,568,1050,629,238.961776733398,"8"
"species",569,569,983,519,101.425010681152,"8"
"species",570,570,935,550,101.425010681152,"8"
"species",571,571,1107,481,253.322647094727,"21"
"species",572,572,1097,482,163.580795288086,"8"
"species",573,573,1055,618,344.721862792969,"8"
"species",574,574,922,711,59.1819381713867,"9"
"species",575,575,933,708,69.2006530761719,"8"
"species",576,576,1151,458,62.9567565917969,"2"
"species",577,577,1172,459,94.6349411010742,"2"
"species",578,578,971,706,86.7594833374023,"1"
"species",579,579,1486,493,7.99462604522705,"15"
"species",580,580,1096,485,135.565780639648,"2"
"species",581,581,1500,516,13.2728681564331,"2"
"species",582,582,918,580,81.8882064819336,"21"
"species",583,583,803,924,76.5618057250977,"8"
"species",584,584,907,813,76.5618057250977,"8"
"species",585,585,960,698,66.825927734375,"8"
"species",586,586,1068,479,38.7746047973633,"2"
"species",587,587,911,781,59.1819381713867,"21"
"species",588,588,832,1028,77.9810256958008,"1"
"species",589,589,905,726,59.1819381713867,"8"
"species",590,590,933,632,69.2006454467773,"1"
"species",591,591,1070,495,143.900543212891,"2"
"species",592,592,1067,498,155.835739135742,"9"
"species",593,593,1074,497,155.835739135742,"9"
"species",594,594,1079,491,146.625595092773,"8"
"species",595,595,1048,495,146.563049316406,"9"
"species",596,596,1098,496,173.115921020508,"21"
"species",597,597,1017,532,509.632080078125,"21"
"species",598,598,894,593,79.883056640625,"21"
"species",599,599,859,593,84.1681900024414,"21"
"species",600,600,894,630,75.0208587646484,"8"
"species",601,601,899,607,72.4451370239258,"21"
"species",602,602,909,635,83.6362762451172,"8"
"species",603,603,901,660,83.6288299560547,"1"
"species",604,604,872,663,79.6872024536133,"21"
"species",605,605,1019,494,38.774600982666,"8"
"species",606,606,1023,504,38.1871681213379,"21"
"species",607,607,885,607,83.6338500976562,"8"
"species",608,608,893,605,111.445602416992,"21"
"species",609,609,1027,562,101.09935760498,"21"
"species",610,610,1136,506,56.9827575683594,"9"
"species",611,611,1110,581,258.219543457031,"21"
"species",612,612,946,562,84.4146347045898,"21"
"species",613,613,968,542,101.425018310547,"21"
"species",614,614,1097,497,146.587432861328,"2"
"species",615,615,960,546,738.201599121094,"21"
"species",616,616,938,581,72.4451446533203,"8"
"species",617,617,938,565,198.090774536133,"1"
"species",618,618,1539,596,13.5638847351074,"2"
"species",619,619,1767,638,47.2207565307617,"2"
"species",620,620,1141,496,15.5990715026855,"2"
"species",621,621,1852,609,178.14533996582,"8"
"species",622,622,1088,621,47.1806297302246,"8"
"species",623,623,1144,503,285.836822509766,"13"
"species",624,624,904,599,107.036804199219,"8"
"species",625,625,1020,551,89.7815017700195,"13"
"species",626,626,826,916,76.5618057250977,"8"
"species",627,627,1537,604,26.6780796051025,"2"
"species",628,628,1543,617,31.6483783721924,"2"
"species",629,629,1606,550,8.32851409912109,"2"
"species",630,630,1625,596,31.6483783721924,"15"
"species",631,631,1641,601,31.6483783721924,"8"
"species",632,632,1553,539,8.32851409912109,"8"
"species",633,633,1541,605,31.1843223571777,"15"
"species",634,634,1622,617,22.7928562164307,"8"
"species",635,635,1550,604,17.1533126831055,"2"
"species",636,636,1525,512,8.32851409912109,"2"
"species",637,637,1551,517,7.99457311630249,"2"
"species",638,638,1539,515,7.99457311630249,"2"
"species",639,639,1539,517,7.99457311630249,"15"
"species",640,640,1505,505,7.99457311630249,"2"
"species",641,641,1536,517,7.99457311630249,"8"
"species",642,642,1479,508,7.99457311630249,"2"
"species",643,643,1507,509,7.99457311630249,"2"
"species",644,644,1782,623,24.3189544677734,"2"
"species",645,645,1791,635,47.2207565307617,"2"
"species",646,646,1803,643,47.2207565307617,"2"
"species",647,647,1042,498,23.6892395019531,"15"
"species",648,648,1058,497,22.6926345825195,"8"
"species",649,649,1028,492,22.6926345825195,"8"
"species",650,650,1804,641,47.2207565307617,"2"
"species",651,651,1809,641,47.2207527160645,"8"
"species",652,652,1840,613,138.096252441406,"8"
"species",653,653,1864,616,123.598777770996,"8"
"species",654,654,1800,645,47.2207527160645,"2"
"species",655,655,1786,647,47.2207527160645,"8"
"species",656,656,1799,614,104.430213928223,"2"
"species",657,657,1798,612,79.7007675170898,"2"
"species",658,658,1778,612,33.1794281005859,"2"
"species",659,659,1785,637,47.2207565307617,"8"
"species",660,660,1783,641,47.2207527160645,"8"
"species",661,661,1767,628,46.855354309082,"8"
"species",662,662,1786,640,47.2207565307617,"2"
"species",663,663,1780,643,24.975564956665,"8"
"species",664,664,1477,503,11.0603828430176,"8"
"species",665,665,1482,502,8.0025110244751,"2"
"species",666,666,1471,505,15.351731300354,"2"
"species",667,667,1585,602,28.571870803833,"2"
"species",668,668,1528,600,13.5638856887817,"2"
"species",669,669,1700,601,23.9018096923828,"2"
"species",670,670,1714,600,23.9018096923828,"2"
"species",671,671,1582,574,19.6327610015869,"8"
"species",672,672,1536,535,15.3538837432861,"2"
"species",673,673,1490,509,8.02015399932861,"2"
"species",674,674,1863,661,28.7210865020752,"2"
"species",675,675,1335,566,37.4480628967285,"2"
"species",676,676,1121,457,105.932487487793,"15"
"species",677,677,1437,503,13.8752145767212,"2"
"species",678,678,1573,570,30.2770366668701,"8"
"species",679,679,1299,548,39.3066482543945,"9"
"species",680,680,1197,518,12.2851095199585,"2"
"species",681,681,938,544,84.4146347045898,"21"
"species",682,682,1572,576,30.2770385742188,"8"
"species",683,683,883,605,83.513069152832,"8"
"species",684,684,979,620,73.5593795776367,"21"
"species",685,685,930,728,69.2006530761719,"1"
"species",686,686,1051,482,99.9957809448242,"21"
"species",687,687,934,755,59.1819343566895,"1"
"species",688,688,809,938,76.5618057250977,"21"
"species",689,689,989,570,84.0649108886719,"8"
"species",690,690,964,599,155.333251953125,"1"
"species",691,691,1113,471,67.9526977539062,"2"
"species",692,692,1164,596,268.058135986328,"8"
"species",693,693,966,547,158.686813354492,"8"
"species",694,694,863,635,83.6362762451172,"1"
"species",695,695,1111,472,70.8868255615234,"2"
"species",696,696,1045,484,70.8800277709961,"8"
"species",697,697,937,543,827.052429199219,"21"
"species",698,698,991,749,44.0877685546875,"8"
"species",699,699,1176,472,684.615844726562,"8"
"species",700,700,1074,625,627.505310058594,"21"
"species",701,701,1836,605,187.033157348633,"2"
"species",702,702,1478,503,8.22598171234131,"2"
"species",703,703,1556,589,13.5638847351074,"2"
"species",704,704,1041,506,181.875259399414,"8"
"species",705,705,1150,485,410.988037109375,"8"
"species",706,706,1097,466,88.0344390869141,"21"
"species",707,707,1030,566,88.3620681762695,"13"
"species",708,708,919,576,84.4146347045898,"21"
"species",709,709,877,621,95.6770935058594,"8"
"species",710,710,1091,601,47.1806297302246,"8"
"species",711,711,1005,553,64.0821533203125,"8"
"species",712,712,1009,499,134.917068481445,"8"
"species",713,713,1096,606,129.609710693359,"8"
"species",714,714,1025,623,72.7703094482422,"8"
"species",715,715,1025,648,238.961791992188,"13"
"species",716,716,898,631,81.9517974853516,"13"
"species",717,717,1044,472,439.188049316406,"8"
"species",718,718,1405,493,15.6472902297974,"2"
"species",719,719,1068,488,377.425994873047,"8"
"species",720,720,1740,610,11.5878553390503,"2"
"species",721,721,1126,507,103.315734863281,"9"
"species",722,722,952,555,159.741821289062,"8"
"species",723,723,1089,474,54.6680488586426,"21"
"species",724,724,1528,561,54.9546585083008,"13"
"species",725,725,1043,515,35.1086769104004,"8"
"species",726,726,1014,494,38.774600982666,"21"
"species",727,727,1367,461,21.8033542633057,"2"
"species",728,728,1102,502,122.553199768066,"13"
"species",729,729,993,604,193.726867675781,"8"
"species",730,730,1001,515,101.713645935059,"21"
"species",731,731,1060,505,165.478118896484,"21"
"species",732,732,1167,474,677.532653808594,"9"
"species",733,733,1044,512,310.038909912109,"21"
"species",734,734,960,557,195.198379516602,"8"
"species",735,735,1083,500,150.107208251953,"21"
"species",736,736,1030,569,98.2231369018555,"8"
"species",737,737,1575,572,30.2770385742188,"2"
"species",738,738,1653,609,11.5910015106201,"2"
"species",739,739,1545,561,24.6760349273682,"2"
"species",740,740,1066,491,331.923492431641,"8"
"species",741,741,1759,633,24.975564956665,"2"
"species",742,742,884,834,76.5618057250977,"1"
"species",743,743,1099,466,59.4226303100586,"1"
"species",744,744,1074,569,124.207229614258,"8"
"species",745,745,1107,475,158.619705200195,"2"
"species",746,746,972,591,195.55827331543,"8"
"species",747,747,1116,510,146.121566772461,"8"
"species",748,748,1382,489,16.1109504699707,"2"
"species",749,749,1058,473,62.365119934082,"2"
"species",750,750,1330,485,27.281063079834,"99"
"species",751,751,1108,482,27.3929615020752,"2"
"species",752,752,882,556,154.181869506836,"21"
"species",753,753,1587,626,30.1923217773438,"8"
"species",754,754,1748,607,16.5530033111572,"2"
"species",755,755,1545,519,8.32851409912109,"2"
"species",756,756,1530,622,31.648380279541,"2"
"species",757,757,881,653,72.5464324951172,"1"
"species",758,758,1607,595,31.6483783721924,"2"
"species",759,759,1766,609,36.4315719604492,"2"
"species",760,760,1036,654,238.961791992188,"21"
"species",761,761,924,626,146.653961181641,"21"
"species",762,762,1108,478,30.9381942749023,"2"
"species",763,763,1074,471,88.0344390869141,"1"
"species",764,764,1140,508,66.4852600097656,"8"
"species",765,765,934,547,100.689987182617,"21"
"species",766,766,1197,434,7641.16357421875,"13"
"species",767,767,939,565,120.189315795898,"8"
"species",768,768,952,624,98.3564910888672,"21"
"species",769,769,997,544,208.110961914062,"21"
"species",770,770,1039,559,90.0100784301758,"21"
"species",771,771,980,688,55.1219367980957,"1"
"species",772,772,1490,506,7.99457311630249,"2"
"species",773,773,826,1042,77.2446212768555,"1"
"species",774,774,1701,592,23.9018096923828,"2"
"species",775,775,1802,647,47.4549713134766,"2"
"species",776,776,1069,482,146.261444091797,"2"
"species",777,777,1618,556,45.9121856689453,"8"
"species",778,778,1119,473,70.8868255615234,"2"
"species",779,779,1630,625,31.6483783721924,"3"
"species",780,780,1062,485,96.5451889038086,"8"
"species",781,781,1731,610,11.5878553390503,"2"
"species",782,782,892,568,83.7335510253906,"1"
"species",783,783,920,607,78.6185455322266,"8"
"species",784,784,1020,490,130.632080078125,"8"
"species",785,785,964,551,103.642074584961,"21"
"species",786,786,1019,559,96.3691711425781,"21"
"species",787,787,1085,481,37.1308708190918,"2"
"species",788,788,1080,480,28.3115653991699,"2"
"species",789,789,1007,505,28.8584899902344,"21"
"species",790,790,1338,583,58.9720649719238,"8"
"species",791,791,1044,504,286.163421630859,"21"
"species",792,792,1005,627,57.1853446960449,"1"
"species",793,793,1054,627,261.49072265625,"8"
"species",794,794,1097,489,196.37907409668,"13"
"species",795,795,996,685,44.0877647399902,"1"
"species",796,796,1771,629,39.9948844909668,"8"
"species",797,797,1378,590,41.7708511352539,"8"
"species",798,798,1094,476,70.8868255615234,"2"
"species",799,799,1174,510,55.0739784240723,"8"
"species",800,800,1779,634,47.2207565307617,"8"
"species",801,801,1367,588,37.4480628967285,"8"
"species",802,802,1353,582,53.6887016296387,"8"
"species",803,803,1022,504,35.1086807250977,"8"
"species",804,804,914,603,155.333251953125,"21"
"species",805,805,1799,613,45.4605026245117,"2"
"species",806,806,1644,633,31.6483783721924,"8"
"species",807,807,936,623,146.653945922852,"8"
"species",808,808,935,563,157.221115112305,"21"
"species",809,809,1614,554,8.32851409912109,"2"
"species",810,810,1825,602,187.033157348633,"8"
"species",811,811,1039,561,93.3822708129883,"1"
"species",812,812,1592,584,34.1089019775391,"2"
"species",813,813,1135,509,56.9827575683594,"21"
"species",814,814,1530,532,14.5286293029785,"2"
"species",815,815,1050,512,35.1086769104004,"8"
"species",816,816,1655,632,31.6483783721924,"8"
"species",817,817,1467,508,15.3538837432861,"2"
"species",818,818,1787,637,24.975564956665,"8"
"species",819,819,1776,645,48.4276313781738,"2"
"species",820,820,1321,557,52.0174293518066,"9"
"species",821,821,1050,557,90.0100708007812,"21"
"species",822,822,1038,507,159.998031616211,"21"
"species",823,823,991,724,44.0877685546875,"1"
"species",824,824,1060,477,509.75927734375,"9"
"species",825,825,1043,610,82.2531967163086,"9"
"species",826,826,1744,619,17.7944240570068,"2"
"species",827,827,1491,509,10.1235904693604,"2"
"species",828,828,1133,451,153.972564697266,"21"
"species",829,829,1118,482,78.1542816162109,"2"
"species",830,830,1174,515,12.2851085662842,"2"
"species",831,831,1078,471,62.365119934082,"2"
"species",832,832,991,610,72.0255813598633,"1"
"species",833,833,905,590,72.4451370239258,"8"
"species",834,834,1120,591,242.694290161133,"13"
"species",835,835,1125,454,103.530120849609,"21"
"species",836,836,1028,569,77.8134078979492,"8"
"species",837,837,1818,656,83.8414916992188,"8"
"species",838,838,942,549,84.4396438598633,"21"
"species",839,839,1229,464,64.6427307128906,"8"
"species",840,840,1056,507,287.305694580078,"2"
"species",841,841,1132,459,62.1432952880859,"2"
"species",842,842,1059,483,38.774600982666,"2"
"species",843,843,1024,505,174.73420715332,"3"
"species",844,844,1137,516,12.2851085662842,"2"
"species",845,845,1127,471,70.8868255615234,"2"
"species",846,846,1521,607,29.2032642364502,"8"
"species",847,847,995,499,131.479934692383,"21"
"species",848,848,893,611,83.513069152832,"8"
"species",849,849,1516,622,29.2032642364502,"2"
"species",850,850,1514,544,15.3538837432861,"15"
"species",851,851,1545,515,8.32851409912109,"2"
"species",852,852,1351,571,59.3752670288086,"8"
"species",853,853,1096,472,64.5826110839844,"2"
"species",854,854,1156,516,12.2851085662842,"2"
"species",855,855,1118,505,12.2851085662842,"2"
"species",856,856,1771,627,27.2315063476562,"2"
"species",857,857,1346,567,42.3654556274414,"8"
"species",858,858,1605,579,30.2770366668701,"2"
"species",859,859,1560,586,13.5638847351074,"2"
"species",860,860,1626,575,19.6327610015869,"2"
"species",861,861,1520,521,7.99457311630249,"2"
"species",862,862,1777,643,47.2207527160645,"8"
"species",863,863,1460,508,15.1495704650879,"2"
"species",864,864,914,558,84.4146347045898,"21"
"species",865,865,893,559,85.4169387817383,"8"
"species",866,866,1482,516,8.01048278808594,"2"
"species",867,867,1669,602,13.3724336624146,"2"
"species",868,868,1487,527,15.3533267974854,"15"
"species",869,869,919,580,83.513069152832,"8"
"species",870,870,1138,505,148.542556762695,"9"
"species",871,871,1052,582,243.069274902344,"8"
"species",872,872,1074,476,86.4845199584961,"1"
"species",873,873,920,594,313.878051757812,"8"
"species",874,874,906,626,83.4141464233398,"8"
"species",875,875,1782,641,47.2207565307617,"8"
"species",876,876,889,599,83.513069152832,"21"
"species",877,877,924,595,78.9452438354492,"1"
"species",878,878,790,1009,76.5618057250977,"21"
"species",879,879,1005,552,62.2483329772949,"21"
"species",880,880,1054,491,109.22191619873,"1"
"species",881,881,986,657,94.9552383422852,"8"
"species",882,882,1030,645,55.1219367980957,"9"
"species",883,883,1011,514,168.966522216797,"8"
"species",884,884,1023,493,36.3793296813965,"2"
"species",885,885,1067,499,35.1086769104004,"9"
"species",886,886,887,608,95.7269744873047,"21"
"species",887,887,934,575,297.986083984375,"21"
"species",888,888,997,693,54.3131523132324,"8"
"species",889,889,1133,470,80.9754791259766,"2"
"species",890,890,1044,592,129.228149414062,"8"
"species",891,891,934,565,271.949188232422,"8"
"species",892,892,989,620,69.7657241821289,"8"
"species",893,893,867,623,93.7014236450195,"8"
"species",894,894,1002,642,55.1219367980957,"1"
"species",895,895,1545,531,8.32851409912109,"2"
"species",896,896,1414,454,9.26984977722168,"2"
"species",897,897,1057,475,88.0344390869141,"8"
"species",898,898,1133,507,12.2851085662842,"9"
"species",899,899,908,593,83.5130767822266,"8"
"species",900,900,1111,472,62.365119934082,"8"
"species",901,901,1620,586,45.2149467468262,"8"
"species",902,902,1080,505,35.1086807250977,"2"
"species",903,903,880,624,94.3283538818359,"13"
"species",904,904,1060,504,218.845413208008,"8"
"species",905,905,1059,568,44.0877685546875,"1"
"species",906,906,1011,505,38.774600982666,"21"
"species",907,907,1023,569,47.9713973999023,"1"
"species",908,908,1029,510,159.192199707031,"21"
"species",909,909,1101,505,148.542572021484,"9"
"species",910,910,1714,620,17.7944240570068,"2"
"species",911,911,1756,607,23.9018096923828,"2"
"species",912,912,976,615,73.5184631347656,"8"
"species",913,913,1073,630,238.961776733398,"21"
"species",914,914,1060,507,258.074188232422,"8"
"species",915,915,1077,517,366.729125976562,"8"
"species",916,916,1777,612,36.4315757751465,"2"
"species",917,917,1085,504,34.2568588256836,"8"
"species",918,918,952,560,240.650283813477,"8"
"species",919,919,1057,565,124.042289733887,"1"
"species",920,920,1073,505,35.1086769104004,"2"
"species",921,921,936,754,72.9573364257812,"1"
"species",922,922,1110,507,12.2851085662842,"2"
"species",923,923,1101,462,88.0344390869141,"21"
"species",924,924,982,674,97.1699829101562,"1"
"species",925,925,945,553,90.1486434936523,"21"
"species",926,926,1086,586,125.806167602539,"21"
"species",927,927,1045,485,94.8721542358398,"21"
"species",928,928,1051,568,88.8038024902344,"21"
"species",929,929,1062,503,23.0307064056396,"21"
"species",930,930,1303,478,15.218111038208,"8"
"species",931,931,1038,544,62.2483329772949,"1"
"species",932,932,925,565,283.227844238281,"8"
"species",933,933,928,712,53.039421081543,"1"
"species",934,934,1108,457,108.471771240234,"21"
"species",935,935,1013,568,44.0877647399902,"21"
"species",936,936,899,585,281.397827148438,"21"
"species",937,937,966,608,177.652282714844,"1"
"species",938,938,1057,487,103.760345458984,"1"
"species",939,939,1010,654,55.1219329833984,"21"
"species",940,940,1136,591,267.348358154297,"8"
"species",941,941,968,704,44.0877685546875,"8"
"species",942,942,1179,509,12.2851095199585,"2"
"species",943,943,1550,524,8.32851409912109,"8"
"species",944,944,1529,512,8.32851314544678,"2"
"species",945,945,1372,463,21.8033542633057,"2"
"species",946,946,1342,486,16.1109504699707,"2"
"species",947,947,1099,477,164.787124633789,"21"
"species",948,948,1596,582,30.7580738067627,"2"
"species",949,949,1791,613,36.4315719604492,"2"
"species",950,950,1029,577,69.0961303710938,"8"
"species",951,951,1784,641,47.2207565307617,"8"
"species",952,952,1741,609,23.9018096923828,"8"
"species",953,953,1083,479,54.6680488586426,"21"
"species",954,954,1257,537,55.0739784240723,"8"
"species",955,955,1612,584,32.9270286560059,"2"
"species",956,956,908,578,89.4900436401367,"8"
"species",957,957,1337,481,16.1109504699707,"2"
"species",958,958,1096,468,87.8468322753906,"15"
"species",959,959,1034,565,89.748908996582,"21"
"species",960,960,1052,564,120.118934631348,"21"
"species",961,961,1088,600,129.609710693359,"8"
"species",962,962,979,684,97.1699829101562,"8"
"species",963,963,1032,502,35.1086769104004,"15"
"species",964,964,1095,615,47.1806335449219,"8"
"species",965,965,964,551,138.214370727539,"21"
"species",966,966,986,587,84.7478408813477,"8"
"species",967,967,1030,494,130.290756225586,"8"
"species",968,968,1034,539,64.647087097168,"8"
"species",969,969,1080,478,54.6680526733398,"1"
"species",970,970,1030,538,62.2483329772949,"8"
"species",971,971,879,598,129.470123291016,"8"
"species",972,972,1010,495,131.272964477539,"21"
"species",973,973,1073,509,35.1086807250977,"2"
"species",974,974,1035,485,130.632064819336,"21"
"species",975,975,1824,645,82.5142135620117,"2"
"species",976,976,1027,492,130.697265625,"8"
"species",977,977,1059,479,39.131893157959,"2"
"species",978,978,1379,577,14.4033937454224,"2"
"species",979,979,1018,593,44.0877685546875,"21"
"species",980,980,939,577,181.335418701172,"9"
"species",981,981,1142,447,81.9949264526367,"8"
"species",982,982,1018,588,44.0877685546875,"8"
"species",983,983,938,672,69.091911315918,"8"
"species",984,984,992,710,44.0877685546875,"1"
"species",985,985,956,805,76.3357162475586,"8"
"species",986,986,1066,481,54.6680488586426,"21"
"species",987,987,1063,512,35.1086769104004,"2"
"species",988,988,980,682,97.1699829101562,"8"
"species",989,989,965,556,183.697875976562,"8"
"species",990,990,980,869,56.5530471801758,"21"
"species",991,991,966,700,69.2006454467773,"1"
"species",992,992,958,675,72.9666976928711,"1"
"species",993,993,1524,619,31.5118579864502,"2"
"species",994,994,873,858,76.5618057250977,"1"
"species",995,995,949,535,86.1483459472656,"21"
"species",996,996,976,600,183.411087036133,"21"
"species",997,997,1096,605,129.538375854492,"8"
"species",998,998,1104,505,14.0660123825073,"2"
"species",999,999,1831,657,28.7210865020752,"2"
"species",1000,1000,956,679,68.6711578369141,"1"
"species",1001,1001,908,589,139.114105224609,"1"
"species",1002,1002,977,692,97.1699829101562,"78"
"species",1003,1003,1089,471,86.4860916137695,"21"
"species",1004,1004,1120,494,377.468475341797,"8"
"species",1005,1005,1715,598,23.9018096923828,"9"
"species",1006,1006,1750,608,24.2831153869629,"2"
"species",1007,1007,1034,626,123.739135742188,"21"
"species",1008,1008,1780,645,47.2207565307617,"8"
"species",1009,1009,1065,477,87.8223419189453,"21"
"species",1010,1010,1002,674,80.1623229980469,"8"
"species",1011,1011,849,833,67.9295196533203,"8"
"species",1012,1012,1050,556,90.0100784301758,"8"
"species",1013,1013,1133,509,12.2851085662842,"2"
"species",1014,1014,981,542,119.67359161377,"21"
"species",1015,1015,1065,600,129.609710693359,"21"
"species",1016,1016,981,504,72.3717422485352,"8"
"species",1017,1017,1241,474,164.26042175293,"8"
"species",1018,1018,1614,553,8.32851409912109,"2"
"species",1019,1019,929,568,96.7551651000977,"21"
"species",1020,1020,1592,552,8.32851409912109,"8"
"species",1021,1021,1003,659,188.154495239258,"8"
"species",1022,1022,920,747,61.9351005554199,"1"
"species",1023,1023,892,616,86.3022003173828,"1"
"species",1024,1024,1098,465,88.0344390869141,"21"
"species",1025,1025,918,578,158.970718383789,"21"
"species",1026,1026,1151,506,12.2851085662842,"2"
"species",1027,1027,890,647,81.6398696899414,"8"
"species",1028,1028,1772,633,24.975564956665,"2"
"species",1029,1029,1346,574,59.3752670288086,"8"
"species",1030,1030,1739,606,36.2812881469727,"8"
"species",1031,1031,1262,474,28.0254764556885,"8"
"species",1032,1032,1104,574,47.9212760925293,"21"
"species",1033,1033,1089,577,47.1806297302246,"1"
"species",1034,1034,870,578,155.333251953125,"8"
"species",1035,1035,913,967,59.1819381713867,"21"
"species",1036,1036,1555,558,54.9546585083008,"15"
"species",1037,1037,1128,476,27.3929615020752,"2"
"species",1038,1038,1160,471,27.3929615020752,"15"
"species",1039,1039,951,910,77.9810180664062,"1"
"species",1040,1040,1605,587,45.3161201477051,"8"
"species",1041,1041,1156,471,80.9754791259766,"8"
"species",1042,1042,1175,458,104.665092468262,"2"
"species",1043,1043,1186,446,62.1432952880859,"2"
"species",1044,1044,1204,447,143.118606567383,"8"
"species",1045,1045,1051,470,243.927993774414,"14"
"species",1046,1046,973,610,73.5593872070312,"8"
"species",1047,1047,1642,592,45.3161163330078,"8"
"species",1048,1048,1085,571,48.7409248352051,"8"
"species",1049,1049,1082,480,112.417007446289,"2"
"species",1050,1050,1100,602,47.1806297302246,"1"
"species",1051,1051,925,981,59.1819381713867,"8"
"species",1052,1052,1168,434,62.1432952880859,"2"
"species",1053,1053,1099,482,292.693481445312,"9"
"species",1054,1054,1189,460,104.665092468262,"3"
"species",1055,1055,1179,514,55.0739784240723,"2"
"species",1056,1056,1148,475,31.4841175079346,"8"
"species",1057,1057,1712,636,24.975564956665,"8"
"species",1058,1058,1204,443,62.1432991027832,"2"
"species",1059,1059,1119,479,27.3929615020752,"2"
"species",1060,1060,1007,522,116.969169616699,"13"
"species",1061,1061,1037,541,125.534103393555,"8"
"species",1062,1062,1089,561,47.3731651306152,"1"
"species",1063,1063,990,763,39.7274856567383,"21"
"species",1064,1064,1372,448,21.8033542633057,"8"
"species",1065,1065,1346,478,64.6427383422852,"2"
"species",1066,1066,1071,499,146.464599609375,"2"
"species",1067,1067,941,659,69.2006454467773,"1"
"species",1068,1068,1101,545,382.348724365234,"13"
"species",1069,1069,895,586,128.536056518555,"8"
"species",1070,1070,890,591,108.62922668457,"21"
"species",1071,1071,1019,623,72.1187438964844,"21"
"species",1072,1072,1219,537,55.0739784240723,"8"
"species",1073,1073,876,572,111.938720703125,"8"
"species",1074,1074,911,591,78.618537902832,"21"
"species",1075,1075,1033,541,227.546081542969,"21"
"species",1076,1076,903,594,84.5399856567383,"8"
"species",1077,1077,1179,479,66.4852600097656,"21"
"species",1078,1078,1085,501,57.6436958312988,"8"
"species",1079,1079,998,503,479.660339355469,"8"
"species",1080,1080,1092,491,58.0034141540527,"1"
"species",1081,1081,1067,488,55.4363288879395,"13"
"species",1082,1082,1156,480,390.714996337891,"21"
"species",1083,1083,1030,580,135.139862060547,"13"
"species",1084,1084,850,586,109.868202209473,"8"
"species",1085,1085,1080,496,368.308044433594,"21"
"species",1086,1086,1085,472,87.886474609375,"8"
"species",1087,1087,898,609,116.087341308594,"1"
"species",1088,1088,1143,447,115.914054870605,"13"
"species",1089,1089,841,600,141.583236694336,"8"
"species",1090,1090,978,617,153.27392578125,"8"
"species",1091,1091,936,568,101.889770507812,"8"
"species",1092,1092,938,561,97.0738906860352,"21"
"species",1093,1093,1105,609,188.625381469727,"8"
"species",1094,1094,1170,456,153.972549438477,"13"
"species",1095,1095,1069,601,129.609710693359,"13"
"species",1096,1096,965,631,188.625381469727,"21"
"species",1097,1097,1145,486,285.836822509766,"8"
"species",1098,1098,906,610,146.653961181641,"8"
"species",1099,1099,1008,624,187.28547668457,"21"
"species",1100,1100,1217,460,107.314193725586,"8"
"species",1101,1101,949,577,124.265007019043,"21"
"species",1102,1102,1037,579,195.006713867188,"21"
"species",1103,1103,1012,566,195.669525146484,"21"
"species",1104,1104,1162,545,68.3115844726562,"8"
"species",1105,1105,1152,539,57.8089904785156,"21"
"species",1106,1106,1135,544,59.2672119140625,"8"
"species",1107,1107,940,678,69.2006454467773,"8"
"species",1108,1108,1213,460,107.314193725586,"21"
"species",1109,1109,1036,686,38.5946502685547,"8"
"species",1110,1110,1121,548,122.927871704102,"1"
"species",1111,1111,1165,544,68.0516662597656,"13"
"species",1112,1112,1090,641,38.5946502685547,"8"
"species",1113,1113,1000,657,97.1699829101562,"8"
"species",1114,1114,1049,516,155.835739135742,"8"
"species",1115,1115,1029,594,44.0877685546875,"21"
"species",1116,1116,1306,566,29.3296737670898,"13"
"species",1117,1117,1067,472,110.196197509766,"2"
"species",1118,1118,1043,526,176.019073486328,"8"
"species",1119,1119,1100,646,67.498291015625,"8"
"species",1120,1120,1159,530,56.9762306213379,"21"
"species",1121,1121,1012,694,480.972290039062,"8"
"species",1122,1122,1034,527,172.208251953125,"8"
"species",1123,1123,1018,549,3950.93579101562,"13"
"species",1124,1124,1034,535,62.2483329772949,"8"
"species",1125,1125,1042,674,374.790893554688,"8"
"species",1126,1126,1018,519,111.887802124023,"8"
"species",1127,1127,1014,529,193.890579223633,"2"
"species",1128,1128,1092,528,122.927871704102,"21"
"species",1129,1129,934,553,276.206359863281,"8"
"species",1130,1130,1024,522,346.068939208984,"8"
"species",1131,1131,923,590,115.327453613281,"8"
"species",1132,1132,1058,506,183.992904663086,"2"
"species",1133,1133,1038,503,109.22191619873,"8"
"species",1134,1134,1055,534,132.192535400391,"21"
"species",1135,1135,1040,535,62.2483367919922,"13"
"species",1136,1136,1028,664,56.0482711791992,"21"
"species",1137,1137,1146,500,192.811157226562,"13"
"species",1138,1138,1048,536,172.208251953125,"8"
"species",1139,1139,1023,510,35.1086769104004,"2"
"species",1140,1140,1121,458,62.1432991027832,"2"
"species",1141,1141,1063,540,1010.77813720703,"13"
"species",1142,1142,1145,443,62.1432991027832,"2"
"species",1143,1143,919,610,110.779029846191,"21"
"species",1144,1144,1164,427,1216.36901855469,"13"
"species",1145,1145,967,568,83.513069152832,"13"
"species",1146,1146,1138,458,70.8868255615234,"9"
"species",1147,1147,1073,655,38.5946502685547,"21"
"species",1148,1148,1035,521,155.811294555664,"8"
"species",1149,1149,937,547,85.9384384155273,"8"
"species",1150,1150,905,559,263.089691162109,"8"
"species",1151,1151,1099,486,296.967590332031,"13"
"species",1152,1152,954,566,83.513069152832,"8"
"species",1153,1153,1105,472,115.217002868652,"21"
"species",1154,1154,1077,516,122.927871704102,"21"
"species",1155,1155,989,618,73.5593872070312,"8"
"species",1156,1156,976,530,879.088562011719,"13"
"species",1157,1157,1007,512,135.505401611328,"21"
"species",1158,1158,1198,430,3544.505859375,"2"
"species",1159,1159,1117,518,281.996490478516,"21"
"species",1160,1160,1000,507,135.28059387207,"13"
"species",1161,1161,1091,491,27.3929615020752,"2"
"species",1162,1162,968,549,148.835540771484,"8"
"species",1163,1163,920,552,266.476287841797,"8"
"species",1164,1164,1019,567,222.451934814453,"8"
"species",1165,1165,957,552,84.4933166503906,"8"
"species",1166,1166,1005,507,59.8506851196289,"8"
"species",1167,1167,1083,540,4561.82275390625,"13"
"species",1168,1168,1070,515,122.927871704102,"21"
"species",1169,1169,1056,475,122.800666809082,"8"
"species",1170,1170,1079,599,242.656997680664,"8"
"species",1171,1171,1035,540,268.404724121094,"13"
"species",1172,1172,995,518,56.9734878540039,"8"
"species",1173,1173,966,581,312.397644042969,"8"
"species",1174,1174,1086,540,2948.73364257812,"13"
"species",1175,1175,1219,475,40.0368194580078,"2"
"species",1176,1176,901,578,193.459762573242,"8"
"species",1177,1177,974,582,126.140464782715,"8"
"species",1178,1178,1019,554,71.6549835205078,"21"
"species",1179,1179,1213,474,31.4841175079346,"2"
"species",1180,1180,1024,565,123.972450256348,"8"
"species",1181,1181,1258,543,55.0739784240723,"2"
"species",1182,1182,1160,493,192.811157226562,"8"
"species",1183,1183,930,559,96.7555770874023,"21"
"species",1184,1184,1085,465,27.3929615020752,"2"
"species",1185,1185,1430,605,29.3133430480957,"2"
"species",1186,1186,1049,489,108.045074462891,"8"
"species",1187,1187,1010,534,62.2483329772949,"21"
"species",1188,1188,1068,619,188.625381469727,"8"
"species",1189,1189,1383,450,9.26984977722168,"2"
"species",1190,1190,1022,583,290.636566162109,"13"
"species",1191,1191,1300,490,31.8683910369873,"8"
"species",1192,1192,1748,646,24.975564956665,"8"
"species",1193,1193,1481,516,15.3538837432861,"8"
"species",1194,1194,1165,478,66.4852600097656,"21"
"species",1195,1195,1011,646,55.1219367980957,"1"
"species",1196,1196,953,520,71.0691299438477,"9"
"species",1197,1197,1635,575,368.515075683594,"13"
"species",1198,1198,1109,564,188.625381469727,"8"
"species",1199,1199,1051,510,124.874847412109,"21"
"species",1200,1200,967,550,83.8072891235352,"21"
"species",1201,1201,1537,559,8.32851409912109,"2"
"species",1202,1202,1307,555,55.073974609375,"13"
"species",1203,1203,1033,514,35.1086769104004,"2"
"species",1204,1204,1041,565,89.3010482788086,"8"
"species",1205,1205,1101,518,130.043502807617,"21"
"species",1206,1206,1125,496,177.800979614258,"2"
"species",1207,1207,1056,514,35.1086807250977,"2"
"species",1208,1208,1089,497,285.836853027344,"21"
"species",1209,1209,1213,492,12.2851095199585,"13"
"species",1210,1210,1645,571,368.515075683594,"8"
"species",1211,1211,1295,491,164.26042175293,"2"
"species",1212,1212,1006,505,35.1086769104004,"2"
"species",1213,1213,1254,483,164.26042175293,"13"
"species",1214,1214,1496,541,15.3538837432861,"8"
"species",1215,1215,1077,459,27.3929615020752,"2"
"species",1216,1216,1768,627,12.989312171936,"8"
"species",1217,1217,1140,479,285.836822509766,"21"
"species",1218,1218,1059,506,192.811157226562,"8"
"species",1219,1219,1530,630,36.5193023681641,"8"
"species",1220,1220,1534,641,36.5193023681641,"2"
"species",1221,1221,1633,635,31.6483783721924,"8"
"species",1222,1222,1366,565,13.5638847351074,"2"
"species",1223,1223,1097,539,4663.90283203125,"13"
"species",1224,1224,1615,623,93.1613464355469,"13"
"species",1225,1225,1639,583,47.5090103149414,"8"
"species",1226,1226,1653,609,92.1389694213867,"2"
"species",1227,1227,1837,605,105.774604797363,"2"
"species",1228,1228,1460,525,15.3538827896118,"2"
"species",1229,1229,991,689,55.1219367980957,"8"
"species",1230,1230,1215,486,31.4841175079346,"8"
"species",1231,1231,1313,460,22.7218151092529,"2"
"species",1232,1232,1131,469,27.3929615020752,"2"
"species",1233,1233,935,568,101.023811340332,"8"
"species",1234,1234,1131,456,95.9052581787109,"21"
"species",1235,1235,1321,573,29.3296756744385,"8"
"species",1236,1236,1320,571,29.3296737670898,"21"
"species",1237,1237,1071,507,182.779586791992,"21"
"species",1238,1238,1298,568,29.3296756744385,"21"
"species",1239,1239,1241,527,55.073974609375,"2"
"species",1240,1240,1179,459,104.665092468262,"8"
"species",1241,1241,1072,543,259.751251220703,"8"
"species",1242,1242,1097,565,256.97998046875,"8"
"species",1243,1243,1086,536,372.153686523438,"8"
"species",1244,1244,1025,511,35.1086769104004,"2"
"species",1245,1245,1053,513,35.1086807250977,"2"
"species",1246,1246,1259,488,28.0261344909668,"2"
"species",1247,1247,1156,476,31.4841156005859,"8"
"species",1248,1248,1273,483,28.0261325836182,"2"
"species",1249,1249,873,580,111.938720703125,"8"
"species",1250,1250,1063,470,203.749893188477,"8"
"species",1251,1251,1182,451,149.729125976562,"2"
"species",1252,1252,1093,469,111.351493835449,"8"
"species",1253,1253,1107,475,57.9572601318359,"8"
"species",1254,1254,1036,534,367.081451416016,"8"
"species",1255,1255,1097,490,173.278228759766,"21"
"species",1256,1256,1159,512,803.006530761719,"21"
"species",1257,1257,1066,475,485.228942871094,"8"
"species",1258,1258,899,726,59.1819381713867,"21"
"species",1259,1259,1130,476,343.712463378906,"8"
"species",1260,1260,970,521,178.50732421875,"8"
"species",1261,1261,1066,682,1551.17248535156,"8"
"species",1262,1262,1047,580,57.5062713623047,"1"
"species",1263,1263,1173,458,99.8370742797852,"2"
"species",1264,1264,965,577,195.669509887695,"21"
"species",1265,1265,931,609,155.333251953125,"21"
"species",1266,1266,933,599,173.287902832031,"1"
"species",1267,1267,1064,468,235.319122314453,"2"
"species",1268,1268,903,618,146.653961181641,"8"
"species",1269,1269,1067,503,173.278228759766,"21"
"species",1270,1270,1073,509,129.260696411133,"21"
"species",1271,1271,1197,540,68.3031005859375,"21"
"species",1272,1272,1080,465,29.7946796417236,"2"
"species",1273,1273,1034,529,285.640197753906,"8"
"species",1274,1274,1035,558,195.669509887695,"8"
"species",1275,1275,951,891,171.856338500977,"8"
"species",1276,1276,918,608,123.922836303711,"8"
"species",1277,1277,1066,563,195.669525146484,"21"
"species",1278,1278,1105,508,66.4852600097656,"21"
"species",1279,1279,887,600,78.6185455322266,"21"
"species",1280,1280,1140,466,76.3998718261719,"8"
"species",1281,1281,1092,595,188.625381469727,"21"
"species",1282,1282,993,672,73.5713348388672,"8"
"species",1283,1283,997,655,44.1968879699707,"21"
"species",1284,1284,930,561,84.4146347045898,"21"
"species",1285,1285,1169,480,66.4852600097656,"21"
"species",1286,1286,1087,499,146.15885925293,"2"
"species",1287,1287,1146,468,76.3998718261719,"21"
"species",1288,1288,1076,473,54.6680526733398,"1"
"species",1289,1289,1086,538,62.1468391418457,"1"
"species",1290,1290,1106,474,88.0344390869141,"1"
"species",1291,1291,1274,497,39.9404716491699,"2"
"species",1292,1292,991,670,86.853271484375,"1"
"species",1293,1293,1115,546,48.7409248352051,"1"
"species",1294,1294,1351,478,16.1109504699707,"2"
"species",1295,1295,1081,486,54.6680488586426,"1"
"species",1296,1296,1128,499,66.4852676391602,"1"
"species",1297,1297,1198,464,80.5115737915039,"21"
"species",1298,1298,1063,596,129.609710693359,"1"
"species",1299,1299,1239,454,106.371536254883,"21"
"species",1300,1300,1509,515,7.99457263946533,"2"
"species",1301,1301,1185,421,1274.24658203125,"13"
"species",1302,1302,978,603,71.5932846069336,"1"
"species",1303,1303,1836,615,49.4788665771484,"8"
"species",1304,1304,1236,454,87.0331344604492,"2"
"species",1305,1305,1509,558,54.8277740478516,"8"
"species",1306,1306,1254,455,105.474098205566,"21"
"species",1307,1307,1733,603,23.423942565918,"2"
"species",1308,1308,1749,600,23.9018096923828,"2"
"species",1309,1309,1698,613,13.3724336624146,"2"
"species",1310,1310,1659,564,45.912181854248,"8"
"species",1311,1311,1643,600,57.7711791992188,"8"
"species",1312,1312,1707,595,23.9018096923828,"2"
"species",1313,1313,1638,601,55.0335426330566,"2"
"species",1314,1314,1501,500,7.99457311630249,"2"
"species",1315,1315,1199,451,81.985107421875,"21"
"species",1316,1316,1524,520,8.72613334655762,"2"
"species",1317,1317,1086,534,62.2483329772949,"1"
"species",1318,1318,1020,679,38.5946502685547,"8"
"species",1319,1319,912,606,110.779029846191,"21"
"species",1320,1320,1053,596,57.5062713623047,"8"
"species",1321,1321,1077,499,61.6088714599609,"21"
"species",1322,1322,1405,452,9.269850730896,"2"
"species",1323,1323,1609,546,14.0463228225708,"2"
"species",1324,1324,1004,608,73.5593872070312,"8"
"species",1325,1325,1036,669,38.5946502685547,"21"
"species",1326,1326,1741,602,26.4832038879395,"2"
"species",1327,1327,1752,606,33.2407569885254,"2"
"species",1328,1328,1315,559,30.4445190429688,"2"
"species",1329,1329,1171,456,106.823936462402,"8"
"species",1330,1330,894,561,111.938720703125,"8"
"species",1331,1331,1776,628,11.5878553390503,"2"
"species",1332,1332,1800,623,11.5878553390503,"2"
"species",1333,1333,1646,584,7.99457263946533,"2"
"species",1334,1334,1060,511,54.6680526733398,"8"
"species",1335,1335,1835,621,126.113151550293,"8"
"species",1336,1336,1106,574,148.744918823242,"1"
"species",1337,1337,1033,505,144.978759765625,"15"
"species",1338,1338,1111,468,27.3929615020752,"2"
"species",1339,1339,1140,467,28.0164928436279,"2"
"species",1340,1340,935,551,99.9011688232422,"21"
"species",1341,1341,1062,483,86.4068756103516,"8"
"species",1342,1342,1536,514,7.99457263946533,"8"
"species",1343,1343,1132,469,64.7828063964844,"2"
"species",1344,1344,1040,508,155.835739135742,"8"
"species",1345,1345,1095,491,22.6926345825195,"2"
"species",1346,1346,1138,466,70.8868255615234,"2"
"species",1347,1347,1362,575,29.3296756744385,"15"
"species",1348,1348,1034,554,192.811157226562,"2"
"species",1349,1349,1098,475,34.7572364807129,"2"
"species",1350,1350,1359,568,29.3296756744385,"2"
"species",1351,1351,1126,475,31.4841175079346,"8"
"species",1352,1352,1143,465,59.7011413574219,"15"
"species",1353,1353,1627,633,31.6483783721924,"2"
"species",1354,1354,1320,569,29.3296756744385,"15"
"species",1355,1355,1064,530,192.811157226562,"13"
"species",1356,1356,1355,572,29.5497817993164,"15"
"species",1357,1357,1314,555,54.7775802612305,"8"
"species",1358,1358,1343,566,29.3296737670898,"2"
"species",1359,1359,1339,576,29.3296756744385,"15"
"species",1360,1360,1276,550,29.3296756744385,"2"
"species",1361,1361,1047,546,2346.56396484375,"13"
"species",1362,1362,1212,491,12.2851085662842,"2"
"species",1363,1363,1362,454,9.26984977722168,"8"
"species",1364,1364,1516,516,7.99457311630249,"2"
"species",1365,1365,1518,560,52.3978805541992,"8"
"species",1366,1366,1214,479,164.26042175293,"2"
"species",1367,1367,1683,586,47.5090103149414,"25"
"species",1368,1368,1240,480,164.26042175293,"13"
"species",1369,1369,1539,641,36.5193023681641,"8"
"species",1370,1370,1632,612,93.2638168334961,"8"
"species",1371,1371,1457,610,29.2032623291016,"2"
"species",1372,1372,1351,574,13.5638847351074,"8"
"species",1373,1373,1059,542,142.866058349609,"1"
"species",1374,1374,1017,555,83.2354125976562,"31"
"species",1375,1375,1533,619,29.996265411377,"9"
"species",1376,1376,1286,501,39.9404716491699,"2"
"species",1377,1377,979,665,55.1219367980957,"1"
"species",1378,1378,1145,458,70.8868255615234,"2"
"species",1379,1379,945,548,97.1012878417969,"21"
"species",1380,1380,1826,592,75.3985137939453,"8"
"species",1381,1381,965,616,187.061538696289,"21"
"species",1382,1382,1046,592,195.031143188477,"21"
"species",1383,1383,1199,457,1112.55798339844,"8"
"species",1384,1384,944,539,96.7551651000977,"21"
"species",1385,1385,1388,454,21.803352355957,"8"
"species",1386,1386,1012,480,130.632080078125,"2"
"species",1387,1387,949,795,176.495574951172,"1"
"species",1388,1388,1826,613,272.296600341797,"8"
"species",1389,1389,1195,594,268.058135986328,"13"
"species",1390,1390,1337,464,55.9288139343262,"8"
"species",1391,1391,1046,516,84.9265213012695,"8"
"species",1392,1392,1792,622,11.5878553390503,"2"
"species",1393,1393,1095,535,710.053161621094,"13"
"species",1394,1394,1367,456,27.5398216247559,"2"
"species",1395,1395,1048,507,109.22191619873,"8"
"species",1396,1396,1084,526,72.6148071289062,"1"
"species",1397,1397,1532,560,45.8973770141602,"2"
"species",1398,1398,1173,456,104.665092468262,"2"
"species",1399,1399,1329,462,33.7742347717285,"2"
"species",1400,1400,1605,572,39.6779174804688,"15"
"species",1401,1401,1311,474,39.9404716491699,"2"
"species",1402,1402,1232,483,40.0368194580078,"2"
"species",1403,1403,1035,592,139.522933959961,"13"
"species",1404,1404,1800,618,78.4938507080078,"8"
"species",1405,1405,985,533,94.416259765625,"21"
"species",1406,1406,1261,480,28.0261325836182,"2"
"species",1407,1407,1836,657,83.8414916992188,"2"
"species",1408,1408,1536,527,8.32851314544678,"2"
"species",1409,1409,1448,484,8.54696941375732,"2"
"species",1410,1410,1549,533,8.32851409912109,"8"
"species",1411,1411,910,593,158.609436035156,"8"
"species",1412,1412,807,605,134.560302734375,"8"
"species",1413,1413,1309,534,20.4771404266357,"2"
"species",1414,1414,1467,534,15.3538837432861,"2"
"species",1415,1415,1498,548,15.3538827896118,"8"
"species",1416,1416,1620,616,93.2638168334961,"8"
"species",1417,1417,1750,631,12.0262975692749,"8"
"species",1418,1418,1210,438,8061.51025390625,"13"
"species",1419,1419,868,606,135.466415405273,"8"
"species",1420,1420,1278,506,16.6493606567383,"13"
"species",1421,1421,1772,629,11.5878553390503,"2"
"species",1422,1422,1763,620,11.5878553390503,"2"
"species",1423,1423,1351,458,21.8033542633057,"2"
"species",1424,1424,1486,525,15.3538837432861,"8"
"species",1425,1425,1476,528,15.3538837432861,"8"
"species",1426,1426,917,847,76.9755096435547,"1"
"species",1427,1427,893,602,155.333251953125,"21"
"species",1428,1428,962,531,101.111183166504,"8"
"species",1429,1429,878,550,85.4346923828125,"8"
"species",1430,1430,1147,447,153.972564697266,"21"
"species",1431,1431,1090,590,242.657012939453,"8"
"species",1432,1432,1045,539,1676.75842285156,"8"
"species",1433,1433,975,865,176.495574951172,"21"
"species",1434,1434,1213,460,829.541442871094,"8"
"species",1435,1435,973,525,96.3897933959961,"8"
"species",1436,1436,1028,499,129.354309082031,"21"
"species",1437,1437,992,532,86.1829147338867,"8"
"species",1438,1438,1063,595,242.657012939453,"8"
"species",1439,1439,1815,600,108.685287475586,"9"
"species",1440,1440,1717,622,17.8032131195068,"8"
"species",1441,1441,1799,608,93.790641784668,"2"
"species",1442,1442,1494,502,7.99457263946533,"2"
"species",1443,1443,706,1042,76.5618057250977,"8"
"species",1444,1444,963,518,101.111190795898,"21"
"species",1445,1445,881,644,72.598747253418,"21"
"species",1446,1446,1006,650,55.1219367980957,"21"
"species",1447,1447,1079,514,62.146842956543,"21"
"species",1448,1448,1058,477,71.7550430297852,"21"
"species",1449,1449,1093,613,249.174423217773,"8"
"species",1450,1450,960,687,56.179256439209,"21"
"species",1451,1451,1005,647,55.1219367980957,"1"
"species",1452,1452,1490,551,15.3538837432861,"2"
"species",1453,1453,1647,606,13.2312936782837,"2"
"species",1454,1454,1467,511,15.3538837432861,"2"
"species",1455,1455,1611,579,45.3161163330078,"2"
"species",1456,1456,1813,601,212.872131347656,"8"
"species",1457,1457,966,541,101.425018310547,"8"
"species",1458,1458,1147,544,68.3031005859375,"8"
"species",1459,1459,1192,460,104.665092468262,"3"
"species",1460,1460,1577,536,8.32851409912109,"8"
"species",1461,1461,1125,475,127.538475036621,"9"
"species",1462,1462,1003,622,55.1219367980957,"13"
"species",1463,1463,935,576,174.074356079102,"8"
"species",1464,1464,957,615,188.625381469727,"1"
"species",1465,1465,1702,585,47.5090103149414,"8"
"species",1466,1466,1318,550,27.9818267822266,"9"
"species",1467,1467,1598,621,93.2638168334961,"2"
"species",1468,1468,1614,590,86.8862838745117,"2"
"species",1469,1469,1792,617,23.9018096923828,"2"
"species",1470,1470,1581,559,14.0853967666626,"2"
"species",1471,1471,1603,587,348.498840332031,"2"
"species",1472,1472,1591,581,45.3161163330078,"8"
"species",1473,1473,969,820,38.5946502685547,"21"
"species",1474,1474,926,792,88.5146102905273,"8"
"species",1475,1475,979,626,188.625381469727,"8"
"species",1476,1476,1092,483,54.6680526733398,"1"
"species",1477,1477,1003,1115,77.9810256958008,"8"
"species",1478,1478,1844,617,45.2908706665039,"8"
"species",1479,1479,1717,632,24.975564956665,"2"
"species",1480,1480,1049,509,155.835739135742,"9"
"species",1481,1481,987,626,188.625381469727,"8"
"species",1482,1482,1527,568,42.7215576171875,"8"
"species",1483,1483,1133,466,68.913215637207,"2"
"species",1484,1484,1351,464,21.8033542633057,"2"
"species",1485,1485,1143,464,62.1432952880859,"2"
"species",1486,1486,1123,491,192.811157226562,"2"
"species",1487,1487,1333,544,13.6210460662842,"9"
"species",1488,1488,1821,636,77.5378799438477,"2"
"species",1489,1489,1028,520,123.150482177734,"21"
"species",1490,1490,1043,515,35.1086769104004,"2"
"species",1491,1491,1211,446,178.903701782227,"3"
"species",1492,1492,1841,589,200.918731689453,"8"
"species",1493,1493,1478,558,23.8291702270508,"8"
"species",1494,1494,1777,644,47.2207565307617,"8"
"species",1495,1495,1034,488,38.7746047973633,"8"
"species",1496,1496,1187,446,62.1432952880859,"8"
"species",1497,1497,1498,500,7.99457311630249,"2"
"species",1498,1498,963,752,144.425582885742,"6"
"species",1499,1499,779,1054,76.5618057250977,"31"
"species",1500,1500,910,639,83.6362838745117,"8"
"species",1501,1501,1608,617,31.6483783721924,"8"
"species",1502,1502,945,610,155.333251953125,"8"
"species",1503,1503,1317,477,131.525588989258,"8"
"species",1504,1504,1250,456,90.9282608032227,"8"
"species",1505,1505,1213,518,55.073974609375,"9"
"species",1506,1506,1026,509,109.22191619873,"8"
"species",1507,1507,882,622,137.134552001953,"1"
"species",1508,1508,1617,585,368.515045166016,"2"
"species",1509,1509,1349,456,46.4089012145996,"2"
"species",1510,1510,1586,556,7.99457311630249,"2"
"species",1511,1511,1044,487,130.632080078125,"21"
"species",1512,1512,1268,524,12.2851085662842,"9"
"species",1513,1513,1039,490,35.1086769104004,"9"
"species",1514,1514,952,521,93.1473617553711,"9"
"species",1515,1515,906,712,69.1455078125,"8"
"species",1516,1516,979,509,35.1086807250977,"2"
"species",1517,1517,1827,609,177.233932495117,"8"
"species",1518,1518,1064,490,129.688812255859,"1"
"species",1519,1519,1135,468,263.444976806641,"3"
"species",1520,1520,1054,576,75.1357879638672,"21"
"species",1521,1521,1080,600,187.962844848633,"21"
"species",1522,1522,1252,521,55.0739784240723,"9"
"species",1523,1523,1170,440,62.1432952880859,"2"
"species",1524,1524,1512,509,7.99457311630249,"2"
"species",1525,1525,1173,456,1114.92114257812,"2"
"species",1526,1526,1628,582,19.6327610015869,"8"
"species",1527,1527,1185,457,76.6893920898438,"2"
"species",1528,1528,1791,624,65.5892105102539,"2"
"species",1529,1529,1047,684,1551.17248535156,"8"
"species",1530,1530,1116,468,27.3929615020752,"2"
"species",1531,1531,1444,598,29.2032623291016,"2"
"species",1532,1532,1702,612,11.5878553390503,"2"
"species",1533,1533,1502,505,7.99457311630249,"15"
"species",1534,1534,1014,500,35.1086807250977,"2"
"species",1535,1535,1520,559,47.8940200805664,"8"
"species",1536,1536,1628,600,93.2638244628906,"15"
"species",1537,1537,1226,469,28.0261344909668,"2"
"species",1538,1538,1362,455,38.6800651550293,"2"
"species",1539,1539,1807,644,79.4317092895508,"2"
"species",1540,1540,1577,563,20.7537155151367,"2"
"species",1541,1541,1365,454,90.6651840209961,"8"
"species",1542,1542,1308,456,21.8033542633057,"2"
"species",1543,1543,1339,454,90.6621017456055,"8"
"species",1544,1544,1061,467,232.639801025391,"8"
"species",1545,1545,1871,613,106.963768005371,"2"
"species",1546,1546,1087,646,38.5946502685547,"1"
"species",1547,1547,1131,510,595.196838378906,"21"
"species",1548,1548,1194,462,107.314193725586,"21"
"species",1549,1549,936,773,76.5618057250977,"21"
"species",1550,1550,973,548,266.476287841797,"13"
"species",1551,1551,1754,632,11.5878553390503,"8"
"species",1552,1552,1090,573,48.7409248352051,"1"
"species",1553,1553,1080,489,146.464599609375,"2"
"species",1554,1554,1084,607,47.1806335449219,"8"
"species",1555,1555,1188,493,12.2851085662842,"9"
"species",1556,1556,1640,623,17.8472785949707,"2"
"species",1557,1557,1141,460,70.8642501831055,"2"
"species",1558,1558,1036,510,35.1086769104004,"2"
"species",1559,1559,1032,494,38.0816879272461,"21"
"species",1560,1560,1474,512,15.3538837432861,"8"
"species",1561,1561,913,567,416.261474609375,"8"
"species",1562,1562,1081,622,1006.64916992188,"8"
"species",1563,1563,1217,519,55.073974609375,"9"
"species",1564,1564,953,1000,77.2085418701172,"21"
"species",1565,1565,1097,552,48.7409248352051,"1"
"species",1566,1566,1125,467,71.1256561279297,"2"
"species",1567,1567,1475,506,8.32851314544678,"2"
"species",1568,1568,1034,574,124.207229614258,"8"
"species",1569,1569,1779,626,11.5878553390503,"15"
"species",1570,1570,1133,468,27.5340194702148,"2"
"species",1571,1571,1238,455,93.0460815429688,"31"
"species",1572,1572,1052,526,168.536102294922,"8"
"species",1573,1573,1605,629,29.4081115722656,"8"
"species",1574,1574,1042,546,4841.74267578125,"13"
"species",1575,1575,900,588,84.4146347045898,"21"
"species",1576,1576,986,524,101.425018310547,"21"
"species",1577,1577,1376,455,21.8033542633057,"2"
"species",1578,1578,1134,536,57.0723457336426,"8"
"species",1579,1579,943,725,48.7522888183594,"1"
"species",1580,1580,1161,540,67.3902816772461,"8"
"species",1581,1581,1448,492,15.8388786315918,"8"
"species",1582,1582,1059,509,155.835739135742,"21"
"species",1583,1583,1696,636,24.975564956665,"2"
"species",1584,1584,1765,643,48.0399589538574,"2"
"species",1585,1585,1680,582,47.5090103149414,"8"
"species",1586,1586,1716,638,24.975564956665,"8"
"species",1587,1587,1036,506,35.1086769104004,"2"
"species",1588,1588,895,610,146.653961181641,"21"
"species",1589,1589,1814,602,83.5577087402344,"2"
"species",1590,1590,1161,442,650.972106933594,"13"
"species",1591,1591,1814,617,184.334182739258,"8"
"species",1592,1592,1347,564,59.3752670288086,"2"
"species",1593,1593,1578,626,31.648380279541,"8"
"species",1594,1594,1684,583,47.5090103149414,"8"
"species",1595,1595,1148,507,56.9827575683594,"9"
"species",1596,1596,1645,568,296.241516113281,"8"
"species",1597,1597,1614,611,93.1315689086914,"2"
"species",1598,1598,1765,622,62.730640411377,"2"
"species",1599,1599,1287,538,12.2851095199585,"9"
"species",1600,1600,1495,504,7.99457311630249,"2"
"species",1601,1601,1326,571,37.4480628967285,"2"
"species",1602,1602,891,606,141.598220825195,"1"
"species",1603,1603,1035,518,552.806030273438,"8"
"species",1604,1604,1645,554,45.5455169677734,"8"
"species",1605,1605,1699,602,47.5090103149414,"2"
"species",1606,1606,1477,513,15.3538837432861,"2"
"species",1607,1607,1631,558,9.53620433807373,"2"
"species",1608,1608,1012,505,35.1086807250977,"2"
"species",1609,1609,1050,626,714.676513671875,"3"
"species",1610,1610,1129,479,27.3929615020752,"2"
"species",1611,1611,1654,574,176.405242919922,"8"
"species",1612,1612,943,627,153.254180908203,"8"
"species",1613,1613,1615,580,141.356826782227,"8"
"species",1614,1614,1536,518,8.03123378753662,"2"
"species",1615,1615,1154,457,70.8868255615234,"2"
"species",1616,1616,985,614,61.534481048584,"8"
"species",1617,1617,1064,473,64.4457702636719,"2"
"species",1618,1618,1512,582,13.5638847351074,"2"
"species",1619,1619,1556,566,19.6327610015869,"2"
"species",1620,1620,1006,654,55.1219367980957,"1"
"species",1621,1621,1617,544,7.99457311630249,"2"
"species",1622,1622,974,622,179.217254638672,"21"
"species",1623,1623,1803,650,24.975564956665,"15"
"species",1624,1624,1220,457,140.540374755859,"2"
"species",1625,1625,918,610,105.204048156738,"21"
"species",1626,1626,1831,591,186.989532470703,"2"
"species",1627,1627,1418,480,16.1109504699707,"8"
"species",1628,1628,1173,440,62.1432952880859,"2"
"species",1629,1629,1574,538,8.32851314544678,"2"
"species",1630,1630,1676,610,93.1775207519531,"2"
"species",1631,1631,1046,574,124.207229614258,"21"
"species",1632,1632,964,707,129.908157348633,"8"
"species",1633,1633,965,556,253.033309936523,"8"
"species",1634,1634,878,610,141.017150878906,"21"
"species",1635,1635,1021,570,124.098052978516,"1"
"species",1636,1636,1077,492,173.278228759766,"8"
"species",1637,1637,1526,522,8.32851314544678,"2"
"species",1638,1638,1071,518,109.22191619873,"1"
"species",1639,1639,1869,596,77.4266891479492,"8"
"species",1640,1640,1493,489,8.21338272094727,"2"
"species",1641,1641,1063,545,122.927871704102,"21"
"species",1642,1642,1625,578,202.189224243164,"8"
"species",1643,1643,969,603,71.5930633544922,"1"
"species",1644,1644,1818,626,123.158958435059,"2"
"species",1645,1645,989,633,55.1219367980957,"21"
"species",1646,1646,1627,608,31.6483783721924,"2"
"species",1647,1647,1625,580,368.515075683594,"2"
"species",1648,1648,1787,624,75.6105728149414,"2"
"species",1649,1649,973,528,101.425018310547,"21"
"species",1650,1650,1006,636,55.1219367980957,"1"
"species",1651,1651,980,678,63.4815444946289,"8"
"species",1652,1652,850,619,138.231857299805,"21"
"species",1653,1653,1118,547,74.5011367797852,"8"
"species",1654,1654,1134,507,516.904541015625,"21"
"species",1655,1655,1712,614,11.5878562927246,"2"
"species",1656,1656,946,521,159.209167480469,"21"
"species",1657,1657,1010,530,159.741821289062,"21"
"species",1658,1658,1182,548,63.1227073669434,"21"
"species",1659,1659,1072,620,520.220336914062,"21"
"species",1660,1660,1169,447,665.575256347656,"2"
"species",1661,1661,1587,560,14.4165287017822,"2"
"species",1662,1662,1627,585,30.2770366668701,"2"
"species",1663,1663,993,675,55.1219329833984,"21"
"species",1664,1664,972,673,69.2006454467773,"1"
"species",1665,1665,977,676,97.1699829101562,"21"
"species",1666,1666,991,712,38.8550910949707,"1"
"species",1667,1667,1055,605,111.152816772461,"8"
"species",1668,1668,993,532,123.650367736816,"8"
"species",1669,1669,969,538,97.3042755126953,"21"
"species",1670,1670,1277,498,39.9404716491699,"2"
"species",1671,1671,1108,557,188.625381469727,"8"
"species",1672,1672,1797,619,116.325691223145,"8"
"species",1673,1673,1669,632,24.7830753326416,"2"
"species",1674,1674,1201,433,989.29736328125,"2"
"species",1675,1675,1079,489,102.557929992676,"1"
"species",1676,1676,1692,612,11.5878553390503,"2"
"species",1677,1677,1791,629,11.5878553390503,"2"
"species",1678,1678,993,621,188.625381469727,"21"
"species",1679,1679,1475,494,10.5749797821045,"3"
"species",1680,1680,1172,476,58.0405311584473,"2"
"species",1681,1681,1495,515,7.99457311630249,"2"
"species",1682,1682,1346,463,29.1542015075684,"2"
"species",1683,1683,1837,584,178.734512329102,"2"
"species",1684,1684,1450,475,9.269850730896,"2"
"species",1685,1685,1779,645,47.2207527160645,"8"
"species",1686,1686,936,578,78.618537902832,"21"
"species",1687,1687,1619,556,36.4458770751953,"2"
"species",1688,1688,1371,454,21.8033542633057,"2"
"species",1689,1689,1025,504,38.774600982666,"13"
"species",1690,1690,929,620,146.653961181641,"8"
"species",1691,1691,970,841,176.495574951172,"8"
"species",1692,1692,932,563,84.4146347045898,"21"
"species",1693,1693,946,576,84.1511764526367,"1"
"species",1694,1694,1003,628,55.1219367980957,"1"
"species",1695,1695,1385,459,9.66579723358154,"2"
"species",1696,1696,1181,561,56.8976173400879,"21"
"species",1697,1697,995,561,83.513069152832,"8"
"species",1698,1698,1053,518,101.275184631348,"8"
"species",1699,1699,1316,546,14.123140335083,"9"
"species",1700,1700,1771,624,13.3724336624146,"2"
"species",1701,1701,819,994,76.7407302856445,"8"
"species",1702,1702,980,711,44.0877685546875,"21"
"species",1703,1703,968,611,73.5593872070312,"21"
"species",1704,1704,1023,503,35.1086807250977,"2"
"species",1705,1705,1032,546,62.2483329772949,"8"
"species",1706,1706,1283,543,56.3692817687988,"9"
"species",1707,1707,1127,538,122.927864074707,"21"
"species",1708,1708,1482,523,15.3538837432861,"2"
"species",1709,1709,1480,535,15.3538837432861,"2"
"species",1710,1710,1217,457,1260.83813476562,"7"
"species",1711,1711,1473,510,14.3602733612061,"8"
"species",1712,1712,1337,453,91.0330429077148,"2"
"species",1713,1713,1461,572,13.5638847351074,"2"
"species",1714,1714,1520,512,7.99457311630249,"2"
"species",1715,1715,1128,453,62.1432952880859,"2"
"species",1716,1716,1453,493,9.269850730896,"2"
"species",1717,1717,965,728,44.0877685546875,"1"
"species",1718,1718,916,734,63.085376739502,"8"
"species",1719,1719,984,506,35.1086807250977,"2"
"species",1720,1720,1881,614,64.8330078125,"8"
"species",1721,1721,1116,515,57.5138359069824,"8"
"species",1722,1722,1109,579,124.207229614258,"8"
"species",1723,1723,1622,588,354.231384277344,"2"
"species",1724,1724,1023,661,307.781433105469,"8"
"species",1725,1725,977,511,65.0160598754883,"9"
"species",1726,1726,1704,611,17.7944259643555,"8"
"species",1727,1727,1824,614,87.8582992553711,"8"
"species",1728,1728,1050,500,146.464599609375,"2"
"species",1729,1729,1135,465,70.8868255615234,"2"
"species",1730,1730,931,554,84.6919937133789,"21"
"species",1731,1731,980,521,96.7798309326172,"9"
"species",1732,1732,932,556,96.7551651000977,"21"
"species",1733,1733,1073,509,165.322891235352,"21"
"species",1734,1734,971,506,35.1086807250977,"1"
"species",1735,1735,1593,585,315.889343261719,"8"
"species",1736,1736,1499,516,7.99457311630249,"2"
"species",1737,1737,1114,476,27.434663772583,"2"
"species",1738,1738,1533,562,48.9938888549805,"8"
"species",1739,1739,1402,590,38.9750862121582,"8"
"species",1740,1740,1096,559,48.7409248352051,"8"
"species",1741,1741,1040,660,251.270858764648,"8"
"species",1742,1742,820,615,134.599792480469,"8"
"species",1743,1743,1623,559,45.9121856689453,"8"
"species",1744,1744,1066,557,268.058135986328,"21"
"species",1745,1745,960,607,73.5593872070312,"21"
"species",1746,1746,1115,475,70.8868255615234,"2"
"species",1747,1747,1152,463,70.7800827026367,"2"
"species",1748,1748,1129,469,70.8868255615234,"2"
"species",1749,1749,1552,625,31.6196022033691,"2"
"species",1750,1750,1329,558,54.8696632385254,"2"
"species",1751,1751,1120,472,27.3929615020752,"2"
"species",1752,1752,1539,640,36.5193023681641,"2"
"species",1753,1753,1341,481,16.1109504699707,"8"
"species",1754,1754,1759,620,13.3724336624146,"2"
"species",1755,1755,1827,595,107.568031311035,"8"
"species",1756,1756,1377,455,9.269850730896,"8"
"species",1757,1757,1224,454,178.903701782227,"8"
"species",1758,1758,1464,492,9.269850730896,"2"
"species",1759,1759,922,582,71.5930709838867,"8"
"species",1760,1760,1487,560,53.5546798706055,"8"
"species",1761,1761,1641,585,47.5090103149414,"2"
"species",1762,1762,936,569,84.1557693481445,"1"
"species",1763,1763,1501,603,26.2546710968018,"8"
"species",1764,1764,959,550,101.111183166504,"21"
"species",1765,1765,1170,453,87.5569686889648,"8"
"species",1766,1766,1189,458,107.314193725586,"21"
"species",1767,1767,1482,496,7.99457311630249,"2"
"species",1768,1768,1616,595,69.8791427612305,"2"
"species",1769,1769,1184,451,81.985107421875,"21"
"species",1770,1770,1141,462,70.8868255615234,"2"
"species",1771,1771,1829,595,75.6105728149414,"8"
"species",1772,1772,1806,654,54.9219818115234,"8"
"species",1773,1773,1820,629,123.158958435059,"8"
"species",1774,1774,1811,632,123.158950805664,"8"
"species",1775,1775,1637,584,24.0595264434814,"2"
"species",1776,1776,1549,550,8.32851409912109,"15"
"species",1777,1777,956,695,66.5104217529297,"21"
"species",1778,1778,1776,629,23.914623260498,"2"
"species",1779,1779,1826,619,159.642501831055,"2"
"species",1780,1780,876,587,155.333251953125,"13"
"species",1781,1781,969,833,50.5501480102539,"1"
"species",1782,1782,1048,730,38.5946502685547,"21"
"species",1783,1783,1039,565,178.737686157227,"8"
"species",1784,1784,1176,455,132.266036987305,"3"
"species",1785,1785,948,678,97.1699829101562,"21"
"species",1786,1786,979,590,71.5930709838867,"21"
"species",1787,1787,1003,667,97.1699905395508,"1"
"species",1788,1788,1011,675,44.0877685546875,"8"
"species",1789,1789,1118,471,71.1240692138672,"2"
"species",1790,1790,939,708,69.2006454467773,"1"
"species",1791,1791,1127,464,70.8868255615234,"2"
"species",1792,1792,1020,653,43.9195022583008,"21"
"species",1793,1793,1062,602,187.782989501953,"8"
"species",1794,1794,936,599,89.353401184082,"8"
"species",1795,1795,1114,481,82.2935791015625,"2"
"species",1796,1796,1111,480,72.3777694702148,"2"
"species",1797,1797,1133,467,66.7538223266602,"8"
"species",1798,1798,1095,601,188.625381469727,"8"
"species",1799,1799,1030,609,71.0175857543945,"8"
"species",1800,1800,1030,522,75.3234252929688,"21"
"species",1801,1801,974,688,58.1809196472168,"8"
"species",1802,1802,999,562,75.1034774780273,"21"
"species",1803,1803,912,583,308.596801757812,"8"
"species",1804,1804,872,626,148.259719848633,"8"
"species",1805,1805,1090,470,62.365119934082,"2"
"species",1806,1806,938,554,84.4146347045898,"21"
"species",1807,1807,1094,497,62.146842956543,"8"
"species",1808,1808,894,570,85.4021987915039,"21"
"species",1809,1809,894,564,114.398017883301,"21"
"species",1810,1810,1549,582,13.5638847351074,"8"
"species",1811,1811,1078,485,54.6680526733398,"8"
"species",1812,1812,1061,489,109.22191619873,"21"
"species",1813,1813,1441,607,29.2032642364502,"2"
"species",1814,1814,1262,486,40.0129661560059,"2"
"species",1815,1815,1392,457,9.26984977722168,"8"
"species",1816,1816,1520,629,36.5193023681641,"8"
"species",1817,1817,1479,500,8.32851409912109,"2"
"species",1818,1818,1355,578,13.5638847351074,"8"
"species",1819,1819,1524,642,36.5142211914062,"2"
"species",1820,1820,1426,464,9.269850730896,"8"
"species",1821,1821,1461,511,15.3538837432861,"2"
"species",1822,1822,1602,636,31.648380279541,"8"
"species",1823,1823,1670,566,45.9121856689453,"8"
"species",1824,1824,1768,631,47.2207565307617,"8"
"species",1825,1825,1805,654,47.2207527160645,"2"
"species",1826,1826,1815,616,107.893997192383,"8"
"species",1827,1827,1845,615,50.1381568908691,"2"
"species",1828,1828,1672,603,13.3724336624146,"8"
"species",1829,1829,1038,589,216.318405151367,"8"
"species",1830,1830,1634,576,368.515075683594,"8"
"species",1831,1831,1627,615,93.2638168334961,"2"
"species",1832,1832,1347,478,39.9404716491699,"2"
"species",1833,1833,1084,592,188.625381469727,"21"
"species",1834,1834,1356,478,64.6427307128906,"2"
"species",1835,1835,893,1001,77.9810256958008,"21"
