"species","x","y","bio4","bio16","gpw2000_30_sec","swa_2000lulc_2km"
"species",1,1,1061,492,146.464593266447,"9"
"species",2,2,1204,451,2899.69592447146,"13"
"species",3,3,883,586,81.4365999391549,"21"
"species",4,4,1016,497,324.136080184699,"21"
"species",5,5,905,612,112.94025001015,"21"
"species",6,6,1059,508,125.539439551812,"8"
"species",7,7,1143,574,256.848129989195,"8"
"species",8,8,1013,552,838.323408968824,"13"
"species",9,9,943,602,136.262894426567,"8"
"species",10,10,926,603,155.333251997828,"1"
"species",11,11,950,708,69.2006495445967,"1"
"species",12,12,1100,587,188.625379964709,"8"
"species",13,13,919,598,104.534336426432,"8"
"species",14,14,1072,621,941.803051925394,"8"
"species",15,15,771,1043,76.5618060777585,"31"
"species",16,16,1191,447,4778.3535200576,"13"
"species",17,17,929,606,155.190992087121,"8"
"species",18,18,960,590,152.907446213477,"1"
"species",19,19,1213,447,6978.69307396515,"13"
"species",20,20,1115,487,427.014916744046,"8"
"species",21,21,1070,545,4731.86116542809,"13"
"species",22,22,1509,509,7.99457306601107,"2"
"species",23,23,1362,442,11.4750003006649,"2"
"species",24,24,959,546,266.476282685995,"1"
"species",25,25,1125,492,282.603847504154,"21"
"species",26,26,962,716,51.0278341449138,"1"
"species",27,27,952,565,139.5452786244,"21"
"species",28,28,1103,496,174.158336484659,"8"
"species",29,29,954,572,83.5130711123347,"21"
"species",30,30,940,602,203.470295206973,"8"
"species",31,31,1583,573,45.316116809845,"8"
"species",32,32,942,940,77.9810211881995,"1"
"species",33,33,1163,489,623.758380052214,"21"
"species",34,34,930,579,182.136685357281,"8"
"species",35,35,997,577,223.203464791287,"8"
"species",36,36,1010,499,111.208333699697,"13"
"species",37,37,1006,619,73.3765832781458,"1"
"species",38,38,1051,505,155.835734989781,"21"
"species",39,39,1051,507,152.263857223348,"21"
"species",40,40,1005,563,178.737688198686,"8"
"species",41,41,885,577,167.774179012318,"8"
"species",42,42,1026,495,133.166006989701,"8"
"species",43,43,1329,464,21.8033534791321,"8"
"species",44,44,1232,456,176.885136023537,"2"
"species",45,45,980,676,97.1699872240424,"9"
"species",46,46,1239,456,93.0460819974542,"8"
"species",47,47,984,547,266.476282298565,"13"
"species",48,48,1274,465,64.6427347511053,"8"
"species",49,49,1078,544,4871.93225622177,"13"
"species",50,50,1356,474,68.7133447733556,"8"
"species",51,51,955,556,262.068325386097,"8"
"species",52,52,1035,657,248.969121516933,"8"
"species",53,53,936,559,176.334273830108,"8"
"species",54,54,1094,486,142.104758255336,"2"
"species",55,55,1383,476,64.6627370566046,"8"
"species",56,56,1365,445,14.3563949386647,"2"
"species",57,57,1178,440,2209.05704646396,"13"
"species",58,58,1334,473,63.6416183190615,"8"
"species",59,59,1068,494,173.204806238458,"8"
"species",60,60,1027,526,152.06326478771,"8"
"species",61,61,1146,455,62.1432976163924,"1"
"species",62,62,1625,576,368.515059024095,"13"
"species",63,63,1102,498,170.878170349744,"8"
"species",64,64,943,721,69.1285022124596,"21"
"species",65,65,1143,454,914.908959153966,"2"
"species",66,66,942,562,99.2289076820806,"21"
"species",67,67,1106,576,48.7409229762852,"8"
"species",68,68,1343,459,21.8033540546894,"8"
"species",69,69,892,592,90.0132536812548,"21"
"species",70,70,1065,578,96.9637683704985,"21"
"species",71,71,1313,473,71.4919497122715,"2"
"species",72,72,1117,478,135.423115963124,"21"
"species",73,73,1365,475,64.6427340209484,"2"
"species",74,74,937,595,171.601001664815,"21"
"species",75,75,1065,509,155.835730493069,"21"
"species",76,76,1203,468,151.212776261441,"8"
"species",77,77,1174,466,58.0392146259296,"21"
"species",78,78,1553,570,30.2770376913249,"8"
"species",79,79,1237,459,65.116795867708,"8"
"species",80,80,1216,467,85.1830618775173,"8"
"species",81,81,1087,607,47.180631801486,"21"
"species",82,82,1245,456,68.9325003330428,"8"
"species",83,83,1257,476,164.260421603918,"2"
"species",84,84,1143,454,82.9319154401086,"8"
"species",85,85,1158,462,73.5834420149098,"21"
"species",86,86,892,602,83.5130732506514,"1"
"species",87,87,1077,487,217.830595209639,"2"
"species",88,88,870,615,95.7044690623879,"8"
"species",89,89,1022,501,39.0017192774239,"21"
"species",90,90,935,571,84.4146363884211,"21"
"species",91,91,1538,514,8.00364848133137,"2"
"species",92,92,1544,594,13.5638846801594,"2"
"species",93,93,1070,496,146.464596047997,"2"
"species",94,94,929,554,832.238651196728,"1"
"species",95,95,860,886,76.5618063732982,"21"
"species",96,96,960,604,163.581839501492,"8"
"species",97,97,916,585,96.6923481762123,"8"
"species",98,98,1329,452,20.8072509515311,"2"
"species",99,99,938,558,384.186366996856,"21"
"species",100,100,958,705,69.2006492391229,"21"
"species",101,101,832,1028,77.9810227453709,"1"
"species",102,102,922,711,59.2467420361776,"9"
"species",103,103,933,632,69.2006479650736,"1"
"species",104,104,1070,495,142.621888868988,"2"
"species",105,105,1074,497,149.23346924104,"9"
"species",106,106,1079,491,146.607969124202,"8"
"species",107,107,1048,495,146.560784539041,"9"
"species",108,108,1089,498,146.603348076334,"2"
"species",109,109,1098,496,173.230301633486,"21"
"species",110,110,1017,532,509.054742744705,"21"
"species",111,111,1070,499,281.125082717739,"2"
"species",112,112,894,593,79.7593071087815,"21"
"species",113,113,859,593,84.2636711448699,"21"
"species",114,114,893,620,72.7790123521987,"8"
"species",115,115,894,630,75.4984040404407,"8"
"species",116,116,901,660,83.6258058771504,"1"
"species",117,117,872,663,79.1897194166153,"21"
"species",118,118,1023,504,37.7663246187685,"21"
"species",119,119,885,607,83.6663882136193,"8"
"species",120,120,893,605,111.454305238983,"21"
"species",121,121,995,555,264.831413880411,"8"
"species",122,122,1004,519,880.332499528608,"8"
"species",123,123,1097,497,146.579504907124,"2"
"species",124,124,893,604,72.4451400637627,"21"
"species",125,125,1543,617,31.6483792159706,"2"
"species",126,126,1606,550,8.3285138104111,"2"
"species",127,127,1537,604,26.9378393491442,"2"
"species",128,128,1782,623,25.0666630806725,"2"
"species",129,129,1804,641,47.2207561284304,"2"
"species",130,130,1799,614,101.414596638837,"2"
"species",131,131,1778,612,33.5646222542391,"2"
"species",132,132,1482,502,8.52397247350706,"2"
"species",133,133,1536,535,15.3538836240768,"2"
"species",134,134,1836,605,187.03316347301,"2"
"species",135,135,1076,480,38.7746027521789,"2"
"species",136,136,1100,488,336.882714333176,"21"
"species",137,137,1009,499,135.115575850039,"8"
"species",138,138,1164,596,268.058144281308,"8"
"species",139,139,898,587,83.8812415821134,"21"
"species",140,140,960,557,203.936984311972,"8"
"species",141,141,1083,500,150.197226125967,"21"
"species",142,142,929,586,83.5130716860294,"8"
"species",143,143,1030,569,99.2831960332118,"8"
"species",144,144,1798,638,47.2207547165453,"2"
"species",145,145,1759,633,24.9755647536367,"2"
"species",146,146,1108,494,47.3733411873915,"2"
"species",147,147,1167,474,692.858120685398,"9"
"species",148,148,1525,512,8.32848954293877,"2"
"species",149,149,1108,478,31.108424272952,"2"
"species",150,150,1176,472,696.131098663919,"8"
"species",151,151,1107,475,156.562285086921,"2"
"species",152,152,1058,473,62.3651200346649,"2"
"species",153,153,1097,489,197.977926503695,"13"
"species",154,154,934,755,59.1819376274943,"1"
"species",155,155,1036,654,238.961782385906,"21"
"species",156,156,996,685,44.0877673923969,"1"
"species",157,157,913,562,599.255589684786,"1"
"species",158,158,1107,481,239.115293767649,"21"
"species",159,159,934,547,100.886460632116,"21"
"species",160,160,1330,485,27.7750494815295,"99"
"species",161,161,1471,505,15.2223088237981,"2"
"species",162,162,891,835,76.5618059709668,"1"
"species",163,163,991,724,44.0877671539783,"1"
"species",164,164,1038,523,322.500504433583,"8"
"species",165,165,1113,471,63.5417709164944,"2"
"species",166,166,1572,576,30.2770382035524,"8"
"species",167,167,1126,472,70.8868263587355,"2"
"species",168,168,1556,589,13.5787339424716,"2"
"species",169,169,1369,455,21.8033539541066,"15"
"species",170,170,972,591,193.808026984435,"8"
"species",171,171,919,576,89.3912675160567,"21"
"species",172,172,1089,474,55.8107089511529,"21"
"species",173,173,1125,454,102.998431366746,"21"
"species",174,174,1028,569,79.143013320012,"8"
"species",175,175,1115,503,12.2851081324475,"9"
"species",176,176,1051,482,96.3607927570876,"21"
"species",177,177,991,749,44.0877668559551,"8"
"species",178,178,809,938,76.5618040189147,"21"
"species",179,179,1437,503,13.725075202376,"2"
"species",180,180,1315,555,29.3296754080802,"2"
"species",181,181,836,897,64.3407682667558,"21"
"species",182,182,1027,649,217.486190343265,"8"
"species",183,183,1174,510,55.0739765118372,"8"
"species",184,184,974,608,73.5591972321272,"8"
"species",185,185,1097,466,88.0344362929463,"21"
"species",186,186,1231,452,74.4995024999836,"21"
"species",187,187,893,559,85.4921363965629,"8"
"species",188,188,1299,548,38.232684130132,"9"
"species",189,189,1776,645,48.2943199057934,"2"
"species",190,190,1552,621,31.2509430814643,"8"
"species",191,191,1618,556,45.9121840372682,"8"
"species",192,192,1630,625,30.7887418289421,"3"
"species",193,193,919,580,83.5130714699626,"8"
"species",194,194,1001,532,320.914435354739,"8"
"species",195,195,1779,634,47.220755033195,"8"
"species",196,196,1740,610,11.5878555672243,"2"
"species",197,197,1852,609,176.854261729163,"8"
"species",198,198,1798,612,75.9409369685989,"2"
"species",199,199,900,580,84.4146357998252,"21"
"species",200,200,1197,434,7474.92333781734,"13"
"species",201,201,976,615,73.5593874976039,"8"
"species",202,202,1073,630,238.961775648925,"21"
"species",203,203,1025,623,72.3452824388922,"8"
"species",204,204,892,568,83.7265672609595,"1"
"species",205,205,1057,487,104.15111945563,"1"
"species",206,206,1010,654,61.3606121771674,"21"
"species",207,207,968,704,44.0877679847181,"8"
"species",208,208,1782,641,43.6482142359052,"8"
"species",209,209,1573,570,30.277037570253,"8"
"species",210,210,1110,469,78.3151115960733,"2"
"species",211,211,919,568,84.4146356284618,"21"
"species",212,212,985,499,130.557835750315,"21"
"species",213,213,1106,476,165.491937591492,"2"
"species",214,214,1120,459,88.0351059287786,"8"
"species",215,215,1029,577,69.1010578315338,"8"
"species",216,216,937,543,806.290589398189,"21"
"species",217,217,1080,505,35.1086798943579,"2"
"species",218,218,1110,507,12.315577311445,"2"
"species",219,219,907,648,83.6362812817097,"21"
"species",220,220,1057,475,88.0344379469752,"8"
"species",221,221,1052,564,115.067285270926,"21"
"species",222,222,1777,643,47.2207546718419,"8"
"species",223,223,1080,478,54.6680502146482,"1"
"species",224,224,1030,538,62.248334441334,"8"
"species",225,225,1088,600,129.609715282917,"8"
"species",226,226,986,587,79.2572473711705,"8"
"species",227,227,879,598,134.630768888697,"8"
"species",228,228,1044,592,127.906619898768,"8"
"species",229,229,965,556,186.408217311595,"8"
"species",230,230,1378,590,42.4965386908885,"8"
"species",231,231,1096,605,124.833370334518,"8"
"species",232,232,1042,653,238.961779713631,"8"
"species",233,233,1141,496,15.7846008691268,"2"
"species",234,234,1796,633,47.1156765409048,"8"
"species",235,235,1596,582,32.292541336323,"2"
"species",236,236,1099,477,165.039366231035,"21"
"species",237,237,1104,505,13.8539518566722,"2"
"species",238,238,1089,471,86.4820647016262,"21"
"species",239,239,1073,509,35.1086794473231,"2"
"species",240,240,966,700,69.2006483003497,"1"
"species",241,241,1863,661,28.7210868895054,"2"
"species",242,242,1198,497,12.2851085942239,"2"
"species",243,243,1558,564,20.3424272836825,"8"
"species",244,244,1086,586,125.47870058582,"21"
"species",245,245,920,594,312.835780113746,"8"
"species",246,246,1108,457,107.925045762844,"21"
"species",247,247,966,547,158.220933534444,"8"
"species",248,248,1011,514,171.82033892101,"8"
"species",249,249,938,565,167.324439927331,"1"
"species",250,250,849,833,67.6104277043304,"8"
"species",251,251,803,924,76.5618063360453,"8"
"species",252,252,1766,609,35.9207258988501,"2"
"species",253,253,1197,518,12.2851089350879,"2"
"species",254,254,1337,481,16.1109504252672,"2"
"species",255,255,987,574,116.694539615059,"21"
"species",256,256,1592,584,34.5312207005856,"2"
"species",257,257,1034,565,89.7320844903139,"21"
"species",258,258,1066,481,54.6680496074259,"21"
"species",259,259,920,747,62.004003896807,"1"
"species",260,260,889,599,83.5130732804537,"21"
"species",261,261,964,545,159.741824761033,"21"
"species",262,262,1162,466,906.548761773835,"2"
"species",263,263,1204,441,7778.8624656381,"13"
"species",264,264,870,578,155.442969158265,"8"
"species",265,265,913,967,59.181937965254,"21"
"species",266,266,951,910,77.9810213446617,"1"
"species",267,267,1605,587,45.3161178044975,"8"
"species",268,268,1082,480,115.097683270647,"2"
"species",269,269,1176,490,12.3009483870196,"2"
"species",270,270,1089,561,48.3054570219383,"1"
"species",271,271,873,858,76.5618061572313,"1"
"species",272,272,990,763,39.9390476902274,"21"
"species",273,273,1076,473,54.6680506318808,"1"
"species",274,274,1086,538,62.1468408405781,"1"
"species",275,275,1106,474,88.0344391837716,"1"
"species",276,276,1274,497,39.9404731355608,"2"
"species",277,277,991,670,85.847209631669,"1"
"species",278,278,1115,546,48.7409245334566,"1"
"species",279,279,1351,478,16.1109505612403,"2"
"species",280,280,1081,486,54.6694134548314,"1"
"species",281,281,1128,499,66.4852636307478,"1"
"species",282,282,1198,464,83.3472274008163,"21"
"species",283,283,1063,596,129.609715506434,"1"
"species",284,284,1239,454,104.970841154939,"21"
"species",285,285,978,603,71.6069178655772,"1"
"species",286,286,1164,447,960.912940214209,"2"
"species",287,287,1024,522,323.655341917328,"8"
"species",288,288,938,561,97.1797563583181,"21"
"species",289,289,1371,442,18.8938369400052,"2"
"species",290,290,1095,535,1252.72971254574,"13"
"species",291,291,1642,565,50.3564276984964,"14"
"species",292,292,920,609,151.918412939029,"1"
"species",293,293,1078,542,4830.73824167899,"13"
"species",294,294,1490,551,15.3538834964856,"2"
"species",295,295,1647,606,13.2285397276406,"2"
"species",296,296,1467,511,15.353883607313,"2"
"species",297,297,1611,579,45.3161173127592,"2"
"species",298,298,1523,507,7.9945728671737,"2"
"species",299,299,1844,617,44.1872628453217,"8"
"species",300,300,895,610,146.653956130147,"1"
"species",301,301,945,610,155.333248704672,"8"
"species",302,302,1317,477,128.83013041877,"8"
"species",303,303,1250,456,90.8218683747587,"8"
"species",304,304,906,712,69.1228164508863,"8"
"species",305,305,897,598,132.184007048677,"8"
"species",306,306,933,630,153.254177317023,"1"
"species",307,307,1064,490,126.426542361515,"1"
"species",308,308,935,555,100.991320170463,"21"
"species",309,309,1135,468,263.444989115,"3"
"species",310,310,1251,443,8061.15866708758,"13"
"species",311,311,1080,600,184.574490365929,"21"
"species",312,312,1083,576,183.451147564766,"1"
"species",313,313,1252,521,55.0739769637585,"9"
"species",314,314,992,532,86.1829177811742,"8"
"species",315,315,1362,455,42.3054869301212,"2"
"species",316,316,925,981,59.1819366216659,"8"
"species",317,317,978,683,61.4570070505726,"1"
"species",318,318,908,598,115.966193102984,"8"
"species",319,319,1039,490,35.3848283284283,"9"
"species",320,320,999,763,176.495579040051,"8"
"species",321,321,1087,646,38.5946503132582,"1"
"species",322,322,1131,510,598.404038678792,"21"
"species",323,323,1097,490,173.278222680092,"21"
"species",324,324,706,1042,76.5618032167355,"8"
"species",325,325,936,773,76.5618055313825,"21"
"species",326,326,913,607,152.971058637214,"8"
"species",327,327,1210,438,8061.5103550324,"13"
"species",328,328,926,880,77.9810217544436,"1"
"species",329,329,1188,493,12.2851083995774,"9"
"species",330,330,1640,623,17.8687501810463,"2"
"species",331,331,1054,491,109.221915505826,"1"
"species",332,332,1146,500,192.811159670353,"13"
"species",333,333,1792,617,23.9018094595522,"2"
"species",334,334,1116,468,27.3929609656334,"2"
"species",335,335,1166,435,688.487962215296,"2"
"species",336,336,1125,474,129.253577847939,"2"
"species",337,337,1598,621,93.2638180553913,"2"
"species",338,338,1064,499,22.6926351059228,"8"
"species",339,339,1831,591,186.757497209567,"2"
"species",340,340,1033,514,35.1086789220571,"2"
"species",341,341,1059,473,62.3651180937886,"13"
"species",342,342,1818,626,122.990949448252,"2"
"species",343,343,1608,617,31.6483794748783,"8"
"species",344,344,1627,608,31.6483794655651,"2"
"species",345,345,1369,456,21.8033536616713,"2"
"species",346,346,1791,629,11.5878554349765,"2"
"species",347,347,1227,481,160.471183933861,"2"
"species",348,348,1173,456,1105.4778934441,"2"
"species",349,349,1841,589,200.918732985854,"8"
"species",350,350,1605,633,31.6483796369284,"8"
"species",351,351,1717,622,17.962627187285,"8"
"species",352,352,1144,503,285.836834281683,"13"
"species",353,353,952,521,93.9750591426943,"9"
"species",354,354,1063,595,241.844744250128,"8"
"species",355,355,1176,431,1166.66547977839,"2"
"species",356,356,789,1026,76.6201695204042,"8"
"species",357,357,1333,626,29.3296746928245,"21"
"species",358,358,980,678,62.3216744589537,"8"
"species",359,359,1021,570,124.141595222089,"1"
"species",360,360,928,577,180.454835669883,"8"
"species",361,361,1092,528,122.927871868014,"21"
"species",362,362,924,610,155.304796770209,"1"
"species",363,363,964,546,223.088214527917,"1"
"species",364,364,1087,551,120.577222399776,"1"
"species",365,365,1116,515,58.0375978761024,"8"
"species",366,366,1109,579,124.207229882479,"8"
"species",367,367,1036,686,38.5946506746113,"8"
"species",368,368,935,576,168.516099060626,"8"
"species",369,369,1194,462,107.314191691577,"21"
"species",370,370,1092,483,54.6680503338575,"1"
"species",371,371,953,1000,77.3352283188887,"21"
"species",372,372,936,623,146.653951853514,"8"
"species",373,373,1058,477,73.26043041262,"21"
"species",374,374,957,615,188.625376090407,"1"
"species",375,375,1824,614,87.858300819993,"8"
"species",376,376,1453,493,9.26985023450106,"2"
"species",377,377,1050,500,146.4645950526,"2"
"species",378,378,1040,660,255.986698629109,"8"
"species",379,379,1161,442,749.019567365992,"13"
"species",380,380,1044,504,277.491355446753,"21"
"species",381,381,1268,524,12.2851083208289,"9"
"species",382,382,1005,507,61.617795797561,"8"
"species",383,383,1556,566,19.6327603049576,"2"
"species",384,384,1339,454,90.8156102687284,"8"
"species",385,385,1372,463,21.8033544383943,"2"
"species",386,386,1603,587,339.511108735423,"2"
"species",387,387,1074,625,723.699561635956,"21"
"species",388,388,1623,559,45.9121850654483,"8"
"species",389,389,1549,550,8.32851382065564,"15"
"species",390,390,1347,478,39.9404726289213,"2"
"species",391,391,1121,458,62.1432975009084,"2"
