"species","x","y","bio4","bio16","gpw2000_30_sec","swa_2000lulc_2km"
"species",1,1,1204,451,2899.69592447146,"13"
"species",2,2,1191,447,4778.3535200576,"13"
"species",3,3,1213,447,6978.69307396515,"13"
"species",4,4,1115,487,427.014916744046,"8"
"species",5,5,1642,565,50.3564276984964,"14"
"species",6,6,1083,576,183.451147564766,"1"
"species",7,7,1804,641,47.2207539305091,"8"
"species",8,8,1509,509,7.99457306601107,"2"
"species",9,9,1478,502,8.32851387560368,"2"
"species",10,10,1333,472,62.6776542666429,"8"
"species",11,11,1146,455,62.1432976163924,"1"
"species",12,12,1529,521,7.99457302037627,"2"
"species",13,13,1500,513,7.99457290675491,"2"
"species",14,14,1432,502,16.1109280027449,"2"
"species",15,15,1491,503,7.99457292305306,"2"
"species",16,16,1541,521,7.99457294121385,"2"
"species",17,17,1284,477,161.988638661702,"2"
"species",18,18,1077,487,217.830595209639,"2"
"species",19,19,1070,496,146.464596047997,"2"
"species",20,20,1538,514,8.00364848133137,"2"
"species",21,21,1537,604,26.9378393491442,"2"
"species",22,22,1525,512,8.32848954293877,"2"
"species",23,23,1507,509,7.9945730199106,"2"
"species",24,24,1042,498,24.8780285513535,"15"
"species",25,25,1783,641,47.2207547947764,"8"
"species",26,26,1471,505,15.2223088237981,"2"
"species",27,27,1740,610,11.5878555672243,"2"
"species",28,28,1607,595,31.6483786981553,"2"
"species",29,29,1594,581,30.2770377900451,"2"
"species",30,30,1478,503,8.27811791016837,"2"
"species",31,31,1766,609,35.9207258988501,"2"
"species",32,32,1097,489,197.977926503695,"13"
"species",33,33,1553,539,8.32851382251829,"8"
"species",34,34,1315,555,29.3296754080802,"2"
"species",35,35,1108,494,47.3733411873915,"2"
"species",36,36,1573,570,30.277037570253,"8"
"species",37,37,1106,476,165.491937591492,"2"
"species",38,38,1552,621,31.2509430814643,"8"
"species",39,39,1796,633,47.1156765409048,"8"
"species",40,40,1229,464,70.7765333136538,"8"
"species",41,41,1176,472,696.131098663919,"8"
"species",42,42,1545,531,8.32851396035403,"2"
"species",43,43,1414,454,9.26985036861151,"2"
"species",44,44,1067,499,35.1086770743132,"9"
"species",45,45,922,569,84.4146358892321,"21"
"species",46,46,907,813,76.5618053823709,"8"
"species",47,47,1023,504,37.7663246187685,"21"
"species",48,48,1197,518,12.2851089350879,"2"
"species",49,49,1076,480,38.7746027521789,"2"
"species",50,50,1779,634,47.220755033195,"8"
"species",51,51,1798,638,47.2207547165453,"2"
"species",52,52,1405,493,15.7690338735744,"2"
"species",53,53,1784,641,47.2207553908229,"8"
"species",54,54,1798,612,75.9409369685989,"2"
"species",55,55,1831,605,186.501428291161,"2"
"species",56,56,1572,576,30.2770382035524,"8"
"species",57,57,1644,633,31.6483791377395,"8"
"species",58,58,1782,641,43.6482142359052,"8"
"species",59,59,1544,594,13.5638846801594,"2"
"species",60,60,1351,478,16.1109505612403,"2"
"species",61,61,1061,492,146.464593266447,"9"
"species",62,62,1261,480,28.0261333286762,"2"
"species",63,63,1536,527,8.32851371634752,"2"
"species",64,64,1251,443,8061.15866708758,"13"
"species",65,65,1813,601,208.561102695262,"8"
"species",66,66,1202,424,2541.33152061048,"13"
"species",67,67,1068,619,188.624616429209,"8"
"species",68,68,1050,626,725.935875157181,"3"
"species",69,69,1329,464,21.8033534791321,"8"
"species",70,70,1125,492,282.603847504154,"21"
"species",71,71,1065,509,155.835730493069,"21"
"species",72,72,1639,583,47.5090109109879,"8"
"species",73,73,1220,457,140.738053198994,"2"
"species",74,74,1333,626,29.3296746928245,"21"
"species",75,75,1107,475,156.562285086921,"2"
"species",76,76,1192,460,104.665094532073,"3"
"species",77,77,1482,523,15.3538834815845,"2"
"species",78,78,1226,469,28.0261338762939,"2"
"species",79,79,1614,590,87.67247442167,"2"
"species",80,80,1480,535,15.353883610107,"2"
"species",81,81,1577,536,8.32851378899068,"8"
"species",82,82,1473,510,13.3748521375617,"8"
"species",83,83,1337,453,91.2736179843693,"2"
"species",84,84,1461,572,13.5638846941292,"2"
"species",85,85,1520,512,7.99457297800109,"2"
"species",86,86,1054,491,109.221915505826,"1"
"species",87,87,1485,494,7.99457300733775,"8"
"species",88,88,1593,585,312.550658388249,"8"
"species",89,89,1523,507,7.9945728671737,"2"
"species",90,90,1482,516,8.04668484489577,"2"
"species",91,91,1581,559,14.4865802058855,"2"
"species",92,92,1499,516,7.99457284202799,"2"
"species",93,93,1050,500,146.4645950526,"2"
"species",94,94,1040,660,255.986698629109,"8"
"species",95,95,1117,478,135.423115963124,"21"
"species",96,96,1161,442,749.019567365992,"13"
"species",97,97,1044,504,277.491355446753,"21"
