"species","x","y","bio4","bio16","gpw2000_30_sec","simplelc2000"
"species",1,1,942,940,77.9810180664062,"1"
"species",2,2,924,610,155.333251953125,"1"
"species",3,3,1078,544,4871.93212890625,"5"
"species",4,4,1065,574,192.811157226562,"1"
"species",5,5,935,555,101.111183166504,"1"
"species",6,6,935,571,84.4146347045898,"1"
"species",7,7,975,550,195.669509887695,"1"
"species",8,8,938,558,434.030548095703,"1"
"species",9,9,893,604,72.4451370239258,"1"
"species",10,10,1136,506,56.9827575683594,"3"
"species",11,11,893,605,111.445602416992,"1"
"species",12,12,1038,523,332.797729492188,"4"
"species",13,13,1144,503,285.836822509766,"5"
"species",14,14,904,599,107.036804199219,"4"
"species",15,15,1020,551,89.7815017700195,"5"
"species",16,16,1042,653,238.961776733398,"4"
"species",17,17,1077,509,142.360275268555,"1"
"species",18,18,960,604,159.050857543945,"4"
"species",19,19,1027,649,223.690246582031,"4"
"species",20,20,1067,498,155.835739135742,"3"
"species",21,21,1045,484,70.8800277709961,"4"
"species",22,22,966,547,158.686813354492,"4"
"species",23,23,937,543,827.052429199219,"1"
"species",24,24,995,555,226.575698852539,"4"
"species",25,25,892,602,83.5130767822266,"1"
"species",26,26,991,749,44.0877685546875,"4"
"species",27,27,1054,627,261.49072265625,"4"
"species",28,28,1091,601,47.1806297302246,"4"
"species",29,29,964,599,155.333251953125,"1"
"species",30,30,929,586,83.513069152832,"4"
"species",31,31,964,551,103.642074584961,"1"
"species",32,32,1108,494,46.1702079772949,"2"
"species",33,33,1108,478,30.9381942749023,"2"
"species",34,34,1179,509,12.2851095199585,"2"
"species",35,35,1073,509,35.1086807250977,"2"
"species",36,36,803,924,76.5618057250977,"4"
"species",37,37,1023,504,38.1871681213379,"1"
"species",38,38,894,593,79.883056640625,"1"
"species",39,39,925,637,69.2006454467773,"4"
"species",40,40,974,608,73.5590972900391,"4"
"species",41,41,889,599,83.513069152832,"1"
"species",42,42,1076,473,54.6680526733398,"1"
"species",43,43,1086,538,62.1468391418457,"1"
"species",44,44,1106,474,88.0344390869141,"1"
"species",45,45,991,670,86.853271484375,"1"
"species",46,46,1115,546,48.7409248352051,"1"
"species",47,47,1063,596,129.609710693359,"1"
"species",48,48,929,606,155.193725585938,"4"
"species",49,49,951,891,171.856338500977,"4"
"species",50,50,1093,613,249.174423217773,"4"
"species",51,51,1083,576,183.593200683594,"1"
"species",52,52,1146,500,192.811157226562,"5"
"species",53,53,919,568,84.4146347045898,"1"
"species",54,54,990,763,39.7274856567383,"1"
"species",55,55,895,610,146.653961181641,"1"
"species",56,56,1081,532,122.911354064941,"1"
"species",57,57,1077,516,122.927871704102,"1"
"species",58,58,926,603,155.333251953125,"1"
"species",59,59,980,678,63.4815444946289,"4"
"species",60,60,1125,492,281.844116210938,"1"
"species",61,61,873,858,76.5618057250977,"1"
"species",62,62,1089,561,47.3731651306152,"1"
"species",63,63,964,546,234.305709838867,"1"
"species",64,64,1064,499,22.6926345825195,"4"
"species",65,65,1100,602,47.1806297302246,"1"
"species",66,66,1080,600,187.962844848633,"1"
"species",67,67,992,532,86.1829147338867,"4"
"species",68,68,1181,561,56.8976173400879,"1"
"species",69,69,995,561,83.513069152832,"4"
"species",70,70,920,607,78.6185455322266,"4"
"species",71,71,923,560,84.4146347045898,"1"
"species",72,72,1006,650,55.1219367980957,"1"
"species",73,73,1048,522,69.7099914550781,"4"
"species",74,74,854,601,153.254180908203,"5"
"species",75,75,891,606,141.598220825195,"1"
"species",76,76,1077,566,48.7409248352051,"4"
